#B	Created:	09.09.2017 13:59:22
##	Version	SeaStar	7.49
#5	Field separation:	0
#2	Date & Time:	1
#6	Decimal point:	,
#7	Date def.:	dd.mm.yyyy	.
#8	Time def.:	:
##	Axis	0	Temperature(°C)	clRed	FALSE
##	Axis	1	Depth(m)	clBlue	TRUE
##	Series	0	Temp(°C)	clRed	0	Temp(°C)	2
##	Series	1	Depth(m)	clBlue	1	Depth(m)	2
##	Recorder	58	DST centi	8047
##	Chart	58C8047DAT	
#D	Data:	894	09.09.2017 11:30:00	09.09.2017 13:58:50
1	09.09.2017 11:30:00,000	19,45	0,00
2	09.09.2017 11:30:10,000	19,36	0,00
3	09.09.2017 11:30:20,000	19,27	0,00
4	09.09.2017 11:30:30,000	19,18	0,00
5	09.09.2017 11:30:40,000	19,09	0,00
6	09.09.2017 11:30:50,000	19,00	0,00
7	09.09.2017 11:31:00,000	18,89	0,00
8	09.09.2017 11:31:10,000	18,80	0,00
9	09.09.2017 11:31:20,000	12,32	3,76
10	09.09.2017 11:31:30,000	10,39	4,22
11	09.09.2017 11:31:40,000	7,64	5,69
12	09.09.2017 11:31:50,000	5,83	5,25
13	09.09.2017 11:32:00,000	4,82	4,22
14	09.09.2017 11:32:10,000	4,20	4,91
15	09.09.2017 11:32:20,000	3,79	6,02
16	09.09.2017 11:32:30,000	3,45	6,71
17	09.09.2017 11:32:40,000	3,11	7,63
18	09.09.2017 11:32:50,000	2,89	6,81
19	09.09.2017 11:33:00,000	2,73	6,26
20	09.09.2017 11:33:10,000	2,62	6,19
21	09.09.2017 11:33:20,000	2,50	6,12
22	09.09.2017 11:33:30,000	2,43	6,30
23	09.09.2017 11:33:40,000	2,43	6,75
24	09.09.2017 11:33:50,000	2,35	6,25
25	09.09.2017 11:34:00,000	2,31	6,22
26	09.09.2017 11:34:10,000	2,31	6,45
27	09.09.2017 11:34:20,000	2,27	6,65
28	09.09.2017 11:34:30,000	2,27	7,78
29	09.09.2017 11:34:40,000	2,23	9,11
30	09.09.2017 11:34:50,000	2,20	9,99
31	09.09.2017 11:35:00,000	2,20	10,45
32	09.09.2017 11:35:10,000	2,16	9,97
33	09.09.2017 11:35:20,000	2,16	9,74
34	09.09.2017 11:35:30,000	2,16	9,07
35	09.09.2017 11:35:40,000	2,16	8,61
36	09.09.2017 11:35:50,000	2,16	8,39
37	09.09.2017 11:36:00,000	2,16	8,16
38	09.09.2017 11:36:10,000	2,16	7,71
39	09.09.2017 11:36:20,000	2,16	7,94
40	09.09.2017 11:36:30,000	2,16	7,94
41	09.09.2017 11:36:40,000	2,16	8,16
42	09.09.2017 11:36:50,000	2,16	9,07
43	09.09.2017 11:37:00,000	2,16	10,20
44	09.09.2017 11:37:10,000	2,16	11,33
45	09.09.2017 11:37:20,000	2,16	12,46
46	09.09.2017 11:37:30,000	2,16	13,59
47	09.09.2017 11:37:40,000	2,16	14,94
48	09.09.2017 11:37:50,000	1,96	15,95
49	09.09.2017 11:38:00,000	1,26	16,64
50	09.09.2017 11:38:10,000	1,02	16,72
51	09.09.2017 11:38:20,000	0,86	16,62
52	09.09.2017 11:38:30,000	0,74	16,55
53	09.09.2017 11:38:40,000	0,70	16,52
54	09.09.2017 11:38:50,000	0,58	16,67
55	09.09.2017 11:39:00,000	0,54	16,65
56	09.09.2017 11:39:10,000	0,50	16,62
57	09.09.2017 11:39:20,000	0,74	16,09
58	09.09.2017 11:39:30,000	0,54	16,19
59	09.09.2017 11:39:40,000	0,50	16,17
60	09.09.2017 11:39:50,000	0,42	16,34
61	09.09.2017 11:40:00,000	0,42	16,12
62	09.09.2017 11:40:10,000	0,54	16,19
63	09.09.2017 11:40:20,000	1,30	15,76
64	09.09.2017 11:40:30,000	1,14	16,57
65	09.09.2017 11:40:40,000	0,70	17,43
66	09.09.2017 11:40:50,000	0,54	17,33
67	09.09.2017 11:41:00,000	0,26	17,60
68	09.09.2017 11:41:10,000	0,34	17,43
69	09.09.2017 11:41:20,000	0,30	17,85
70	09.09.2017 11:41:30,000	0,26	16,92
71	09.09.2017 11:41:40,000	0,34	16,97
72	09.09.2017 11:41:50,000	0,34	16,75
73	09.09.2017 11:42:00,000	0,38	16,77
74	09.09.2017 11:42:10,000	0,38	16,55
75	09.09.2017 11:42:20,000	0,38	16,32
76	09.09.2017 11:42:30,000	1,10	15,19
77	09.09.2017 11:42:40,000	1,53	15,23
78	09.09.2017 11:42:50,000	1,73	15,13
79	09.09.2017 11:43:00,000	1,85	15,43
80	09.09.2017 11:43:10,000	1,89	15,68
81	09.09.2017 11:43:20,000	1,50	16,79
82	09.09.2017 11:43:30,000	0,86	17,75
83	09.09.2017 11:43:40,000	0,42	18,38
84	09.09.2017 11:43:50,000	0,26	17,60
85	09.09.2017 11:44:00,000	0,26	16,92
86	09.09.2017 11:44:10,000	0,34	16,29
87	09.09.2017 11:44:20,000	0,34	16,29
88	09.09.2017 11:44:30,000	0,26	16,70
89	09.09.2017 11:44:40,000	0,30	16,27
90	09.09.2017 11:44:50,000	0,46	16,14
91	09.09.2017 11:45:00,000	0,54	16,65
92	09.09.2017 11:45:10,000	0,42	17,02
93	09.09.2017 11:45:20,000	0,14	17,53
94	09.09.2017 11:45:30,000	-0,02	18,33
95	09.09.2017 11:45:40,000	-0,19	18,90
96	09.09.2017 11:45:50,000	-0,31	19,51
97	09.09.2017 11:46:00,000	-0,39	20,36
98	09.09.2017 11:46:10,000	-0,43	20,79
99	09.09.2017 11:46:20,000	-0,31	21,77
100	09.09.2017 11:46:30,000	-0,35	22,88
101	09.09.2017 11:46:40,000	-0,43	23,73
102	09.09.2017 11:46:50,000	-0,39	24,89
103	09.09.2017 11:47:00,000	-0,31	26,07
104	09.09.2017 11:47:10,000	-0,31	27,20
105	09.09.2017 11:47:20,000	-0,35	28,31
106	09.09.2017 11:47:30,000	-0,48	29,37
107	09.09.2017 11:47:40,000	-0,39	30,55
108	09.09.2017 11:47:50,000	-0,39	31,46
109	09.09.2017 11:48:00,000	-0,35	32,84
110	09.09.2017 11:48:10,000	-0,27	34,03
111	09.09.2017 11:48:20,000	-0,15	35,46
112	09.09.2017 11:48:30,000	-0,19	36,80
113	09.09.2017 11:48:40,000	-0,11	38,21
114	09.09.2017 11:48:50,000	0,22	39,55
115	09.09.2017 11:49:00,000	0,38	41,01
116	09.09.2017 11:49:10,000	0,50	42,45
117	09.09.2017 11:49:20,000	0,74	43,51
118	09.09.2017 11:49:30,000	0,82	45,15
119	09.09.2017 11:49:40,000	0,74	46,46
120	09.09.2017 11:49:50,000	0,66	48,22
121	09.09.2017 11:50:00,000	0,66	49,58
122	09.09.2017 11:50:10,000	0,62	51,15
123	09.09.2017 11:50:20,000	0,62	52,74
124	09.09.2017 11:50:30,000	0,54	54,28
125	09.09.2017 11:50:40,000	0,42	56,02
126	09.09.2017 11:50:50,000	0,38	57,35
127	09.09.2017 11:51:00,000	0,26	58,87
128	09.09.2017 11:51:10,000	0,22	60,66
129	09.09.2017 11:51:20,000	0,22	61,80
130	09.09.2017 11:51:30,000	0,06	63,51
131	09.09.2017 11:51:40,000	-0,07	65,02
132	09.09.2017 11:51:50,000	0,06	66,69
133	09.09.2017 11:52:00,000	0,02	68,26
134	09.09.2017 11:52:10,000	-0,11	69,77
135	09.09.2017 11:52:20,000	-0,43	71,84
136	09.09.2017 11:52:30,000	-0,52	73,38
137	09.09.2017 11:52:40,000	-0,56	75,17
138	09.09.2017 11:52:50,000	-0,56	77,22
139	09.09.2017 11:53:00,000	-0,60	79,24
140	09.09.2017 11:53:10,000	-0,64	81,49
141	09.09.2017 11:53:20,000	-0,68	83,51
142	09.09.2017 11:53:30,000	-0,77	85,96
143	09.09.2017 11:53:40,000	-0,81	88,21
144	09.09.2017 11:53:50,000	-0,89	90,21
145	09.09.2017 11:54:00,000	-0,97	92,66
146	09.09.2017 11:54:10,000	-1,01	94,91
147	09.09.2017 11:54:20,000	-1,06	97,16
148	09.09.2017 11:54:30,000	-1,10	99,41
149	09.09.2017 11:54:40,000	-1,14	101,66
150	09.09.2017 11:54:50,000	-1,18	103,91
151	09.09.2017 11:55:00,000	-1,22	106,16
152	09.09.2017 11:55:10,000	-1,27	107,96
153	09.09.2017 11:55:20,000	-1,27	110,47
154	09.09.2017 11:55:30,000	-1,31	112,26
155	09.09.2017 11:55:40,000	-1,31	114,08
156	09.09.2017 11:55:50,000	-1,31	115,45
157	09.09.2017 11:56:00,000	-1,35	117,02
158	09.09.2017 11:56:10,000	-1,35	118,39
159	09.09.2017 11:56:20,000	-1,35	119,76
160	09.09.2017 11:56:30,000	-1,35	120,89
161	09.09.2017 11:56:40,000	-1,39	122,01
162	09.09.2017 11:56:50,000	-1,39	122,92
163	09.09.2017 11:57:00,000	-1,39	124,06
164	09.09.2017 11:57:10,000	-1,39	124,51
165	09.09.2017 11:57:20,000	-1,39	125,43
166	09.09.2017 11:57:30,000	-1,39	126,57
167	09.09.2017 11:57:40,000	-1,39	127,48
168	09.09.2017 11:57:50,000	-1,39	128,16
169	09.09.2017 11:58:00,000	-1,39	129,30
170	09.09.2017 11:58:10,000	-1,39	130,44
171	09.09.2017 11:58:20,000	-1,39	131,35
172	09.09.2017 11:58:30,000	-1,39	132,27
173	09.09.2017 11:58:40,000	-1,39	133,18
174	09.09.2017 11:58:50,000	-1,39	134,09
175	09.09.2017 11:59:00,000	-1,39	135,00
176	09.09.2017 11:59:10,000	-1,35	135,48
177	09.09.2017 11:59:20,000	-1,35	136,62
178	09.09.2017 11:59:30,000	-1,35	137,31
179	09.09.2017 11:59:40,000	-1,35	138,22
180	09.09.2017 11:59:50,000	-1,35	139,13
181	09.09.2017 12:00:00,000	-1,35	140,04
182	09.09.2017 12:00:10,000	-1,35	140,96
183	09.09.2017 12:00:20,000	-1,35	142,32
184	09.09.2017 12:00:30,000	-1,35	143,24
185	09.09.2017 12:00:40,000	-1,31	144,86
186	09.09.2017 12:00:50,000	-1,31	146,23
187	09.09.2017 12:01:00,000	-1,31	147,82
188	09.09.2017 12:01:10,000	-1,27	149,45
189	09.09.2017 12:01:20,000	-1,22	151,07
190	09.09.2017 12:01:30,000	-1,14	152,95
191	09.09.2017 12:01:40,000	-1,10	154,80
192	09.09.2017 12:01:50,000	-1,06	156,65
193	09.09.2017 12:02:00,000	-1,06	158,93
194	09.09.2017 12:02:10,000	-1,01	161,01
195	09.09.2017 12:02:20,000	-0,97	162,63
196	09.09.2017 12:02:30,000	-0,93	164,94
197	09.09.2017 12:02:40,000	-0,89	167,02
198	09.09.2017 12:02:50,000	-0,89	168,84
199	09.09.2017 12:03:00,000	-0,81	170,72
200	09.09.2017 12:03:10,000	-0,77	172,80
201	09.09.2017 12:03:20,000	-0,68	175,13
202	09.09.2017 12:03:30,000	-0,64	177,44
203	09.09.2017 12:03:40,000	-0,52	179,34
204	09.09.2017 12:03:50,000	-0,43	181,45
205	09.09.2017 12:04:00,000	-0,35	183,33
206	09.09.2017 12:04:10,000	-0,31	185,40
207	09.09.2017 12:04:20,000	-0,27	187,26
208	09.09.2017 12:04:30,000	-0,27	188,62
209	09.09.2017 12:04:40,000	-0,23	190,25
210	09.09.2017 12:04:50,000	-0,23	191,84
211	09.09.2017 12:05:00,000	-0,19	193,01
212	09.09.2017 12:05:10,000	-0,19	194,38
213	09.09.2017 12:05:20,000	-0,19	195,52
214	09.09.2017 12:05:30,000	-0,15	196,91
215	09.09.2017 12:05:40,000	-0,15	197,83
216	09.09.2017 12:05:50,000	-0,15	198,97
217	09.09.2017 12:06:00,000	-0,15	199,88
218	09.09.2017 12:06:10,000	-0,11	200,82
219	09.09.2017 12:06:20,000	-0,11	201,27
220	09.09.2017 12:06:30,000	-0,11	201,73
221	09.09.2017 12:06:40,000	-0,11	202,41
222	09.09.2017 12:06:50,000	-0,11	202,87
223	09.09.2017 12:07:00,000	-0,11	203,33
224	09.09.2017 12:07:10,000	-0,07	203,81
225	09.09.2017 12:07:20,000	-0,07	204,04
226	09.09.2017 12:07:30,000	-0,07	203,58
227	09.09.2017 12:07:40,000	-0,07	203,13
228	09.09.2017 12:07:50,000	-0,07	201,98
229	09.09.2017 12:08:00,000	-0,11	200,82
230	09.09.2017 12:08:10,000	-0,11	199,45
231	09.09.2017 12:08:20,000	-0,11	197,85
232	09.09.2017 12:08:30,000	-0,11	196,26
233	09.09.2017 12:08:40,000	-0,15	194,86
234	09.09.2017 12:08:50,000	-0,15	193,26
235	09.09.2017 12:09:00,000	-0,15	191,90
236	09.09.2017 12:09:10,000	-0,19	190,04
237	09.09.2017 12:09:20,000	-0,19	188,68
238	09.09.2017 12:09:30,000	-0,19	186,85
239	09.09.2017 12:09:40,000	-0,19	185,25
240	09.09.2017 12:09:50,000	-0,19	183,88
241	09.09.2017 12:10:00,000	-0,27	182,24
242	09.09.2017 12:10:10,000	-0,31	180,61
243	09.09.2017 12:10:20,000	-0,35	178,99
244	09.09.2017 12:10:30,000	-0,43	177,80
245	09.09.2017 12:10:40,000	-0,48	176,18
246	09.09.2017 12:10:50,000	-0,56	174,75
247	09.09.2017 12:11:00,000	-0,64	173,33
248	09.09.2017 12:11:10,000	-0,68	172,17
249	09.09.2017 12:11:20,000	-0,72	171,68
250	09.09.2017 12:11:30,000	-0,77	170,97
251	09.09.2017 12:11:40,000	-0,77	170,75
252	09.09.2017 12:11:50,000	-0,77	170,52
253	09.09.2017 12:12:00,000	-0,77	170,97
254	09.09.2017 12:12:10,000	-0,77	170,75
255	09.09.2017 12:12:20,000	-0,77	171,43
256	09.09.2017 12:12:30,000	-0,77	171,66
257	09.09.2017 12:12:40,000	-0,77	172,57
258	09.09.2017 12:12:50,000	-0,77	173,03
259	09.09.2017 12:13:00,000	-0,72	173,97
260	09.09.2017 12:13:10,000	-0,68	175,13
261	09.09.2017 12:13:20,000	-0,64	176,30
262	09.09.2017 12:13:30,000	-0,56	178,18
263	09.09.2017 12:13:40,000	-0,48	179,83
264	09.09.2017 12:13:50,000	-0,39	181,47
265	09.09.2017 12:14:00,000	-0,35	183,55
266	09.09.2017 12:14:10,000	-0,31	185,63
267	09.09.2017 12:14:20,000	-0,23	187,97
268	09.09.2017 12:14:30,000	-0,23	190,25
269	09.09.2017 12:14:40,000	-0,23	192,76
270	09.09.2017 12:14:50,000	-0,19	195,29
271	09.09.2017 12:15:00,000	-0,19	197,57
272	09.09.2017 12:15:10,000	-0,15	199,88
273	09.09.2017 12:15:20,000	-0,11	202,19
274	09.09.2017 12:15:30,000	-0,07	204,27
275	09.09.2017 12:15:40,000	0,02	206,37
276	09.09.2017 12:15:50,000	0,02	207,74
277	09.09.2017 12:16:00,000	0,06	209,13
278	09.09.2017 12:16:10,000	0,06	210,27
279	09.09.2017 12:16:20,000	0,10	210,98
280	09.09.2017 12:16:30,000	0,10	211,67
281	09.09.2017 12:16:40,000	0,10	211,90
282	09.09.2017 12:16:50,000	0,10	211,90
283	09.09.2017 12:17:00,000	0,10	211,67
284	09.09.2017 12:17:10,000	0,10	211,21
285	09.09.2017 12:17:20,000	0,10	210,53
286	09.09.2017 12:17:30,000	0,10	210,07
287	09.09.2017 12:17:40,000	0,10	208,93
288	09.09.2017 12:17:50,000	0,10	207,79
289	09.09.2017 12:18:00,000	0,06	206,40
290	09.09.2017 12:18:10,000	0,06	205,03
291	09.09.2017 12:18:20,000	0,06	203,66
292	09.09.2017 12:18:30,000	0,06	202,29
293	09.09.2017 12:18:40,000	0,02	200,90
294	09.09.2017 12:18:50,000	-0,02	199,27
295	09.09.2017 12:19:00,000	-0,02	198,13
296	09.09.2017 12:19:10,000	-0,07	196,28
297	09.09.2017 12:19:20,000	-0,11	194,89
298	09.09.2017 12:19:30,000	-0,11	193,75
299	09.09.2017 12:19:40,000	-0,11	192,15
300	09.09.2017 12:19:50,000	-0,15	190,75
301	09.09.2017 12:20:00,000	-0,15	189,39
302	09.09.2017 12:20:10,000	-0,11	187,81
303	09.09.2017 12:20:20,000	-0,15	186,19
304	09.09.2017 12:20:30,000	-0,15	184,60
305	09.09.2017 12:20:40,000	-0,19	182,74
306	09.09.2017 12:20:50,000	-0,23	181,35
307	09.09.2017 12:21:00,000	-0,27	179,73
308	09.09.2017 12:21:10,000	-0,35	178,08
309	09.09.2017 12:21:20,000	-0,43	176,43
310	09.09.2017 12:21:30,000	-0,43	175,29
311	09.09.2017 12:21:40,000	-0,52	174,32
312	09.09.2017 12:21:50,000	-0,56	173,84
313	09.09.2017 12:22:00,000	-0,60	173,36
314	09.09.2017 12:22:10,000	-0,60	173,36
315	09.09.2017 12:22:20,000	-0,60	173,82
316	09.09.2017 12:22:30,000	-0,60	174,04
317	09.09.2017 12:22:40,000	-0,60	174,73
318	09.09.2017 12:22:50,000	-0,56	175,21
319	09.09.2017 12:23:00,000	-0,56	176,12
320	09.09.2017 12:23:10,000	-0,52	177,29
321	09.09.2017 12:23:20,000	-0,52	178,43
322	09.09.2017 12:23:30,000	-0,48	179,60
323	09.09.2017 12:23:40,000	-0,48	180,51
324	09.09.2017 12:23:50,000	-0,39	181,70
325	09.09.2017 12:24:00,000	-0,35	182,87
326	09.09.2017 12:24:10,000	-0,31	184,26
327	09.09.2017 12:24:20,000	-0,27	185,43
328	09.09.2017 12:24:30,000	-0,27	186,34
329	09.09.2017 12:24:40,000	-0,23	187,51
330	09.09.2017 12:24:50,000	-0,19	188,22
331	09.09.2017 12:25:00,000	-0,19	188,68
332	09.09.2017 12:25:10,000	-0,15	189,61
333	09.09.2017 12:25:20,000	-0,15	190,07
334	09.09.2017 12:25:30,000	-0,15	190,75
335	09.09.2017 12:25:40,000	-0,11	191,01
336	09.09.2017 12:25:50,000	-0,11	191,01
337	09.09.2017 12:26:00,000	-0,11	191,24
338	09.09.2017 12:26:10,000	-0,11	191,01
339	09.09.2017 12:26:20,000	-0,11	190,78
340	09.09.2017 12:26:30,000	-0,11	190,55
341	09.09.2017 12:26:40,000	-0,11	190,32
342	09.09.2017 12:26:50,000	-0,11	189,87
343	09.09.2017 12:27:00,000	-0,11	189,41
344	09.09.2017 12:27:10,000	-0,11	188,96
345	09.09.2017 12:27:20,000	-0,11	188,50
346	09.09.2017 12:27:30,000	-0,15	188,02
347	09.09.2017 12:27:40,000	-0,15	187,79
348	09.09.2017 12:27:50,000	-0,15	187,79
349	09.09.2017 12:28:00,000	-0,15	187,56
350	09.09.2017 12:28:10,000	-0,15	187,79
351	09.09.2017 12:28:20,000	-0,15	188,25
352	09.09.2017 12:28:30,000	-0,15	188,93
353	09.09.2017 12:28:40,000	-0,11	189,64
354	09.09.2017 12:28:50,000	-0,11	190,32
355	09.09.2017 12:29:00,000	-0,11	191,46
356	09.09.2017 12:29:10,000	-0,11	192,15
357	09.09.2017 12:29:20,000	-0,11	193,75
358	09.09.2017 12:29:30,000	-0,11	194,89
359	09.09.2017 12:29:40,000	-0,11	196,26
360	09.09.2017 12:29:50,000	-0,11	197,62
361	09.09.2017 12:30:00,000	-0,11	199,22
362	09.09.2017 12:30:10,000	-0,07	200,84
363	09.09.2017 12:30:20,000	-0,07	202,67
364	09.09.2017 12:30:30,000	-0,07	204,27
365	09.09.2017 12:30:40,000	-0,02	205,89
366	09.09.2017 12:30:50,000	-0,02	207,26
367	09.09.2017 12:31:00,000	0,02	208,65
368	09.09.2017 12:31:10,000	0,02	210,02
369	09.09.2017 12:31:20,000	0,02	211,16
370	09.09.2017 12:31:30,000	0,06	212,10
371	09.09.2017 12:31:40,000	0,06	213,01
372	09.09.2017 12:31:50,000	0,06	213,92
373	09.09.2017 12:32:00,000	0,06	214,84
374	09.09.2017 12:32:10,000	0,10	215,32
375	09.09.2017 12:32:20,000	0,10	215,77
376	09.09.2017 12:32:30,000	0,10	216,46
377	09.09.2017 12:32:40,000	0,10	216,69
378	09.09.2017 12:32:50,000	0,10	216,46
379	09.09.2017 12:33:00,000	0,10	216,69
380	09.09.2017 12:33:10,000	0,14	216,48
381	09.09.2017 12:33:20,000	0,10	216,23
382	09.09.2017 12:33:30,000	0,14	215,80
383	09.09.2017 12:33:40,000	0,10	215,09
384	09.09.2017 12:33:50,000	0,10	214,86
385	09.09.2017 12:34:00,000	0,10	213,95
386	09.09.2017 12:34:10,000	0,10	213,72
387	09.09.2017 12:34:20,000	0,10	212,81
388	09.09.2017 12:34:30,000	0,10	212,58
389	09.09.2017 12:34:40,000	0,06	212,10
390	09.09.2017 12:34:50,000	0,06	212,10
391	09.09.2017 12:35:00,000	0,06	212,10
392	09.09.2017 12:35:10,000	0,06	212,33
393	09.09.2017 12:35:20,000	0,06	212,56
394	09.09.2017 12:35:30,000	0,10	213,27
395	09.09.2017 12:35:40,000	0,10	213,72
396	09.09.2017 12:35:50,000	0,10	214,41
397	09.09.2017 12:36:00,000	0,10	215,32
398	09.09.2017 12:36:10,000	0,10	216,00
399	09.09.2017 12:36:20,000	0,10	217,37
400	09.09.2017 12:36:30,000	0,14	218,31
401	09.09.2017 12:36:40,000	0,14	219,68
402	09.09.2017 12:36:50,000	0,14	220,59
403	09.09.2017 12:37:00,000	0,14	221,50
404	09.09.2017 12:37:10,000	0,14	222,19
405	09.09.2017 12:37:20,000	0,18	223,35
406	09.09.2017 12:37:30,000	0,18	224,27
407	09.09.2017 12:37:40,000	0,18	224,95
408	09.09.2017 12:37:50,000	0,18	225,63
409	09.09.2017 12:38:00,000	0,18	226,09
410	09.09.2017 12:38:10,000	0,18	226,77
411	09.09.2017 12:38:20,000	0,18	226,77
412	09.09.2017 12:38:30,000	0,18	226,55
413	09.09.2017 12:38:40,000	0,18	226,32
414	09.09.2017 12:38:50,000	0,18	225,86
415	09.09.2017 12:39:00,000	0,18	225,41
416	09.09.2017 12:39:10,000	0,18	224,95
417	09.09.2017 12:39:20,000	0,18	224,49
418	09.09.2017 12:39:30,000	0,18	224,72
419	09.09.2017 12:39:40,000	0,18	224,49
420	09.09.2017 12:39:50,000	0,18	224,27
421	09.09.2017 12:40:00,000	0,22	224,29
422	09.09.2017 12:40:10,000	0,22	224,52
423	09.09.2017 12:40:20,000	0,22	224,75
424	09.09.2017 12:40:30,000	0,22	224,98
425	09.09.2017 12:40:40,000	0,22	225,43
426	09.09.2017 12:40:50,000	0,22	225,66
427	09.09.2017 12:41:00,000	0,22	226,12
428	09.09.2017 12:41:10,000	0,22	226,80
429	09.09.2017 12:41:20,000	0,22	227,03
430	09.09.2017 12:41:30,000	0,22	227,71
431	09.09.2017 12:41:40,000	0,22	228,17
432	09.09.2017 12:41:50,000	0,22	228,40
433	09.09.2017 12:42:00,000	0,22	228,62
434	09.09.2017 12:42:10,000	0,22	229,08
435	09.09.2017 12:42:20,000	0,22	229,08
436	09.09.2017 12:42:30,000	0,22	229,76
437	09.09.2017 12:42:40,000	0,22	230,22
438	09.09.2017 12:42:50,000	0,22	230,68
439	09.09.2017 12:43:00,000	0,22	230,91
440	09.09.2017 12:43:10,000	0,22	231,59
441	09.09.2017 12:43:20,000	0,22	232,05
442	09.09.2017 12:43:30,000	0,22	232,73
443	09.09.2017 12:43:40,000	0,26	233,21
444	09.09.2017 12:43:50,000	0,26	233,90
445	09.09.2017 12:44:00,000	0,26	234,35
446	09.09.2017 12:44:10,000	0,26	234,81
447	09.09.2017 12:44:20,000	0,26	235,26
448	09.09.2017 12:44:30,000	0,26	235,72
449	09.09.2017 12:44:40,000	0,26	235,95
450	09.09.2017 12:44:50,000	0,26	236,40
451	09.09.2017 12:45:00,000	0,30	236,66
452	09.09.2017 12:45:10,000	0,30	236,66
453	09.09.2017 12:45:20,000	0,30	237,34
454	09.09.2017 12:45:30,000	0,30	237,57
455	09.09.2017 12:45:40,000	0,30	237,80
456	09.09.2017 12:45:50,000	0,30	238,48
457	09.09.2017 12:46:00,000	0,30	238,94
458	09.09.2017 12:46:10,000	0,30	239,39
459	09.09.2017 12:46:20,000	0,30	240,08
460	09.09.2017 12:46:30,000	0,30	240,53
461	09.09.2017 12:46:40,000	0,30	241,22
462	09.09.2017 12:46:50,000	0,30	241,68
463	09.09.2017 12:47:00,000	0,30	242,36
464	09.09.2017 12:47:10,000	0,34	243,07
465	09.09.2017 12:47:20,000	0,34	243,75
466	09.09.2017 12:47:30,000	0,34	244,44
467	09.09.2017 12:47:40,000	0,34	245,58
468	09.09.2017 12:47:50,000	0,34	246,03
469	09.09.2017 12:48:00,000	0,34	246,72
470	09.09.2017 12:48:10,000	0,34	247,40
471	09.09.2017 12:48:20,000	0,34	248,31
472	09.09.2017 12:48:30,000	0,34	248,54
473	09.09.2017 12:48:40,000	0,34	249,68
474	09.09.2017 12:48:50,000	0,34	250,37
475	09.09.2017 12:49:00,000	0,34	250,59
476	09.09.2017 12:49:10,000	0,34	251,28
477	09.09.2017 12:49:20,000	0,34	252,19
478	09.09.2017 12:49:30,000	0,34	252,87
479	09.09.2017 12:49:40,000	0,38	253,58
480	09.09.2017 12:49:50,000	0,38	254,04
481	09.09.2017 12:50:00,000	0,38	254,95
482	09.09.2017 12:50:10,000	0,38	255,41
483	09.09.2017 12:50:20,000	0,38	256,09
484	09.09.2017 12:50:30,000	0,38	257,00
485	09.09.2017 12:50:40,000	0,38	257,46
486	09.09.2017 12:50:50,000	0,38	258,14
487	09.09.2017 12:51:00,000	0,38	258,60
488	09.09.2017 12:51:10,000	0,38	259,51
489	09.09.2017 12:51:20,000	0,38	259,97
490	09.09.2017 12:51:30,000	0,38	260,42
491	09.09.2017 12:51:40,000	0,38	261,11
492	09.09.2017 12:51:50,000	0,38	261,56
493	09.09.2017 12:52:00,000	0,38	262,25
494	09.09.2017 12:52:10,000	0,38	262,93
495	09.09.2017 12:52:20,000	0,38	263,16
496	09.09.2017 12:52:30,000	0,38	263,39
497	09.09.2017 12:52:40,000	0,38	264,07
498	09.09.2017 12:52:50,000	0,42	264,32
499	09.09.2017 12:53:00,000	0,38	264,75
500	09.09.2017 12:53:10,000	0,38	265,21
501	09.09.2017 12:53:20,000	0,38	265,44
502	09.09.2017 12:53:30,000	0,38	266,12
503	09.09.2017 12:53:40,000	0,38	266,35
504	09.09.2017 12:53:50,000	0,38	266,58
505	09.09.2017 12:54:00,000	0,38	266,58
506	09.09.2017 12:54:10,000	0,38	266,35
507	09.09.2017 12:54:20,000	0,38	265,89
508	09.09.2017 12:54:30,000	0,38	265,21
509	09.09.2017 12:54:40,000	0,38	264,07
510	09.09.2017 12:54:50,000	0,38	262,70
511	09.09.2017 12:55:00,000	0,38	261,11
512	09.09.2017 12:55:10,000	0,38	259,06
513	09.09.2017 12:55:20,000	0,38	257,00
514	09.09.2017 12:55:30,000	0,38	255,18
515	09.09.2017 12:55:40,000	0,38	252,90
516	09.09.2017 12:55:50,000	0,38	250,39
517	09.09.2017 12:56:00,000	0,34	247,86
518	09.09.2017 12:56:10,000	0,34	245,35
519	09.09.2017 12:56:20,000	0,30	242,36
520	09.09.2017 12:56:30,000	0,30	239,85
521	09.09.2017 12:56:40,000	0,30	237,11
522	09.09.2017 12:56:50,000	0,30	234,83
523	09.09.2017 12:57:00,000	0,30	232,10
524	09.09.2017 12:57:10,000	0,30	229,59
525	09.09.2017 12:57:20,000	0,26	227,05
526	09.09.2017 12:57:30,000	0,22	224,52
527	09.09.2017 12:57:40,000	0,22	222,24
528	09.09.2017 12:57:50,000	0,22	219,96
529	09.09.2017 12:58:00,000	0,22	217,45
530	09.09.2017 12:58:10,000	0,22	215,17
531	09.09.2017 12:58:20,000	0,18	212,86
532	09.09.2017 12:58:30,000	0,18	210,58
533	09.09.2017 12:58:40,000	0,18	208,30
534	09.09.2017 12:58:50,000	0,14	206,22
535	09.09.2017 12:59:00,000	0,10	203,68
536	09.09.2017 12:59:10,000	0,10	201,86
537	09.09.2017 12:59:20,000	0,06	200,01
538	09.09.2017 12:59:30,000	0,06	197,96
539	09.09.2017 12:59:40,000	0,02	196,10
540	09.09.2017 12:59:50,000	0,02	193,82
541	09.09.2017 13:00:00,000	0,02	192,23
542	09.09.2017 13:00:10,000	-0,07	190,12
543	09.09.2017 13:00:20,000	-0,15	188,02
544	09.09.2017 13:00:30,000	-0,23	185,91
545	09.09.2017 13:00:40,000	-0,27	183,15
546	09.09.2017 13:00:50,000	-0,31	180,61
547	09.09.2017 13:01:00,000	-0,39	177,82
548	09.09.2017 13:01:10,000	-0,43	175,75
549	09.09.2017 13:01:20,000	-0,48	173,89
550	09.09.2017 13:01:30,000	-0,48	172,30
551	09.09.2017 13:01:40,000	-0,52	170,90
552	09.09.2017 13:01:50,000	-0,60	170,17
553	09.09.2017 13:02:00,000	-0,64	169,00
554	09.09.2017 13:02:10,000	-0,68	168,06
555	09.09.2017 13:02:20,000	-0,72	167,12
556	09.09.2017 13:02:30,000	-0,77	166,18
557	09.09.2017 13:02:40,000	-0,81	164,79
558	09.09.2017 13:02:50,000	-0,81	163,65
559	09.09.2017 13:03:00,000	-0,85	162,71
560	09.09.2017 13:03:10,000	-0,89	161,32
561	09.09.2017 13:03:20,000	-0,93	159,92
562	09.09.2017 13:03:30,000	-0,93	158,32
563	09.09.2017 13:03:40,000	-0,97	156,70
564	09.09.2017 13:03:50,000	-0,97	155,33
565	09.09.2017 13:04:00,000	-1,06	153,91
566	09.09.2017 13:04:10,000	-1,14	152,03
567	09.09.2017 13:04:20,000	-1,18	150,64
568	09.09.2017 13:04:30,000	-1,18	149,04
569	09.09.2017 13:04:40,000	-1,22	146,96
570	09.09.2017 13:04:50,000	-1,27	144,89
571	09.09.2017 13:05:00,000	-1,31	142,35
572	09.09.2017 13:05:10,000	-1,31	139,84
573	09.09.2017 13:05:20,000	-1,35	137,76
574	09.09.2017 13:05:30,000	-1,35	135,48
575	09.09.2017 13:05:40,000	-1,39	132,72
576	09.09.2017 13:05:50,000	-1,39	130,44
577	09.09.2017 13:06:00,000	-1,39	128,39
578	09.09.2017 13:06:10,000	-1,39	125,88
579	09.09.2017 13:06:20,000	-1,39	123,60
580	09.09.2017 13:06:30,000	-1,39	121,55
581	09.09.2017 13:06:40,000	-1,39	119,27
582	09.09.2017 13:06:50,000	-1,39	117,22
583	09.09.2017 13:07:00,000	-1,39	115,17
584	09.09.2017 13:07:10,000	-1,39	113,12
585	09.09.2017 13:07:20,000	-1,39	111,30
586	09.09.2017 13:07:30,000	-1,39	109,25
587	09.09.2017 13:07:40,000	-1,35	107,22
588	09.09.2017 13:07:50,000	-1,35	105,17
589	09.09.2017 13:08:00,000	-1,35	103,35
590	09.09.2017 13:08:10,000	-1,35	101,53
591	09.09.2017 13:08:20,000	-1,35	99,71
592	09.09.2017 13:08:30,000	-1,31	97,68
593	09.09.2017 13:08:40,000	-1,27	95,89
594	09.09.2017 13:08:50,000	-1,27	93,61
595	09.09.2017 13:09:00,000	-1,22	91,59
596	09.09.2017 13:09:10,000	-1,18	89,57
597	09.09.2017 13:09:20,000	-1,14	87,55
598	09.09.2017 13:09:30,000	-0,89	85,43
599	09.09.2017 13:09:40,000	-0,52	83,16
600	09.09.2017 13:09:50,000	-0,15	81,12
601	09.09.2017 13:10:00,000	-0,15	79,07
602	09.09.2017 13:10:10,000	-0,35	77,58
603	09.09.2017 13:10:20,000	-0,68	75,78
604	09.09.2017 13:10:30,000	-0,60	73,33
605	09.09.2017 13:10:40,000	-0,52	71,56
606	09.09.2017 13:10:50,000	-0,23	69,24
607	09.09.2017 13:11:00,000	-0,11	67,27
608	09.09.2017 13:11:10,000	-0,11	65,23
609	09.09.2017 13:11:20,000	0,06	63,51
610	09.09.2017 13:11:30,000	0,18	61,54
611	09.09.2017 13:11:40,000	0,14	60,15
612	09.09.2017 13:11:50,000	-0,11	58,86
613	09.09.2017 13:12:00,000	0,06	57,15
614	09.09.2017 13:12:10,000	0,34	55,51
615	09.09.2017 13:12:20,000	0,58	54,75
616	09.09.2017 13:12:30,000	0,82	53,77
617	09.09.2017 13:12:40,000	0,86	52,89
618	09.09.2017 13:12:50,000	0,86	51,98
619	09.09.2017 13:13:00,000	0,94	51,12
620	09.09.2017 13:13:10,000	1,22	50,39
621	09.09.2017 13:13:20,000	1,30	49,98
622	09.09.2017 13:13:30,000	1,22	49,48
623	09.09.2017 13:13:40,000	1,22	48,80
624	09.09.2017 13:13:50,000	1,06	48,25
625	09.09.2017 13:14:00,000	0,98	47,74
626	09.09.2017 13:14:10,000	0,86	47,21
627	09.09.2017 13:14:20,000	0,74	46,68
628	09.09.2017 13:14:30,000	0,66	46,18
629	09.09.2017 13:14:40,000	0,62	45,25
630	09.09.2017 13:14:50,000	0,54	44,74
631	09.09.2017 13:15:00,000	0,46	44,01
632	09.09.2017 13:15:10,000	0,38	43,05
633	09.09.2017 13:15:20,000	0,34	42,35
634	09.09.2017 13:15:30,000	0,30	41,87
635	09.09.2017 13:15:40,000	0,34	41,21
636	09.09.2017 13:15:50,000	0,30	40,73
637	09.09.2017 13:16:00,000	0,22	40,46
638	09.09.2017 13:16:10,000	0,30	40,05
639	09.09.2017 13:16:20,000	0,30	39,83
640	09.09.2017 13:16:30,000	0,30	39,37
641	09.09.2017 13:16:40,000	0,30	38,92
642	09.09.2017 13:16:50,000	0,34	38,94
643	09.09.2017 13:17:00,000	0,42	38,54
644	09.09.2017 13:17:10,000	0,46	38,34
645	09.09.2017 13:17:20,000	0,50	37,69
646	09.09.2017 13:17:30,000	0,50	37,23
647	09.09.2017 13:17:40,000	0,54	37,03
648	09.09.2017 13:17:50,000	0,54	36,35
649	09.09.2017 13:18:00,000	0,34	36,00
650	09.09.2017 13:18:10,000	0,02	35,57
651	09.09.2017 13:18:20,000	-0,02	34,63
652	09.09.2017 13:18:30,000	-0,19	34,08
653	09.09.2017 13:18:40,000	-0,35	33,52
654	09.09.2017 13:18:50,000	-0,43	32,79
655	09.09.2017 13:19:00,000	-0,48	32,09
656	09.09.2017 13:19:10,000	-0,52	31,61
657	09.09.2017 13:19:20,000	-0,56	31,35
658	09.09.2017 13:19:30,000	-0,60	30,65
659	09.09.2017 13:19:40,000	-0,60	30,20
660	09.09.2017 13:19:50,000	-0,64	29,72
661	09.09.2017 13:20:00,000	-0,60	29,29
662	09.09.2017 13:20:10,000	-0,48	28,46
663	09.09.2017 13:20:20,000	-0,35	28,08
664	09.09.2017 13:20:30,000	-0,27	27,23
665	09.09.2017 13:20:40,000	-0,23	26,80
666	09.09.2017 13:20:50,000	-0,23	26,35
667	09.09.2017 13:21:00,000	-0,23	25,67
668	09.09.2017 13:21:10,000	-0,27	25,19
669	09.09.2017 13:21:20,000	-0,31	25,17
670	09.09.2017 13:21:30,000	-0,31	24,71
671	09.09.2017 13:21:40,000	-0,31	24,71
672	09.09.2017 13:21:50,000	-0,31	24,71
673	09.09.2017 13:22:00,000	-0,31	24,94
674	09.09.2017 13:22:10,000	-0,27	25,19
675	09.09.2017 13:22:20,000	-0,27	25,42
676	09.09.2017 13:22:30,000	-0,27	25,87
677	09.09.2017 13:22:40,000	-0,23	25,90
678	09.09.2017 13:22:50,000	-0,27	26,10
679	09.09.2017 13:23:00,000	-0,27	26,32
680	09.09.2017 13:23:10,000	-0,27	26,32
681	09.09.2017 13:23:20,000	-0,27	26,32
682	09.09.2017 13:23:30,000	-0,27	26,10
683	09.09.2017 13:23:40,000	-0,27	26,10
684	09.09.2017 13:23:50,000	-0,27	25,64
685	09.09.2017 13:24:00,000	-0,27	25,19
686	09.09.2017 13:24:10,000	-0,31	24,71
687	09.09.2017 13:24:20,000	-0,35	24,01
688	09.09.2017 13:24:30,000	-0,39	23,08
689	09.09.2017 13:24:40,000	-0,48	21,89
690	09.09.2017 13:24:50,000	-0,48	20,76
691	09.09.2017 13:25:00,000	-0,48	19,40
692	09.09.2017 13:25:10,000	-0,31	18,38
693	09.09.2017 13:25:20,000	-0,31	17,47
694	09.09.2017 13:25:30,000	-0,31	16,34
695	09.09.2017 13:25:40,000	-0,35	15,86
696	09.09.2017 13:25:50,000	-0,35	15,41
697	09.09.2017 13:26:00,000	-0,39	15,38
698	09.09.2017 13:26:10,000	-0,39	15,84
699	09.09.2017 13:26:20,000	-0,35	16,54
700	09.09.2017 13:26:30,000	-0,31	17,24
701	09.09.2017 13:26:40,000	-0,23	18,20
702	09.09.2017 13:26:50,000	-0,23	19,33
703	09.09.2017 13:27:00,000	-0,39	20,59
704	09.09.2017 13:27:10,000	-0,48	21,89
705	09.09.2017 13:27:20,000	-0,31	23,58
706	09.09.2017 13:27:30,000	-0,31	25,39
707	09.09.2017 13:27:40,000	-0,31	26,98
708	09.09.2017 13:27:50,000	-0,23	28,39
709	09.09.2017 13:28:00,000	-0,27	29,27
710	09.09.2017 13:28:10,000	-0,48	30,05
711	09.09.2017 13:28:20,000	-0,52	30,25
712	09.09.2017 13:28:30,000	-0,56	29,99
713	09.09.2017 13:28:40,000	-0,60	29,29
714	09.09.2017 13:28:50,000	-0,43	28,26
715	09.09.2017 13:29:00,000	-0,35	26,95
716	09.09.2017 13:29:10,000	-0,31	25,17
717	09.09.2017 13:29:20,000	-0,27	24,06
718	09.09.2017 13:29:30,000	-0,27	23,61
719	09.09.2017 13:29:40,000	-0,27	23,38
720	09.09.2017 13:29:50,000	-0,23	23,18
721	09.09.2017 13:30:00,000	-0,27	23,15
722	09.09.2017 13:30:10,000	-0,19	22,98
723	09.09.2017 13:30:20,000	-0,19	22,98
724	09.09.2017 13:30:30,000	-0,19	22,98
725	09.09.2017 13:30:40,000	-0,19	23,21
726	09.09.2017 13:30:50,000	-0,19	22,98
727	09.09.2017 13:31:00,000	-0,23	22,73
728	09.09.2017 13:31:10,000	-0,27	22,25
729	09.09.2017 13:31:20,000	-0,31	22,22
730	09.09.2017 13:31:30,000	-0,35	22,42
731	09.09.2017 13:31:40,000	-0,43	22,15
732	09.09.2017 13:31:50,000	-0,43	22,15
733	09.09.2017 13:32:00,000	-0,48	22,35
734	09.09.2017 13:32:10,000	-0,48	22,80
735	09.09.2017 13:32:20,000	-0,52	23,23
736	09.09.2017 13:32:30,000	-0,52	23,68
737	09.09.2017 13:32:40,000	-0,52	24,13
738	09.09.2017 13:32:50,000	-0,52	24,36
739	09.09.2017 13:33:00,000	-0,39	24,66
740	09.09.2017 13:33:10,000	-0,35	24,91
741	09.09.2017 13:33:20,000	-0,43	25,54
742	09.09.2017 13:33:30,000	-0,39	25,34
743	09.09.2017 13:33:40,000	-0,39	25,57
744	09.09.2017 13:33:50,000	-0,43	25,54
745	09.09.2017 13:34:00,000	-0,35	24,69
746	09.09.2017 13:34:10,000	-0,39	24,44
747	09.09.2017 13:34:20,000	-0,48	23,70
748	09.09.2017 13:34:30,000	-0,52	23,00
749	09.09.2017 13:34:40,000	-0,56	22,29
750	09.09.2017 13:34:50,000	-0,60	21,59
751	09.09.2017 13:35:00,000	-0,64	20,88
752	09.09.2017 13:35:10,000	-0,60	20,23
753	09.09.2017 13:35:20,000	-0,43	19,20
754	09.09.2017 13:35:30,000	-0,31	18,60
755	09.09.2017 13:35:40,000	-0,31	17,92
756	09.09.2017 13:35:50,000	-0,35	17,44
757	09.09.2017 13:36:00,000	-0,35	16,54
758	09.09.2017 13:36:10,000	-0,39	15,84
759	09.09.2017 13:36:20,000	-0,39	15,84
760	09.09.2017 13:36:30,000	-0,39	16,06
761	09.09.2017 13:36:40,000	-0,39	15,84
762	09.09.2017 13:36:50,000	-0,39	16,29
763	09.09.2017 13:37:00,000	-0,39	15,84
764	09.09.2017 13:37:10,000	-0,35	15,41
765	09.09.2017 13:37:20,000	-0,19	14,61
766	09.09.2017 13:37:30,000	-0,07	14,46
767	09.09.2017 13:37:40,000	0,10	13,65
768	09.09.2017 13:37:50,000	0,14	13,45
769	09.09.2017 13:38:00,000	0,18	13,48
770	09.09.2017 13:38:10,000	0,22	13,73
771	09.09.2017 13:38:20,000	0,30	14,01
772	09.09.2017 13:38:30,000	0,30	14,01
773	09.09.2017 13:38:40,000	0,30	14,23
774	09.09.2017 13:38:50,000	0,30	14,01
775	09.09.2017 13:39:00,000	0,30	14,01
776	09.09.2017 13:39:10,000	0,22	13,96
777	09.09.2017 13:39:20,000	0,30	14,23
778	09.09.2017 13:39:30,000	0,34	14,03
779	09.09.2017 13:39:40,000	0,30	13,78
780	09.09.2017 13:39:50,000	0,22	13,73
781	09.09.2017 13:40:00,000	0,26	13,76
782	09.09.2017 13:40:10,000	0,26	13,76
783	09.09.2017 13:40:20,000	0,22	13,73
784	09.09.2017 13:40:30,000	0,22	13,73
785	09.09.2017 13:40:40,000	0,22	14,18
786	09.09.2017 13:40:50,000	0,22	14,41
787	09.09.2017 13:41:00,000	0,22	14,64
788	09.09.2017 13:41:10,000	0,22	14,86
789	09.09.2017 13:41:20,000	0,22	15,09
790	09.09.2017 13:41:30,000	0,26	15,34
791	09.09.2017 13:41:40,000	0,26	15,57
792	09.09.2017 13:41:50,000	0,26	15,57
793	09.09.2017 13:42:00,000	0,30	15,59
794	09.09.2017 13:42:10,000	0,30	15,82
795	09.09.2017 13:42:20,000	0,30	15,82
796	09.09.2017 13:42:30,000	0,30	16,04
797	09.09.2017 13:42:40,000	0,30	16,27
798	09.09.2017 13:42:50,000	0,30	16,27
799	09.09.2017 13:43:00,000	0,30	16,50
800	09.09.2017 13:43:10,000	0,30	16,50
801	09.09.2017 13:43:20,000	0,30	16,72
802	09.09.2017 13:43:30,000	0,30	16,72
803	09.09.2017 13:43:40,000	0,30	16,72
804	09.09.2017 13:43:50,000	0,30	16,72
805	09.09.2017 13:44:00,000	0,26	16,92
806	09.09.2017 13:44:10,000	0,26	16,92
807	09.09.2017 13:44:20,000	0,26	16,02
808	09.09.2017 13:44:30,000	0,18	14,84
809	09.09.2017 13:44:40,000	0,18	13,48
810	09.09.2017 13:44:50,000	0,18	12,35
811	09.09.2017 13:45:00,000	0,22	11,47
812	09.09.2017 13:45:10,000	0,26	12,17
813	09.09.2017 13:45:20,000	0,22	12,83
814	09.09.2017 13:45:30,000	0,18	13,48
815	09.09.2017 13:45:40,000	0,18	13,93
816	09.09.2017 13:45:50,000	0,18	14,16
817	09.09.2017 13:46:00,000	0,14	14,58
818	09.09.2017 13:46:10,000	0,14	15,04
819	09.09.2017 13:46:20,000	0,10	15,24
820	09.09.2017 13:46:30,000	0,06	15,44
821	09.09.2017 13:46:40,000	0,10	15,69
822	09.09.2017 13:46:50,000	0,10	15,69
823	09.09.2017 13:47:00,000	0,14	15,94
824	09.09.2017 13:47:10,000	0,18	15,74
825	09.09.2017 13:47:20,000	0,10	14,79
826	09.09.2017 13:47:30,000	0,14	13,68
827	09.09.2017 13:47:40,000	0,14	12,78
828	09.09.2017 13:47:50,000	0,14	11,64
829	09.09.2017 13:48:00,000	0,10	10,49
830	09.09.2017 13:48:10,000	0,50	9,61
831	09.09.2017 13:48:20,000	1,22	8,03
832	09.09.2017 13:48:30,000	1,26	7,83
833	09.09.2017 13:48:40,000	1,61	6,69
834	09.09.2017 13:48:50,000	1,69	6,29
835	09.09.2017 13:49:00,000	1,85	5,26
836	09.09.2017 13:49:10,000	1,89	4,22
837	09.09.2017 13:49:20,000	2,04	3,09
838	09.09.2017 13:49:30,000	2,08	1,96
839	09.09.2017 13:49:40,000	2,23	0,83
840	09.09.2017 13:49:50,000	2,31	0,00
841	09.09.2017 13:50:00,000	2,35	0,00
842	09.09.2017 13:50:10,000	2,35	0,00
843	09.09.2017 13:50:20,000	2,35	0,00
844	09.09.2017 13:50:30,000	2,35	0,00
845	09.09.2017 13:50:40,000	2,35	0,00
846	09.09.2017 13:50:50,000	2,35	0,00
847	09.09.2017 13:51:00,000	2,35	0,00
848	09.09.2017 13:51:10,000	2,35	0,00
849	09.09.2017 13:51:20,000	2,31	0,00
850	09.09.2017 13:51:30,000	2,31	0,00
851	09.09.2017 13:51:40,000	2,31	0,00
852	09.09.2017 13:51:50,000	2,31	0,00
853	09.09.2017 13:52:00,000	2,31	0,00
854	09.09.2017 13:52:10,000	2,31	0,00
855	09.09.2017 13:52:20,000	2,31	0,00
856	09.09.2017 13:52:30,000	2,31	0,00
857	09.09.2017 13:52:40,000	2,31	0,00
858	09.09.2017 13:52:50,000	2,31	0,00
859	09.09.2017 13:53:00,000	2,31	0,00
860	09.09.2017 13:53:10,000	2,31	0,00
861	09.09.2017 13:53:20,000	2,31	0,00
862	09.09.2017 13:53:30,000	2,31	0,00
863	09.09.2017 13:53:40,000	2,31	0,00
864	09.09.2017 13:53:50,000	2,31	0,00
865	09.09.2017 13:54:00,000	2,35	0,00
866	09.09.2017 13:54:10,000	2,35	0,00
867	09.09.2017 13:54:20,000	2,35	0,00
868	09.09.2017 13:54:30,000	2,35	0,00
869	09.09.2017 13:54:40,000	2,39	0,00
870	09.09.2017 13:54:50,000	2,39	0,00
871	09.09.2017 13:55:00,000	2,43	0,00
872	09.09.2017 13:55:10,000	2,43	0,00
873	09.09.2017 13:55:20,000	2,43	0,00
874	09.09.2017 13:55:30,000	2,47	0,00
875	09.09.2017 13:55:40,000	2,47	0,00
876	09.09.2017 13:55:50,000	2,50	0,00
877	09.09.2017 13:56:00,000	2,54	0,00
878	09.09.2017 13:56:10,000	2,58	0,00
879	09.09.2017 13:56:20,000	2,62	0,00
880	09.09.2017 13:56:30,000	2,66	0,00
881	09.09.2017 13:56:40,000	2,70	0,00
882	09.09.2017 13:56:50,000	2,73	0,00
883	09.09.2017 13:57:00,000	2,77	0,00
884	09.09.2017 13:57:10,000	2,85	0,00
885	09.09.2017 13:57:20,000	2,89	0,00
886	09.09.2017 13:57:30,000	2,92	0,00
887	09.09.2017 13:57:40,000	2,96	0,00
888	09.09.2017 13:57:50,000	3,04	0,00
889	09.09.2017 13:58:00,000	3,08	0,00
890	09.09.2017 13:58:10,000	3,11	0,00
891	09.09.2017 13:58:20,000	3,15	0,00
892	09.09.2017 13:58:30,000	3,23	0,00
893	09.09.2017 13:58:40,000	3,23	0,00
