#B	Created:	09.09.2017 13:56:11
##	Version	SeaStar	7.49
#5	Field separation:	0
#2	Date & Time:	1
#6	Decimal point:	,
#7	Date def.:	dd.mm.yyyy	.
#8	Time def.:	:
##	Axis	0	Temperature(°C)	clRed	FALSE
##	Axis	1	Depth(m)	clBlue	TRUE
##	Series	0	Temp(°C)	clRed	0	Temp(°C)	2
##	Series	1	Depth(m)	clBlue	1	Depth(m)	2
##	Recorder	23	DST centi	8762
##	Chart	23C8762DAT	
#D	Data:	875	09.09.2017 11:30:00	09.09.2017 13:55:40
1	09.09.2017 11:30:00,000	22,13	1,37
2	09.09.2017 11:30:10,000	22,08	1,31
3	09.09.2017 11:30:20,000	22,02	1,24
4	09.09.2017 11:30:30,000	21,96	1,41
5	09.09.2017 11:30:40,000	14,39	12,57
6	09.09.2017 11:30:50,000	12,10	10,49
7	09.09.2017 11:31:00,000	9,59	7,88
8	09.09.2017 11:31:10,000	8,11	8,21
9	09.09.2017 11:31:20,000	6,65	9,30
10	09.09.2017 11:31:30,000	5,58	9,90
11	09.09.2017 11:31:40,000	4,78	11,32
12	09.09.2017 11:31:50,000	4,11	12,42
13	09.09.2017 11:32:00,000	3,59	12,98
14	09.09.2017 11:32:10,000	3,24	14,48
15	09.09.2017 11:32:20,000	2,98	15,60
16	09.09.2017 11:32:30,000	2,63	17,10
17	09.09.2017 11:32:40,000	1,89	18,61
18	09.09.2017 11:32:50,000	1,22	17,07
19	09.09.2017 11:33:00,000	1,26	15,91
20	09.09.2017 11:33:10,000	1,34	15,53
21	09.09.2017 11:33:20,000	1,34	15,53
22	09.09.2017 11:33:30,000	1,18	16,06
23	09.09.2017 11:33:40,000	0,94	16,25
24	09.09.2017 11:33:50,000	0,90	15,96
25	09.09.2017 11:34:00,000	0,98	15,81
26	09.09.2017 11:34:10,000	0,90	16,20
27	09.09.2017 11:34:20,000	0,86	16,15
28	09.09.2017 11:34:30,000	0,81	17,54
29	09.09.2017 11:34:40,000	0,45	19,03
30	09.09.2017 11:34:50,000	0,20	20,42
31	09.09.2017 11:35:00,000	-0,04	20,85
32	09.09.2017 11:35:10,000	-0,21	20,41
33	09.09.2017 11:35:20,000	-0,25	19,40
34	09.09.2017 11:35:30,000	-0,21	18,97
35	09.09.2017 11:35:40,000	-0,17	18,05
36	09.09.2017 11:35:50,000	-0,12	17,86
37	09.09.2017 11:36:00,000	0,00	17,53
38	09.09.2017 11:36:10,000	0,00	17,05
39	09.09.2017 11:36:20,000	0,00	17,05
40	09.09.2017 11:36:30,000	-0,08	17,19
41	09.09.2017 11:36:40,000	-0,08	17,91
42	09.09.2017 11:36:50,000	-0,12	18,82
43	09.09.2017 11:37:00,000	-0,21	20,41
44	09.09.2017 11:37:10,000	-0,29	21,28
45	09.09.2017 11:37:20,000	-0,33	22,43
46	09.09.2017 11:37:30,000	-0,33	23,39
47	09.09.2017 11:37:40,000	-0,33	24,60
48	09.09.2017 11:37:50,000	-0,41	24,74
49	09.09.2017 11:38:00,000	-0,46	25,17
50	09.09.2017 11:38:10,000	-0,50	25,36
51	09.09.2017 11:38:20,000	-0,54	25,07
52	09.09.2017 11:38:30,000	-0,54	25,56
53	09.09.2017 11:38:40,000	-0,54	25,31
54	09.09.2017 11:38:50,000	-0,58	25,26
55	09.09.2017 11:39:00,000	-0,54	25,07
56	09.09.2017 11:39:10,000	-0,58	25,02
57	09.09.2017 11:39:20,000	-0,58	24,78
58	09.09.2017 11:39:30,000	-0,54	24,83
59	09.09.2017 11:39:40,000	-0,29	24,17
60	09.09.2017 11:39:50,000	-0,25	24,46
61	09.09.2017 11:40:00,000	-0,37	24,79
62	09.09.2017 11:40:10,000	-0,46	24,93
63	09.09.2017 11:40:20,000	-0,50	25,12
64	09.09.2017 11:40:30,000	-0,54	25,31
65	09.09.2017 11:40:40,000	-0,46	25,41
66	09.09.2017 11:40:50,000	-0,29	25,61
67	09.09.2017 11:41:00,000	-0,25	25,90
68	09.09.2017 11:41:10,000	-0,25	26,14
69	09.09.2017 11:41:20,000	-0,29	26,34
70	09.09.2017 11:41:30,000	-0,25	25,66
71	09.09.2017 11:41:40,000	-0,21	25,71
72	09.09.2017 11:41:50,000	-0,21	25,47
73	09.09.2017 11:42:00,000	-0,17	25,28
74	09.09.2017 11:42:10,000	-0,12	25,33
75	09.09.2017 11:42:20,000	-0,29	25,13
76	09.09.2017 11:42:30,000	-0,41	24,50
77	09.09.2017 11:42:40,000	-0,37	24,31
78	09.09.2017 11:42:50,000	-0,37	24,55
79	09.09.2017 11:43:00,000	-0,29	24,41
80	09.09.2017 11:43:10,000	-0,29	24,89
81	09.09.2017 11:43:20,000	-0,37	25,27
82	09.09.2017 11:43:30,000	-0,50	25,85
83	09.09.2017 11:43:40,000	-0,41	25,70
84	09.09.2017 11:43:50,000	-0,54	25,07
85	09.09.2017 11:44:00,000	-0,54	24,59
86	09.09.2017 11:44:10,000	-0,50	24,40
87	09.09.2017 11:44:20,000	-0,50	24,40
88	09.09.2017 11:44:30,000	-0,50	24,40
89	09.09.2017 11:44:40,000	-0,50	24,16
90	09.09.2017 11:44:50,000	-0,46	24,45
91	09.09.2017 11:45:00,000	-0,41	24,50
92	09.09.2017 11:45:10,000	-0,41	24,98
93	09.09.2017 11:45:20,000	-0,50	25,36
94	09.09.2017 11:45:30,000	-0,54	26,04
95	09.09.2017 11:45:40,000	-0,58	26,47
96	09.09.2017 11:45:50,000	-0,33	26,77
97	09.09.2017 11:46:00,000	-0,29	27,78
98	09.09.2017 11:46:10,000	-0,33	28,70
99	09.09.2017 11:46:20,000	-0,37	29,37
100	09.09.2017 11:46:30,000	-0,46	30,47
101	09.09.2017 11:46:40,000	-0,46	31,68
102	09.09.2017 11:46:50,000	-0,37	32,98
103	09.09.2017 11:47:00,000	-0,37	33,95
104	09.09.2017 11:47:10,000	-0,25	35,30
105	09.09.2017 11:47:20,000	-0,21	36,32
106	09.09.2017 11:47:30,000	-0,17	37,57
107	09.09.2017 11:47:40,000	-0,08	38,39
108	09.09.2017 11:47:50,000	0,16	39,41
109	09.09.2017 11:48:00,000	0,29	40,77
110	09.09.2017 11:48:10,000	0,41	42,12
111	09.09.2017 11:48:20,000	0,65	43,38
112	09.09.2017 11:48:30,000	0,81	44,78
113	09.09.2017 11:48:40,000	0,81	46,23
114	09.09.2017 11:48:50,000	0,69	48,25
115	09.09.2017 11:49:00,000	0,69	49,46
116	09.09.2017 11:49:10,000	0,69	50,91
117	09.09.2017 11:49:20,000	0,65	52,31
118	09.09.2017 11:49:30,000	0,57	53,90
119	09.09.2017 11:49:40,000	0,45	55,44
120	09.09.2017 11:49:50,000	0,37	57,03
121	09.09.2017 11:50:00,000	0,33	58,43
122	09.09.2017 11:50:10,000	0,29	60,07
123	09.09.2017 11:50:20,000	0,20	61,66
124	09.09.2017 11:50:30,000	0,12	62,77
125	09.09.2017 11:50:40,000	0,00	64,55
126	09.09.2017 11:50:50,000	-0,08	65,90
127	09.09.2017 11:51:00,000	-0,04	67,40
128	09.09.2017 11:51:10,000	-0,04	69,09
129	09.09.2017 11:51:20,000	-0,08	70,49
130	09.09.2017 11:51:30,000	-0,29	72,17
131	09.09.2017 11:51:40,000	-0,46	74,15
132	09.09.2017 11:51:50,000	-0,58	75,45
133	09.09.2017 11:52:00,000	-0,58	77,14
134	09.09.2017 11:52:10,000	-0,58	78,83
135	09.09.2017 11:52:20,000	-0,62	80,47
136	09.09.2017 11:52:30,000	-0,67	82,36
137	09.09.2017 11:52:40,000	-0,71	84,00
138	09.09.2017 11:52:50,000	-0,75	86,36
139	09.09.2017 11:53:00,000	-0,79	88,49
140	09.09.2017 11:53:10,000	-0,88	90,32
141	09.09.2017 11:53:20,000	-0,96	92,64
142	09.09.2017 11:53:30,000	-1,00	95,00
143	09.09.2017 11:53:40,000	-1,04	97,37
144	09.09.2017 11:53:50,000	-1,09	99,74
145	09.09.2017 11:54:00,000	-1,13	101,86
146	09.09.2017 11:54:10,000	-1,17	104,23
147	09.09.2017 11:54:20,000	-1,21	106,36
148	09.09.2017 11:54:30,000	-1,21	108,78
149	09.09.2017 11:54:40,000	-1,26	110,90
150	09.09.2017 11:54:50,000	-1,30	113,27
151	09.09.2017 11:55:00,000	-1,30	115,45
152	09.09.2017 11:55:10,000	-1,30	117,38
153	09.09.2017 11:55:20,000	-1,34	119,51
154	09.09.2017 11:55:30,000	-1,34	121,44
155	09.09.2017 11:55:40,000	-1,38	123,33
156	09.09.2017 11:55:50,000	-1,38	125,02
157	09.09.2017 11:56:00,000	-1,38	126,23
158	09.09.2017 11:56:10,000	-1,38	127,92
159	09.09.2017 11:56:20,000	-1,38	129,13
160	09.09.2017 11:56:30,000	-1,38	130,10
161	09.09.2017 11:56:40,000	-1,38	131,31
162	09.09.2017 11:56:50,000	-1,38	132,28
163	09.09.2017 11:57:00,000	-1,38	133,01
164	09.09.2017 11:57:10,000	-1,38	133,97
165	09.09.2017 11:57:20,000	-1,38	134,94
166	09.09.2017 11:57:30,000	-1,38	135,67
167	09.09.2017 11:57:40,000	-1,34	136,69
168	09.09.2017 11:57:50,000	-1,34	137,65
169	09.09.2017 11:58:00,000	-1,34	138,38
170	09.09.2017 11:58:10,000	-1,34	139,83
171	09.09.2017 11:58:20,000	-1,34	141,04
172	09.09.2017 11:58:30,000	-1,34	142,01
173	09.09.2017 11:58:40,000	-1,34	142,74
174	09.09.2017 11:58:50,000	-1,34	143,70
175	09.09.2017 11:59:00,000	-1,34	144,19
176	09.09.2017 11:59:10,000	-1,34	145,40
177	09.09.2017 11:59:20,000	-1,34	145,88
178	09.09.2017 11:59:30,000	-1,30	147,14
179	09.09.2017 11:59:40,000	-1,30	147,87
180	09.09.2017 11:59:50,000	-1,30	148,35
181	09.09.2017 12:00:00,000	-1,30	149,56
182	09.09.2017 12:00:10,000	-1,26	150,58
183	09.09.2017 12:00:20,000	-1,26	151,79
184	09.09.2017 12:00:30,000	-1,21	152,81
185	09.09.2017 12:00:40,000	-1,13	154,36
186	09.09.2017 12:00:50,000	-1,04	155,67
187	09.09.2017 12:01:00,000	-1,04	157,37
188	09.09.2017 12:01:10,000	-1,04	159,06
189	09.09.2017 12:01:20,000	-1,04	160,76
190	09.09.2017 12:01:30,000	-1,00	162,50
191	09.09.2017 12:01:40,000	-0,96	164,49
192	09.09.2017 12:01:50,000	-0,96	166,18
193	09.09.2017 12:02:00,000	-0,92	168,41
194	09.09.2017 12:02:10,000	-0,88	170,40
195	09.09.2017 12:02:20,000	-0,88	172,58
196	09.09.2017 12:02:30,000	-0,79	174,37
197	09.09.2017 12:02:40,000	-0,71	176,41
198	09.09.2017 12:02:50,000	-0,67	178,64
199	09.09.2017 12:03:00,000	-0,58	180,68
200	09.09.2017 12:03:10,000	-0,50	182,96
201	09.09.2017 12:03:20,000	-0,41	185,24
202	09.09.2017 12:03:30,000	-0,33	187,27
203	09.09.2017 12:03:40,000	-0,29	189,50
204	09.09.2017 12:03:50,000	-0,29	191,44
205	09.09.2017 12:04:00,000	-0,25	193,67
206	09.09.2017 12:04:10,000	-0,25	195,36
207	09.09.2017 12:04:20,000	-0,21	197,35
208	09.09.2017 12:04:30,000	-0,21	198,56
209	09.09.2017 12:04:40,000	-0,17	200,31
210	09.09.2017 12:04:50,000	-0,17	201,52
211	09.09.2017 12:05:00,000	-0,12	203,02
212	09.09.2017 12:05:10,000	-0,12	204,47
213	09.09.2017 12:05:20,000	-0,12	205,68
214	09.09.2017 12:05:30,000	-0,08	206,94
215	09.09.2017 12:05:40,000	-0,08	207,91
216	09.09.2017 12:05:50,000	-0,04	208,93
217	09.09.2017 12:06:00,000	-0,04	209,90
218	09.09.2017 12:06:10,000	-0,04	210,63
219	09.09.2017 12:06:20,000	0,00	211,16
220	09.09.2017 12:06:30,000	0,00	211,89
221	09.09.2017 12:06:40,000	0,00	212,37
222	09.09.2017 12:06:50,000	0,04	212,91
223	09.09.2017 12:07:00,000	0,04	213,63
224	09.09.2017 12:07:10,000	0,04	213,63
225	09.09.2017 12:07:20,000	0,04	213,87
226	09.09.2017 12:07:30,000	0,08	213,20
227	09.09.2017 12:07:40,000	0,08	212,71
228	09.09.2017 12:07:50,000	0,08	211,50
229	09.09.2017 12:08:00,000	0,04	210,24
230	09.09.2017 12:08:10,000	0,04	208,79
231	09.09.2017 12:08:20,000	0,00	207,53
232	09.09.2017 12:08:30,000	-0,04	205,54
233	09.09.2017 12:08:40,000	-0,04	203,85
234	09.09.2017 12:08:50,000	-0,04	202,63
235	09.09.2017 12:09:00,000	-0,08	200,89
236	09.09.2017 12:09:10,000	-0,08	199,19
237	09.09.2017 12:09:20,000	-0,08	197,74
238	09.09.2017 12:09:30,000	-0,08	195,80
239	09.09.2017 12:09:40,000	-0,12	194,79
240	09.09.2017 12:09:50,000	-0,12	192,85
241	09.09.2017 12:10:00,000	-0,17	191,10
242	09.09.2017 12:10:10,000	-0,17	189,65
243	09.09.2017 12:10:20,000	-0,17	187,71
244	09.09.2017 12:10:30,000	-0,21	186,45
245	09.09.2017 12:10:40,000	-0,21	185,00
246	09.09.2017 12:10:50,000	-0,25	183,50
247	09.09.2017 12:11:00,000	-0,25	182,05
248	09.09.2017 12:11:10,000	-0,29	181,27
249	09.09.2017 12:11:20,000	-0,29	180,54
250	09.09.2017 12:11:30,000	-0,37	180,20
251	09.09.2017 12:11:40,000	-0,37	179,96
252	09.09.2017 12:11:50,000	-0,37	179,72
253	09.09.2017 12:12:00,000	-0,41	179,67
254	09.09.2017 12:12:10,000	-0,41	179,91
255	09.09.2017 12:12:20,000	-0,41	180,15
256	09.09.2017 12:12:30,000	-0,37	180,68
257	09.09.2017 12:12:40,000	-0,37	180,93
258	09.09.2017 12:12:50,000	-0,33	182,19
259	09.09.2017 12:13:00,000	-0,29	182,96
260	09.09.2017 12:13:10,000	-0,29	184,17
261	09.09.2017 12:13:20,000	-0,29	185,63
262	09.09.2017 12:13:30,000	-0,25	187,37
263	09.09.2017 12:13:40,000	-0,21	188,87
264	09.09.2017 12:13:50,000	-0,21	190,81
265	09.09.2017 12:14:00,000	-0,21	192,75
266	09.09.2017 12:14:10,000	-0,21	195,17
267	09.09.2017 12:14:20,000	-0,21	197,59
268	09.09.2017 12:14:30,000	-0,17	199,82
269	09.09.2017 12:14:40,000	-0,12	202,05
270	09.09.2017 12:14:50,000	-0,12	204,47
271	09.09.2017 12:15:00,000	-0,08	206,94
272	09.09.2017 12:15:10,000	-0,04	209,42
273	09.09.2017 12:15:20,000	0,00	211,89
274	09.09.2017 12:15:30,000	0,04	213,87
275	09.09.2017 12:15:40,000	0,04	215,81
276	09.09.2017 12:15:50,000	0,08	217,56
277	09.09.2017 12:16:00,000	0,08	218,77
278	09.09.2017 12:16:10,000	0,12	219,79
279	09.09.2017 12:16:20,000	0,12	220,75
280	09.09.2017 12:16:30,000	0,12	221,24
281	09.09.2017 12:16:40,000	0,12	221,48
282	09.09.2017 12:16:50,000	0,12	221,48
283	09.09.2017 12:17:00,000	0,12	221,00
284	09.09.2017 12:17:10,000	0,12	220,75
285	09.09.2017 12:17:20,000	0,12	220,27
286	09.09.2017 12:17:30,000	0,12	219,30
287	09.09.2017 12:17:40,000	0,12	218,09
288	09.09.2017 12:17:50,000	0,12	216,88
289	09.09.2017 12:18:00,000	0,12	215,67
290	09.09.2017 12:18:10,000	0,12	214,22
291	09.09.2017 12:18:20,000	0,12	213,00
292	09.09.2017 12:18:30,000	0,08	211,02
293	09.09.2017 12:18:40,000	0,08	209,56
294	09.09.2017 12:18:50,000	0,04	208,06
295	09.09.2017 12:19:00,000	0,04	207,09
296	09.09.2017 12:19:10,000	0,04	205,64
297	09.09.2017 12:19:20,000	0,04	204,19
298	09.09.2017 12:19:30,000	0,04	202,49
299	09.09.2017 12:19:40,000	0,00	201,23
300	09.09.2017 12:19:50,000	-0,04	199,73
301	09.09.2017 12:20:00,000	-0,04	198,03
302	09.09.2017 12:20:10,000	-0,08	196,53
303	09.09.2017 12:20:20,000	-0,08	194,84
304	09.09.2017 12:20:30,000	-0,12	193,33
305	09.09.2017 12:20:40,000	-0,17	191,59
306	09.09.2017 12:20:50,000	-0,12	189,94
307	09.09.2017 12:21:00,000	-0,12	187,76
308	09.09.2017 12:21:10,000	-0,12	186,07
309	09.09.2017 12:21:20,000	-0,17	185,05
310	09.09.2017 12:21:30,000	-0,21	183,79
311	09.09.2017 12:21:40,000	-0,21	182,82
312	09.09.2017 12:21:50,000	-0,25	182,53
313	09.09.2017 12:22:00,000	-0,25	182,05
314	09.09.2017 12:22:10,000	-0,29	182,00
315	09.09.2017 12:22:20,000	-0,29	182,48
316	09.09.2017 12:22:30,000	-0,29	182,72
317	09.09.2017 12:22:40,000	-0,29	183,21
318	09.09.2017 12:22:50,000	-0,29	184,17
319	09.09.2017 12:23:00,000	-0,25	184,95
320	09.09.2017 12:23:10,000	-0,25	185,92
321	09.09.2017 12:23:20,000	-0,25	187,37
322	09.09.2017 12:23:30,000	-0,25	188,34
323	09.09.2017 12:23:40,000	-0,21	189,60
324	09.09.2017 12:23:50,000	-0,21	190,57
325	09.09.2017 12:24:00,000	-0,17	191,83
326	09.09.2017 12:24:10,000	-0,17	193,04
327	09.09.2017 12:24:20,000	-0,17	194,01
328	09.09.2017 12:24:30,000	-0,17	195,46
329	09.09.2017 12:24:40,000	-0,12	196,48
330	09.09.2017 12:24:50,000	-0,12	197,21
331	09.09.2017 12:25:00,000	-0,12	197,93
332	09.09.2017 12:25:10,000	-0,12	198,90
333	09.09.2017 12:25:20,000	-0,12	199,14
334	09.09.2017 12:25:30,000	-0,12	199,87
335	09.09.2017 12:25:40,000	-0,12	199,63
336	09.09.2017 12:25:50,000	-0,12	200,11
337	09.09.2017 12:26:00,000	-0,12	200,36
338	09.09.2017 12:26:10,000	-0,08	200,16
339	09.09.2017 12:26:20,000	-0,08	199,68
340	09.09.2017 12:26:30,000	-0,08	199,68
341	09.09.2017 12:26:40,000	-0,08	199,44
342	09.09.2017 12:26:50,000	-0,08	198,71
343	09.09.2017 12:27:00,000	-0,08	198,23
344	09.09.2017 12:27:10,000	-0,08	197,74
345	09.09.2017 12:27:20,000	-0,08	197,26
346	09.09.2017 12:27:30,000	-0,12	196,97
347	09.09.2017 12:27:40,000	-0,12	196,72
348	09.09.2017 12:27:50,000	-0,12	196,72
349	09.09.2017 12:28:00,000	-0,12	196,48
350	09.09.2017 12:28:10,000	-0,12	196,97
351	09.09.2017 12:28:20,000	-0,12	197,45
352	09.09.2017 12:28:30,000	-0,12	197,93
353	09.09.2017 12:28:40,000	-0,08	198,47
354	09.09.2017 12:28:50,000	-0,08	199,44
355	09.09.2017 12:29:00,000	-0,08	200,41
356	09.09.2017 12:29:10,000	-0,08	201,62
357	09.09.2017 12:29:20,000	-0,08	202,58
358	09.09.2017 12:29:30,000	-0,08	204,04
359	09.09.2017 12:29:40,000	-0,08	205,49
360	09.09.2017 12:29:50,000	-0,08	206,70
361	09.09.2017 12:30:00,000	-0,04	208,69
362	09.09.2017 12:30:10,000	-0,04	210,14
363	09.09.2017 12:30:20,000	0,00	211,89
364	09.09.2017 12:30:30,000	0,00	213,34
365	09.09.2017 12:30:40,000	0,00	215,04
366	09.09.2017 12:30:50,000	0,04	216,78
367	09.09.2017 12:31:00,000	0,04	217,99
368	09.09.2017 12:31:10,000	0,04	219,44
369	09.09.2017 12:31:20,000	0,08	220,46
370	09.09.2017 12:31:30,000	0,08	221,43
371	09.09.2017 12:31:40,000	0,08	222,40
372	09.09.2017 12:31:50,000	0,12	223,42
373	09.09.2017 12:32:00,000	0,12	224,39
374	09.09.2017 12:32:10,000	0,12	224,87
375	09.09.2017 12:32:20,000	0,12	225,36
376	09.09.2017 12:32:30,000	0,12	226,08
377	09.09.2017 12:32:40,000	0,16	226,13
378	09.09.2017 12:32:50,000	0,16	226,13
379	09.09.2017 12:33:00,000	0,16	226,13
380	09.09.2017 12:33:10,000	0,16	226,13
381	09.09.2017 12:33:20,000	0,16	225,65
382	09.09.2017 12:33:30,000	0,16	225,40
383	09.09.2017 12:33:40,000	0,16	224,92
384	09.09.2017 12:33:50,000	0,16	223,95
385	09.09.2017 12:34:00,000	0,16	223,47
386	09.09.2017 12:34:10,000	0,16	222,74
387	09.09.2017 12:34:20,000	0,12	222,21
388	09.09.2017 12:34:30,000	0,12	221,72
389	09.09.2017 12:34:40,000	0,12	221,72
390	09.09.2017 12:34:50,000	0,12	221,48
391	09.09.2017 12:35:00,000	0,12	221,72
392	09.09.2017 12:35:10,000	0,12	221,96
393	09.09.2017 12:35:20,000	0,12	222,21
394	09.09.2017 12:35:30,000	0,12	222,69
395	09.09.2017 12:35:40,000	0,12	223,18
396	09.09.2017 12:35:50,000	0,12	223,90
397	09.09.2017 12:36:00,000	0,12	224,63
398	09.09.2017 12:36:10,000	0,12	225,84
399	09.09.2017 12:36:20,000	0,16	226,62
400	09.09.2017 12:36:30,000	0,16	227,83
401	09.09.2017 12:36:40,000	0,16	228,80
402	09.09.2017 12:36:50,000	0,20	230,06
403	09.09.2017 12:37:00,000	0,20	231,02
404	09.09.2017 12:37:10,000	0,20	231,99
405	09.09.2017 12:37:20,000	0,20	232,96
406	09.09.2017 12:37:30,000	0,20	233,69
407	09.09.2017 12:37:40,000	0,25	234,71
408	09.09.2017 12:37:50,000	0,25	235,43
409	09.09.2017 12:38:00,000	0,25	235,92
410	09.09.2017 12:38:10,000	0,25	236,40
411	09.09.2017 12:38:20,000	0,25	236,40
412	09.09.2017 12:38:30,000	0,25	236,16
413	09.09.2017 12:38:40,000	0,25	235,92
414	09.09.2017 12:38:50,000	0,25	235,43
415	09.09.2017 12:39:00,000	0,25	234,95
416	09.09.2017 12:39:10,000	0,25	234,46
417	09.09.2017 12:39:20,000	0,25	233,98
418	09.09.2017 12:39:30,000	0,25	233,98
419	09.09.2017 12:39:40,000	0,25	233,74
420	09.09.2017 12:39:50,000	0,25	233,98
421	09.09.2017 12:40:00,000	0,25	233,98
422	09.09.2017 12:40:10,000	0,25	234,22
423	09.09.2017 12:40:20,000	0,25	234,22
424	09.09.2017 12:40:30,000	0,25	234,71
425	09.09.2017 12:40:40,000	0,25	234,95
426	09.09.2017 12:40:50,000	0,25	235,19
427	09.09.2017 12:41:00,000	0,25	235,68
428	09.09.2017 12:41:10,000	0,25	236,40
429	09.09.2017 12:41:20,000	0,25	236,89
430	09.09.2017 12:41:30,000	0,25	237,13
431	09.09.2017 12:41:40,000	0,25	237,61
432	09.09.2017 12:41:50,000	0,25	238,10
433	09.09.2017 12:42:00,000	0,25	238,58
434	09.09.2017 12:42:10,000	0,25	238,82
435	09.09.2017 12:42:20,000	0,25	238,82
436	09.09.2017 12:42:30,000	0,25	239,55
437	09.09.2017 12:42:40,000	0,29	239,84
438	09.09.2017 12:42:50,000	0,29	240,33
439	09.09.2017 12:43:00,000	0,29	240,81
440	09.09.2017 12:43:10,000	0,29	241,05
441	09.09.2017 12:43:20,000	0,29	241,78
442	09.09.2017 12:43:30,000	0,29	242,51
443	09.09.2017 12:43:40,000	0,29	242,99
444	09.09.2017 12:43:50,000	0,29	243,47
445	09.09.2017 12:44:00,000	0,29	244,20
446	09.09.2017 12:44:10,000	0,29	244,69
447	09.09.2017 12:44:20,000	0,29	245,17
448	09.09.2017 12:44:30,000	0,29	245,65
449	09.09.2017 12:44:40,000	0,29	245,90
450	09.09.2017 12:44:50,000	0,29	246,14
451	09.09.2017 12:45:00,000	0,33	246,43
452	09.09.2017 12:45:10,000	0,29	246,86
453	09.09.2017 12:45:20,000	0,29	247,11
454	09.09.2017 12:45:30,000	0,29	247,35
455	09.09.2017 12:45:40,000	0,33	248,13
456	09.09.2017 12:45:50,000	0,33	248,61
457	09.09.2017 12:46:00,000	0,33	248,85
458	09.09.2017 12:46:10,000	0,33	249,34
459	09.09.2017 12:46:20,000	0,33	249,82
460	09.09.2017 12:46:30,000	0,33	250,55
461	09.09.2017 12:46:40,000	0,33	251,27
462	09.09.2017 12:46:50,000	0,33	251,76
463	09.09.2017 12:47:00,000	0,33	252,24
464	09.09.2017 12:47:10,000	0,33	253,21
465	09.09.2017 12:47:20,000	0,33	253,70
466	09.09.2017 12:47:30,000	0,33	254,42
467	09.09.2017 12:47:40,000	0,33	255,15
468	09.09.2017 12:47:50,000	0,33	255,63
469	09.09.2017 12:48:00,000	0,33	256,60
470	09.09.2017 12:48:10,000	0,33	257,09
471	09.09.2017 12:48:20,000	0,33	257,81
472	09.09.2017 12:48:30,000	0,37	258,59
473	09.09.2017 12:48:40,000	0,37	259,07
474	09.09.2017 12:48:50,000	0,37	259,80
475	09.09.2017 12:49:00,000	0,37	260,52
476	09.09.2017 12:49:10,000	0,37	261,25
477	09.09.2017 12:49:20,000	0,37	261,98
478	09.09.2017 12:49:30,000	0,37	262,46
479	09.09.2017 12:49:40,000	0,37	263,43
480	09.09.2017 12:49:50,000	0,37	263,92
481	09.09.2017 12:50:00,000	0,37	264,40
482	09.09.2017 12:50:10,000	0,37	265,37
483	09.09.2017 12:50:20,000	0,37	265,85
484	09.09.2017 12:50:30,000	0,37	266,58
485	09.09.2017 12:50:40,000	0,37	267,06
486	09.09.2017 12:50:50,000	0,37	268,03
487	09.09.2017 12:51:00,000	0,37	268,52
488	09.09.2017 12:51:10,000	0,37	269,00
489	09.09.2017 12:51:20,000	0,37	269,73
490	09.09.2017 12:51:30,000	0,37	270,21
491	09.09.2017 12:51:40,000	0,37	270,70
492	09.09.2017 12:51:50,000	0,37	271,42
493	09.09.2017 12:52:00,000	0,37	272,15
494	09.09.2017 12:52:10,000	0,37	272,15
495	09.09.2017 12:52:20,000	0,37	272,87
496	09.09.2017 12:52:30,000	0,37	273,12
497	09.09.2017 12:52:40,000	0,37	273,60
498	09.09.2017 12:52:50,000	0,37	274,09
499	09.09.2017 12:53:00,000	0,37	274,57
500	09.09.2017 12:53:10,000	0,37	275,05
501	09.09.2017 12:53:20,000	0,37	275,30
502	09.09.2017 12:53:30,000	0,37	275,54
503	09.09.2017 12:53:40,000	0,37	276,26
504	09.09.2017 12:53:50,000	0,37	276,26
505	09.09.2017 12:54:00,000	0,37	276,26
506	09.09.2017 12:54:10,000	0,37	276,02
507	09.09.2017 12:54:20,000	0,37	275,30
508	09.09.2017 12:54:30,000	0,41	274,62
509	09.09.2017 12:54:40,000	0,41	273,41
510	09.09.2017 12:54:50,000	0,37	271,91
511	09.09.2017 12:55:00,000	0,37	270,21
512	09.09.2017 12:55:10,000	0,37	268,76
513	09.09.2017 12:55:20,000	0,37	266,34
514	09.09.2017 12:55:30,000	0,37	263,92
515	09.09.2017 12:55:40,000	0,37	261,98
516	09.09.2017 12:55:50,000	0,37	259,31
517	09.09.2017 12:56:00,000	0,37	256,65
518	09.09.2017 12:56:10,000	0,37	254,47
519	09.09.2017 12:56:20,000	0,37	251,56
520	09.09.2017 12:56:30,000	0,33	248,85
521	09.09.2017 12:56:40,000	0,33	246,19
522	09.09.2017 12:56:50,000	0,33	244,01
523	09.09.2017 12:57:00,000	0,29	241,05
524	09.09.2017 12:57:10,000	0,29	238,63
525	09.09.2017 12:57:20,000	0,29	235,97
526	09.09.2017 12:57:30,000	0,29	233,55
527	09.09.2017 12:57:40,000	0,29	231,12
528	09.09.2017 12:57:50,000	0,25	228,89
529	09.09.2017 12:58:00,000	0,25	226,47
530	09.09.2017 12:58:10,000	0,20	224,00
531	09.09.2017 12:58:20,000	0,20	221,58
532	09.09.2017 12:58:30,000	0,20	219,16
533	09.09.2017 12:58:40,000	0,20	216,74
534	09.09.2017 12:58:50,000	0,16	214,51
535	09.09.2017 12:59:00,000	0,16	212,57
536	09.09.2017 12:59:10,000	0,16	210,63
537	09.09.2017 12:59:20,000	0,12	208,16
538	09.09.2017 12:59:30,000	0,12	206,47
539	09.09.2017 12:59:40,000	0,12	204,53
540	09.09.2017 12:59:50,000	0,08	202,30
541	09.09.2017 13:00:00,000	0,04	200,80
542	09.09.2017 13:00:10,000	0,04	198,86
543	09.09.2017 13:00:20,000	0,04	196,68
544	09.09.2017 13:00:30,000	0,00	193,97
545	09.09.2017 13:00:40,000	-0,04	191,50
546	09.09.2017 13:00:50,000	-0,17	188,68
547	09.09.2017 13:01:00,000	-0,21	186,45
548	09.09.2017 13:01:10,000	-0,25	184,22
549	09.09.2017 13:01:20,000	-0,29	182,48
550	09.09.2017 13:01:30,000	-0,29	180,78
551	09.09.2017 13:01:40,000	-0,37	179,47
552	09.09.2017 13:01:50,000	-0,37	178,26
553	09.09.2017 13:02:00,000	-0,41	177,49
554	09.09.2017 13:02:10,000	-0,46	176,47
555	09.09.2017 13:02:20,000	-0,46	175,26
556	09.09.2017 13:02:30,000	-0,50	174,00
557	09.09.2017 13:02:40,000	-0,50	172,79
558	09.09.2017 13:02:50,000	-0,54	171,77
559	09.09.2017 13:03:00,000	-0,58	170,75
560	09.09.2017 13:03:10,000	-0,62	169,49
561	09.09.2017 13:03:20,000	-0,71	167,70
562	09.09.2017 13:03:30,000	-0,75	166,43
563	09.09.2017 13:03:40,000	-0,79	164,69
564	09.09.2017 13:03:50,000	-0,83	162,94
565	09.09.2017 13:04:00,000	-0,88	161,68
566	09.09.2017 13:04:10,000	-0,92	160,18
567	09.09.2017 13:04:20,000	-0,92	158,73
568	09.09.2017 13:04:30,000	-0,96	156,74
569	09.09.2017 13:04:40,000	-0,96	155,05
570	09.09.2017 13:04:50,000	-1,04	152,53
571	09.09.2017 13:05:00,000	-1,13	150,25
572	09.09.2017 13:05:10,000	-1,17	147,78
573	09.09.2017 13:05:20,000	-1,21	145,55
574	09.09.2017 13:05:30,000	-1,26	143,32
575	09.09.2017 13:05:40,000	-1,30	140,85
576	09.09.2017 13:05:50,000	-1,30	138,19
577	09.09.2017 13:06:00,000	-1,34	135,96
578	09.09.2017 13:06:10,000	-1,34	133,54
579	09.09.2017 13:06:20,000	-1,38	131,31
580	09.09.2017 13:06:30,000	-1,38	129,13
581	09.09.2017 13:06:40,000	-1,38	126,96
582	09.09.2017 13:06:50,000	-1,38	124,78
583	09.09.2017 13:07:00,000	-1,38	122,84
584	09.09.2017 13:07:10,000	-1,38	120,43
585	09.09.2017 13:07:20,000	-1,38	118,73
586	09.09.2017 13:07:30,000	-1,38	116,55
587	09.09.2017 13:07:40,000	-1,38	114,62
588	09.09.2017 13:07:50,000	-1,38	112,69
589	09.09.2017 13:08:00,000	-1,38	110,75
590	09.09.2017 13:08:10,000	-1,38	109,06
591	09.09.2017 13:08:20,000	-1,38	106,64
592	09.09.2017 13:08:30,000	-1,38	104,95
593	09.09.2017 13:08:40,000	-1,34	102,82
594	09.09.2017 13:08:50,000	-1,34	100,89
595	09.09.2017 13:09:00,000	-1,34	98,71
596	09.09.2017 13:09:10,000	-1,34	96,78
597	09.09.2017 13:09:20,000	-1,30	94,65
598	09.09.2017 13:09:30,000	-1,21	92,58
599	09.09.2017 13:09:40,000	-1,21	90,64
600	09.09.2017 13:09:50,000	-1,17	88,76
601	09.09.2017 13:10:00,000	-1,13	86,15
602	09.09.2017 13:10:10,000	-0,88	84,04
603	09.09.2017 13:10:20,000	-0,50	81,83
604	09.09.2017 13:10:30,000	-0,17	80,05
605	09.09.2017 13:10:40,000	-0,17	78,12
606	09.09.2017 13:10:50,000	-0,29	76,76
607	09.09.2017 13:11:00,000	-0,58	74,97
608	09.09.2017 13:11:10,000	-0,67	72,69
609	09.09.2017 13:11:20,000	-0,54	70,67
610	09.09.2017 13:11:30,000	-0,29	68,79
611	09.09.2017 13:11:40,000	-0,21	67,20
612	09.09.2017 13:11:50,000	-0,12	65,37
613	09.09.2017 13:12:00,000	-0,08	64,21
614	09.09.2017 13:12:10,000	0,00	63,10
615	09.09.2017 13:12:20,000	0,08	62,00
616	09.09.2017 13:12:30,000	0,25	60,75
617	09.09.2017 13:12:40,000	0,16	60,16
618	09.09.2017 13:12:50,000	-0,04	59,68
619	09.09.2017 13:13:00,000	-0,17	58,80
620	09.09.2017 13:13:10,000	-0,08	57,94
621	09.09.2017 13:13:20,000	0,08	56,93
622	09.09.2017 13:13:30,000	0,25	56,40
623	09.09.2017 13:13:40,000	0,41	55,63
624	09.09.2017 13:13:50,000	0,61	55,39
625	09.09.2017 13:14:00,000	0,77	54,62
626	09.09.2017 13:14:10,000	0,86	54,00
627	09.09.2017 13:14:20,000	0,94	53,37
628	09.09.2017 13:14:30,000	0,86	53,03
629	09.09.2017 13:14:40,000	0,86	52,55
630	09.09.2017 13:14:50,000	1,02	51,54
631	09.09.2017 13:15:00,000	1,18	50,77
632	09.09.2017 13:15:10,000	1,30	49,95
633	09.09.2017 13:15:20,000	1,26	49,66
634	09.09.2017 13:15:30,000	1,22	48,65
635	09.09.2017 13:15:40,000	1,22	48,16
636	09.09.2017 13:15:50,000	1,10	48,02
637	09.09.2017 13:16:00,000	1,02	47,68
638	09.09.2017 13:16:10,000	0,98	47,15
639	09.09.2017 13:16:20,000	0,86	46,76
640	09.09.2017 13:16:30,000	0,81	46,71
641	09.09.2017 13:16:40,000	0,77	46,42
642	09.09.2017 13:16:50,000	0,73	46,13
643	09.09.2017 13:17:00,000	0,73	45,65
644	09.09.2017 13:17:10,000	0,65	45,31
645	09.09.2017 13:17:20,000	0,61	45,02
646	09.09.2017 13:17:30,000	0,53	44,68
647	09.09.2017 13:17:40,000	0,45	44,10
648	09.09.2017 13:17:50,000	0,45	43,62
649	09.09.2017 13:18:00,000	0,41	43,09
650	09.09.2017 13:18:10,000	0,33	42,51
651	09.09.2017 13:18:20,000	0,29	41,73
652	09.09.2017 13:18:30,000	0,29	41,01
653	09.09.2017 13:18:40,000	0,20	40,43
654	09.09.2017 13:18:50,000	0,25	39,75
655	09.09.2017 13:19:00,000	0,29	39,08
656	09.09.2017 13:19:10,000	0,29	38,84
657	09.09.2017 13:19:20,000	0,41	38,02
658	09.09.2017 13:19:30,000	0,49	37,64
659	09.09.2017 13:19:40,000	0,49	37,16
660	09.09.2017 13:19:50,000	0,49	36,67
661	09.09.2017 13:20:00,000	0,41	36,57
662	09.09.2017 13:20:10,000	0,20	36,09
663	09.09.2017 13:20:20,000	0,04	35,17
664	09.09.2017 13:20:30,000	-0,04	34,59
665	09.09.2017 13:20:40,000	-0,12	33,76
666	09.09.2017 13:20:50,000	-0,29	33,57
667	09.09.2017 13:21:00,000	-0,41	32,94
668	09.09.2017 13:21:10,000	-0,46	32,16
669	09.09.2017 13:21:20,000	-0,50	32,11
670	09.09.2017 13:21:30,000	-0,54	31,82
671	09.09.2017 13:21:40,000	-0,54	31,82
672	09.09.2017 13:21:50,000	-0,58	32,01
673	09.09.2017 13:22:00,000	-0,58	32,01
674	09.09.2017 13:22:10,000	-0,62	32,45
675	09.09.2017 13:22:20,000	-0,58	32,50
676	09.09.2017 13:22:30,000	-0,54	32,79
677	09.09.2017 13:22:40,000	-0,41	32,94
678	09.09.2017 13:22:50,000	-0,33	33,28
679	09.09.2017 13:23:00,000	-0,29	33,33
680	09.09.2017 13:23:10,000	-0,25	33,37
681	09.09.2017 13:23:20,000	-0,25	33,62
682	09.09.2017 13:23:30,000	-0,25	33,37
683	09.09.2017 13:23:40,000	-0,25	33,37
684	09.09.2017 13:23:50,000	-0,29	33,08
685	09.09.2017 13:24:00,000	-0,46	32,40
686	09.09.2017 13:24:10,000	-0,50	32,11
687	09.09.2017 13:24:20,000	-0,54	31,10
688	09.09.2017 13:24:30,000	-0,54	30,13
689	09.09.2017 13:24:40,000	-0,46	28,79
690	09.09.2017 13:24:50,000	-0,33	27,49
691	09.09.2017 13:25:00,000	-0,29	26,58
692	09.09.2017 13:25:10,000	-0,29	25,37
693	09.09.2017 13:25:20,000	-0,33	24,60
694	09.09.2017 13:25:30,000	-0,33	23,64
695	09.09.2017 13:25:40,000	-0,29	22,96
696	09.09.2017 13:25:50,000	-0,25	22,77
697	09.09.2017 13:26:00,000	-0,21	22,58
698	09.09.2017 13:26:10,000	-0,21	23,06
699	09.09.2017 13:26:20,000	-0,25	23,49
700	09.09.2017 13:26:30,000	-0,29	24,41
701	09.09.2017 13:26:40,000	-0,29	25,61
702	09.09.2017 13:26:50,000	-0,29	26,82
703	09.09.2017 13:27:00,000	-0,25	28,07
704	09.09.2017 13:27:10,000	-0,29	29,71
705	09.09.2017 13:27:20,000	-0,41	31,73
706	09.09.2017 13:27:30,000	-0,37	33,23
707	09.09.2017 13:27:40,000	-0,25	34,82
708	09.09.2017 13:27:50,000	-0,08	36,22
709	09.09.2017 13:28:00,000	0,20	37,29
710	09.09.2017 13:28:10,000	0,20	38,26
711	09.09.2017 13:28:20,000	0,20	38,50
712	09.09.2017 13:28:30,000	0,20	38,26
713	09.09.2017 13:28:40,000	0,29	37,39
714	09.09.2017 13:28:50,000	0,37	36,53
715	09.09.2017 13:29:00,000	0,41	35,13
716	09.09.2017 13:29:10,000	0,16	33,87
717	09.09.2017 13:29:20,000	0,00	32,71
718	09.09.2017 13:29:30,000	-0,17	32,27
719	09.09.2017 13:29:40,000	-0,29	32,36
720	09.09.2017 13:29:50,000	-0,37	32,02
721	09.09.2017 13:30:00,000	-0,46	32,16
722	09.09.2017 13:30:10,000	-0,50	32,11
723	09.09.2017 13:30:20,000	-0,54	32,06
724	09.09.2017 13:30:30,000	-0,54	32,06
725	09.09.2017 13:30:40,000	-0,50	32,11
726	09.09.2017 13:30:50,000	-0,46	31,92
727	09.09.2017 13:31:00,000	-0,46	31,44
728	09.09.2017 13:31:10,000	-0,46	31,20
729	09.09.2017 13:31:20,000	-0,50	31,15
730	09.09.2017 13:31:30,000	-0,54	31,10
731	09.09.2017 13:31:40,000	-0,58	30,81
732	09.09.2017 13:31:50,000	-0,58	31,05
733	09.09.2017 13:32:00,000	-0,58	31,29
734	09.09.2017 13:32:10,000	-0,62	31,48
735	09.09.2017 13:32:20,000	-0,58	32,01
736	09.09.2017 13:32:30,000	-0,50	32,59
737	09.09.2017 13:32:40,000	-0,41	32,94
738	09.09.2017 13:32:50,000	-0,33	33,28
739	09.09.2017 13:33:00,000	-0,29	34,05
740	09.09.2017 13:33:10,000	-0,25	34,34
741	09.09.2017 13:33:20,000	-0,25	34,82
742	09.09.2017 13:33:30,000	-0,21	34,63
743	09.09.2017 13:33:40,000	-0,21	34,87
744	09.09.2017 13:33:50,000	-0,17	34,44
745	09.09.2017 13:34:00,000	-0,17	33,96
746	09.09.2017 13:34:10,000	-0,21	33,42
747	09.09.2017 13:34:20,000	-0,29	33,08
748	09.09.2017 13:34:30,000	-0,41	32,45
749	09.09.2017 13:34:40,000	-0,50	31,63
750	09.09.2017 13:34:50,000	-0,50	30,91
751	09.09.2017 13:35:00,000	-0,54	30,13
752	09.09.2017 13:35:10,000	-0,58	29,60
753	09.09.2017 13:35:20,000	-0,54	28,69
754	09.09.2017 13:35:30,000	-0,41	27,63
755	09.09.2017 13:35:40,000	-0,33	27,01
756	09.09.2017 13:35:50,000	-0,29	26,58
757	09.09.2017 13:36:00,000	-0,37	26,00
758	09.09.2017 13:36:10,000	-0,37	25,27
759	09.09.2017 13:36:20,000	-0,33	25,08
760	09.09.2017 13:36:30,000	-0,37	25,27
761	09.09.2017 13:36:40,000	-0,37	25,51
762	09.09.2017 13:36:50,000	-0,37	25,75
763	09.09.2017 13:37:00,000	-0,37	25,27
764	09.09.2017 13:37:10,000	-0,37	24,79
765	09.09.2017 13:37:20,000	-0,37	24,07
766	09.09.2017 13:37:30,000	-0,46	24,21
767	09.09.2017 13:37:40,000	-0,50	22,95
768	09.09.2017 13:37:50,000	-0,50	22,95
769	09.09.2017 13:38:00,000	-0,50	23,68
770	09.09.2017 13:38:10,000	-0,54	23,63
771	09.09.2017 13:38:20,000	-0,54	23,87
772	09.09.2017 13:38:30,000	-0,50	23,68
773	09.09.2017 13:38:40,000	-0,50	23,92
774	09.09.2017 13:38:50,000	-0,46	23,73
775	09.09.2017 13:39:00,000	-0,41	23,54
776	09.09.2017 13:39:10,000	-0,46	23,49
777	09.09.2017 13:39:20,000	-0,41	23,78
778	09.09.2017 13:39:30,000	-0,41	24,02
779	09.09.2017 13:39:40,000	-0,41	23,54
780	09.09.2017 13:39:50,000	-0,46	23,00
781	09.09.2017 13:40:00,000	-0,50	23,20
782	09.09.2017 13:40:10,000	-0,50	23,20
783	09.09.2017 13:40:20,000	-0,50	23,44
784	09.09.2017 13:40:30,000	-0,46	23,49
785	09.09.2017 13:40:40,000	-0,46	23,97
786	09.09.2017 13:40:50,000	-0,46	24,21
787	09.09.2017 13:41:00,000	-0,46	24,69
788	09.09.2017 13:41:10,000	-0,46	24,93
789	09.09.2017 13:41:20,000	-0,46	24,93
790	09.09.2017 13:41:30,000	-0,41	24,98
791	09.09.2017 13:41:40,000	-0,37	25,27
792	09.09.2017 13:41:50,000	-0,29	25,37
793	09.09.2017 13:42:00,000	-0,25	25,42
794	09.09.2017 13:42:10,000	-0,21	25,47
795	09.09.2017 13:42:20,000	-0,21	25,71
796	09.09.2017 13:42:30,000	-0,21	25,71
797	09.09.2017 13:42:40,000	-0,21	25,95
798	09.09.2017 13:42:50,000	-0,17	26,24
799	09.09.2017 13:43:00,000	-0,17	26,24
800	09.09.2017 13:43:10,000	-0,17	26,24
801	09.09.2017 13:43:20,000	-0,17	26,48
802	09.09.2017 13:43:30,000	-0,17	26,73
803	09.09.2017 13:43:40,000	-0,17	26,73
804	09.09.2017 13:43:50,000	-0,12	26,77
805	09.09.2017 13:44:00,000	-0,12	26,77
806	09.09.2017 13:44:10,000	-0,17	26,73
807	09.09.2017 13:44:20,000	-0,21	24,27
808	09.09.2017 13:44:30,000	-0,29	23,20
809	09.09.2017 13:44:40,000	-0,37	21,90
810	09.09.2017 13:44:50,000	-0,41	20,89
811	09.09.2017 13:45:00,000	-0,37	19,97
812	09.09.2017 13:45:10,000	-0,37	21,42
813	09.09.2017 13:45:20,000	-0,41	22,09
814	09.09.2017 13:45:30,000	-0,46	22,76
815	09.09.2017 13:45:40,000	-0,46	23,00
816	09.09.2017 13:45:50,000	-0,46	23,49
817	09.09.2017 13:46:00,000	-0,46	23,73
818	09.09.2017 13:46:10,000	-0,46	23,97
819	09.09.2017 13:46:20,000	-0,46	24,45
820	09.09.2017 13:46:30,000	-0,46	24,93
821	09.09.2017 13:46:40,000	-0,50	24,64
822	09.09.2017 13:46:50,000	-0,50	25,12
823	09.09.2017 13:47:00,000	-0,46	24,93
824	09.09.2017 13:47:10,000	-0,41	24,50
825	09.09.2017 13:47:20,000	-0,46	23,25
826	09.09.2017 13:47:30,000	-0,46	22,28
827	09.09.2017 13:47:40,000	-0,50	21,03
828	09.09.2017 13:47:50,000	-0,46	19,87
829	09.09.2017 13:48:00,000	-0,33	18,82
830	09.09.2017 13:48:10,000	-0,25	17,71
831	09.09.2017 13:48:20,000	-0,12	16,90
832	09.09.2017 13:48:30,000	-0,04	15,79
833	09.09.2017 13:48:40,000	0,00	14,88
834	09.09.2017 13:48:50,000	0,00	14,16
835	09.09.2017 13:49:00,000	0,04	13,48
836	09.09.2017 13:49:10,000	0,04	12,28
837	09.09.2017 13:49:20,000	0,00	11,27
838	09.09.2017 13:49:30,000	0,04	10,35
839	09.09.2017 13:49:40,000	0,53	8,54
840	09.09.2017 13:49:50,000	1,02	6,71
841	09.09.2017 13:50:00,000	1,22	5,03
842	09.09.2017 13:50:10,000	1,54	3,49
843	09.09.2017 13:50:20,000	1,77	2,10
844	09.09.2017 13:50:30,000	1,89	1,52
845	09.09.2017 13:50:40,000	2,01	0,70
846	09.09.2017 13:50:50,000	2,13	0,00
847	09.09.2017 13:51:00,000	2,16	0,00
848	09.09.2017 13:51:10,000	2,16	0,00
849	09.09.2017 13:51:20,000	2,20	0,00
850	09.09.2017 13:51:30,000	2,20	0,00
851	09.09.2017 13:51:40,000	2,20	0,00
852	09.09.2017 13:51:50,000	2,20	0,00
853	09.09.2017 13:52:00,000	2,20	0,00
854	09.09.2017 13:52:10,000	2,20	0,00
855	09.09.2017 13:52:20,000	2,20	0,00
856	09.09.2017 13:52:30,000	2,20	0,00
857	09.09.2017 13:52:40,000	2,24	0,00
858	09.09.2017 13:52:50,000	2,24	0,00
859	09.09.2017 13:53:00,000	2,24	0,00
860	09.09.2017 13:53:10,000	2,28	0,00
861	09.09.2017 13:53:20,000	2,28	0,00
862	09.09.2017 13:53:30,000	2,28	0,00
863	09.09.2017 13:53:40,000	2,28	0,00
864	09.09.2017 13:53:50,000	2,28	0,00
865	09.09.2017 13:54:00,000	2,28	0,00
866	09.09.2017 13:54:10,000	2,32	0,00
867	09.09.2017 13:54:20,000	2,36	0,00
868	09.09.2017 13:54:30,000	2,40	0,00
869	09.09.2017 13:54:40,000	2,40	0,00
870	09.09.2017 13:54:50,000	2,44	0,00
871	09.09.2017 13:55:00,000	2,44	0,00
872	09.09.2017 13:55:10,000	2,48	0,00
873	09.09.2017 13:55:20,000	2,52	0,00
874	09.09.2017 13:55:30,000	4,11	0,00
