#B	Created:	10.09.2017 00:25:46
##	Version	SeaStar	7.49
#5	Field separation:	0
#2	Date & Time:	1
#6	Decimal point:	,
#7	Date def.:	dd.mm.yyyy	.
#8	Time def.:	:
##	Axis	0	Temperature(°C)	clRed	FALSE
##	Axis	1	Depth(m)	clBlue	TRUE
##	Series	0	Temp(°C)	clRed	0	Temp(°C)	2
##	Series	1	Depth(m)	clBlue	1	Depth(m)	2
##	Recorder	24	DST centi	8762
##	Chart	24C8762DAT	
#D	Data:	963	09.09.2017 21:45:00	10.09.2017 00:25:20
1	09.09.2017 21:45:00,000	-0,33	22,19
2	09.09.2017 21:45:10,000	-0,29	21,03
3	09.09.2017 21:45:20,000	-0,25	20,12
4	09.09.2017 21:45:30,000	-0,25	19,16
5	09.09.2017 21:45:40,000	-0,25	19,16
6	09.09.2017 21:45:50,000	-0,21	18,48
7	09.09.2017 21:46:00,000	-0,25	18,19
8	09.09.2017 21:46:10,000	-0,25	17,95
9	09.09.2017 21:46:20,000	-0,21	17,28
10	09.09.2017 21:46:30,000	-0,17	16,85
11	09.09.2017 21:46:40,000	-0,12	17,14
12	09.09.2017 21:46:50,000	-0,12	16,90
13	09.09.2017 21:47:00,000	-0,12	16,90
14	09.09.2017 21:47:10,000	-0,12	17,14
15	09.09.2017 21:47:20,000	-0,12	18,58
16	09.09.2017 21:47:30,000	-0,12	19,79
17	09.09.2017 21:47:40,000	-0,12	21,47
18	09.09.2017 21:47:50,000	-0,21	22,82
19	09.09.2017 21:48:00,000	-0,25	24,22
20	09.09.2017 21:48:10,000	-0,25	25,18
21	09.09.2017 21:48:20,000	-0,21	25,47
22	09.09.2017 21:48:30,000	-0,21	25,95
23	09.09.2017 21:48:40,000	-0,21	25,95
24	09.09.2017 21:48:50,000	-0,21	26,43
25	09.09.2017 21:49:00,000	-0,21	26,68
26	09.09.2017 21:49:10,000	-0,17	27,21
27	09.09.2017 21:49:20,000	-0,17	27,21
28	09.09.2017 21:49:30,000	-0,17	27,45
29	09.09.2017 21:49:40,000	-0,17	27,93
30	09.09.2017 21:49:50,000	-0,17	27,93
31	09.09.2017 21:50:00,000	-0,17	28,17
32	09.09.2017 21:50:10,000	-0,17	29,13
33	09.09.2017 21:50:20,000	-0,17	30,10
34	09.09.2017 21:50:30,000	-0,17	30,58
35	09.09.2017 21:50:40,000	-0,17	31,30
36	09.09.2017 21:50:50,000	-0,17	31,30
37	09.09.2017 21:51:00,000	-0,17	31,30
38	09.09.2017 21:51:10,000	-0,17	30,58
39	09.09.2017 21:51:20,000	-0,17	30,10
40	09.09.2017 21:51:30,000	-0,21	29,57
41	09.09.2017 21:51:40,000	-0,21	29,81
42	09.09.2017 21:51:50,000	-0,21	30,77
43	09.09.2017 21:52:00,000	-0,21	32,22
44	09.09.2017 21:52:10,000	-0,25	32,89
45	09.09.2017 21:52:20,000	-0,21	32,94
46	09.09.2017 21:52:30,000	-0,21	32,94
47	09.09.2017 21:52:40,000	-0,21	33,18
48	09.09.2017 21:52:50,000	-0,21	33,18
49	09.09.2017 21:53:00,000	-0,17	33,23
50	09.09.2017 21:53:10,000	-0,21	32,94
51	09.09.2017 21:53:20,000	-0,21	33,42
52	09.09.2017 21:53:30,000	-0,21	33,42
53	09.09.2017 21:53:40,000	-0,25	33,13
54	09.09.2017 21:53:50,000	-0,25	31,93
55	09.09.2017 21:54:00,000	-0,29	30,91
56	09.09.2017 21:54:10,000	-0,25	30,72
57	09.09.2017 21:54:20,000	-0,25	30,48
58	09.09.2017 21:54:30,000	-0,21	30,05
59	09.09.2017 21:54:40,000	-0,21	30,05
60	09.09.2017 21:54:50,000	-0,21	31,01
61	09.09.2017 21:55:00,000	-0,21	32,22
62	09.09.2017 21:55:10,000	-0,21	34,15
63	09.09.2017 21:55:20,000	-0,21	35,59
64	09.09.2017 21:55:30,000	-0,21	36,08
65	09.09.2017 21:55:40,000	-0,21	36,56
66	09.09.2017 21:55:50,000	-0,25	36,75
67	09.09.2017 21:56:00,000	-0,25	36,99
68	09.09.2017 21:56:10,000	-0,25	37,71
69	09.09.2017 21:56:20,000	-0,25	38,68
70	09.09.2017 21:56:30,000	-0,29	39,83
71	09.09.2017 21:56:40,000	-0,29	40,80
72	09.09.2017 21:56:50,000	-0,33	41,23
73	09.09.2017 21:57:00,000	-0,37	42,15
74	09.09.2017 21:57:10,000	-0,41	42,82
75	09.09.2017 21:57:20,000	-0,41	43,79
76	09.09.2017 21:57:30,000	-0,41	44,99
77	09.09.2017 21:57:40,000	-0,41	45,96
78	09.09.2017 21:57:50,000	-0,41	46,68
79	09.09.2017 21:58:00,000	-0,41	47,65
80	09.09.2017 21:58:10,000	-0,41	48,85
81	09.09.2017 21:58:20,000	-0,41	49,82
82	09.09.2017 21:58:30,000	-0,41	50,78
83	09.09.2017 21:58:40,000	-0,41	51,75
84	09.09.2017 21:58:50,000	-0,41	52,71
85	09.09.2017 21:59:00,000	-0,41	53,68
86	09.09.2017 21:59:10,000	-0,41	54,64
87	09.09.2017 21:59:20,000	-0,41	55,37
88	09.09.2017 21:59:30,000	-0,41	56,33
89	09.09.2017 21:59:40,000	-0,37	57,35
90	09.09.2017 21:59:50,000	-0,37	58,07
91	09.09.2017 22:00:00,000	-0,29	58,90
92	09.09.2017 22:00:10,000	-0,25	60,15
93	09.09.2017 22:00:20,000	-0,21	61,41
94	09.09.2017 22:00:30,000	-0,21	62,37
95	09.09.2017 22:00:40,000	-0,21	63,82
96	09.09.2017 22:00:50,000	-0,17	65,08
97	09.09.2017 22:01:00,000	-0,21	66,48
98	09.09.2017 22:01:10,000	-0,21	67,93
99	09.09.2017 22:01:20,000	-0,21	69,38
100	09.09.2017 22:01:30,000	-0,21	70,58
101	09.09.2017 22:01:40,000	-0,21	72,03
102	09.09.2017 22:01:50,000	-0,21	73,72
103	09.09.2017 22:02:00,000	-0,21	75,41
104	09.09.2017 22:02:10,000	-0,21	76,62
105	09.09.2017 22:02:20,000	-0,21	78,55
106	09.09.2017 22:02:30,000	-0,21	80,25
107	09.09.2017 22:02:40,000	-0,21	81,94
108	09.09.2017 22:02:50,000	-0,21	83,63
109	09.09.2017 22:03:00,000	-0,21	85,08
110	09.09.2017 22:03:10,000	-0,21	86,77
111	09.09.2017 22:03:20,000	-0,29	88,36
112	09.09.2017 22:03:30,000	-0,46	89,37
113	09.09.2017 22:03:40,000	-0,54	90,48
114	09.09.2017 22:03:50,000	-0,62	91,59
115	09.09.2017 22:04:00,000	-0,67	92,99
116	09.09.2017 22:04:10,000	-0,67	94,20
117	09.09.2017 22:04:20,000	-0,71	95,60
118	09.09.2017 22:04:30,000	-0,71	97,05
119	09.09.2017 22:04:40,000	-0,71	98,50
120	09.09.2017 22:04:50,000	-0,71	100,19
121	09.09.2017 22:05:00,000	-0,71	101,88
122	09.09.2017 22:05:10,000	-0,71	103,33
123	09.09.2017 22:05:20,000	-0,75	104,98
124	09.09.2017 22:05:30,000	-0,75	106,43
125	09.09.2017 22:05:40,000	-0,79	108,31
126	09.09.2017 22:05:50,000	-0,83	109,71
127	09.09.2017 22:06:00,000	-0,83	111,40
128	09.09.2017 22:06:10,000	-0,83	112,86
129	09.09.2017 22:06:20,000	-0,83	114,31
130	09.09.2017 22:06:30,000	-0,83	115,52
131	09.09.2017 22:06:40,000	-0,83	116,72
132	09.09.2017 22:06:50,000	-0,79	118,23
133	09.09.2017 22:07:00,000	-0,79	119,19
134	09.09.2017 22:07:10,000	-0,79	120,65
135	09.09.2017 22:07:20,000	-0,79	122,10
136	09.09.2017 22:07:30,000	-0,75	123,36
137	09.09.2017 22:07:40,000	-0,75	124,57
138	09.09.2017 22:07:50,000	-0,75	125,78
139	09.09.2017 22:08:00,000	-0,71	127,28
140	09.09.2017 22:08:10,000	-0,71	128,49
141	09.09.2017 22:08:20,000	-0,67	129,50
142	09.09.2017 22:08:30,000	-0,67	131,20
143	09.09.2017 22:08:40,000	-0,62	131,97
144	09.09.2017 22:08:50,000	-0,62	133,18
145	09.09.2017 22:09:00,000	-0,58	133,96
146	09.09.2017 22:09:10,000	-0,58	134,93
147	09.09.2017 22:09:20,000	-0,54	135,95
148	09.09.2017 22:09:30,000	-0,54	136,67
149	09.09.2017 22:09:40,000	-0,54	137,64
150	09.09.2017 22:09:50,000	-0,54	138,61
151	09.09.2017 22:10:00,000	-0,54	139,33
152	09.09.2017 22:10:10,000	-0,50	140,35
153	09.09.2017 22:10:20,000	-0,50	141,56
154	09.09.2017 22:10:30,000	-0,50	142,77
155	09.09.2017 22:10:40,000	-0,50	143,98
156	09.09.2017 22:10:50,000	-0,50	145,19
157	09.09.2017 22:11:00,000	-0,46	146,94
158	09.09.2017 22:11:10,000	-0,46	148,15
159	09.09.2017 22:11:20,000	-0,46	149,84
160	09.09.2017 22:11:30,000	-0,41	151,34
161	09.09.2017 22:11:40,000	-0,41	153,28
162	09.09.2017 22:11:50,000	-0,37	154,78
163	09.09.2017 22:12:00,000	-0,33	156,77
164	09.09.2017 22:12:10,000	-0,29	158,51
165	09.09.2017 22:12:20,000	-0,29	160,45
166	09.09.2017 22:12:30,000	-0,29	162,14
167	09.09.2017 22:12:40,000	-0,25	164,13
168	09.09.2017 22:12:50,000	-0,25	166,07
169	09.09.2017 22:13:00,000	-0,21	168,05
170	09.09.2017 22:13:10,000	-0,17	169,80
171	09.09.2017 22:13:20,000	-0,17	171,73
172	09.09.2017 22:13:30,000	-0,12	173,96
173	09.09.2017 22:13:40,000	-0,12	176,14
174	09.09.2017 22:13:50,000	-0,08	178,37
175	09.09.2017 22:14:00,000	-0,04	180,60
176	09.09.2017 22:14:10,000	-0,04	182,78
177	09.09.2017 22:14:20,000	0,00	185,25
178	09.09.2017 22:14:30,000	0,00	187,67
179	09.09.2017 22:14:40,000	0,04	189,90
180	09.09.2017 22:14:50,000	0,04	192,32
181	09.09.2017 22:15:00,000	0,08	194,79
182	09.09.2017 22:15:10,000	0,12	197,26
183	09.09.2017 22:15:20,000	0,12	199,68
184	09.09.2017 22:15:30,000	0,12	202,11
185	09.09.2017 22:15:40,000	0,16	204,58
186	09.09.2017 22:15:50,000	0,20	206,81
187	09.09.2017 22:16:00,000	0,20	209,47
188	09.09.2017 22:16:10,000	0,25	211,94
189	09.09.2017 22:16:20,000	0,25	214,12
190	09.09.2017 22:16:30,000	0,29	216,35
191	09.09.2017 22:16:40,000	0,29	218,77
192	09.09.2017 22:16:50,000	0,29	221,44
193	09.09.2017 22:17:00,000	0,29	223,86
194	09.09.2017 22:17:10,000	0,33	226,33
195	09.09.2017 22:17:20,000	0,33	228,51
196	09.09.2017 22:17:30,000	0,37	231,22
197	09.09.2017 22:17:40,000	0,37	233,89
198	09.09.2017 22:17:50,000	0,37	236,55
199	09.09.2017 22:18:00,000	0,37	239,21
200	09.09.2017 22:18:10,000	0,41	241,69
201	09.09.2017 22:18:20,000	0,41	244,11
202	09.09.2017 22:18:30,000	0,41	246,77
203	09.09.2017 22:18:40,000	0,45	249,24
204	09.09.2017 22:18:50,000	0,45	251,42
205	09.09.2017 22:19:00,000	0,45	254,33
206	09.09.2017 22:19:10,000	0,45	256,75
207	09.09.2017 22:19:20,000	0,45	259,41
208	09.09.2017 22:19:30,000	0,45	261,83
209	09.09.2017 22:19:40,000	0,45	264,26
210	09.09.2017 22:19:50,000	0,49	266,97
211	09.09.2017 22:20:00,000	0,49	269,39
212	09.09.2017 22:20:10,000	0,49	272,05
213	09.09.2017 22:20:20,000	0,49	274,23
214	09.09.2017 22:20:30,000	0,49	276,90
215	09.09.2017 22:20:40,000	0,53	279,37
216	09.09.2017 22:20:50,000	0,53	282,03
217	09.09.2017 22:21:00,000	0,53	284,69
218	09.09.2017 22:21:10,000	0,53	287,11
219	09.09.2017 22:21:20,000	0,53	289,54
220	09.09.2017 22:21:30,000	0,53	292,44
221	09.09.2017 22:21:40,000	0,53	295,10
222	09.09.2017 22:21:50,000	0,53	297,77
223	09.09.2017 22:22:00,000	0,53	299,95
224	09.09.2017 22:22:10,000	0,57	302,90
225	09.09.2017 22:22:20,000	0,57	305,56
226	09.09.2017 22:22:30,000	0,57	308,23
227	09.09.2017 22:22:40,000	0,57	310,65
228	09.09.2017 22:22:50,000	0,57	313,07
229	09.09.2017 22:23:00,000	0,57	315,73
230	09.09.2017 22:23:10,000	0,57	317,91
231	09.09.2017 22:23:20,000	0,57	320,09
232	09.09.2017 22:23:30,000	0,57	322,26
233	09.09.2017 22:23:40,000	0,57	324,20
234	09.09.2017 22:23:50,000	0,57	326,14
235	09.09.2017 22:24:00,000	0,57	328,07
236	09.09.2017 22:24:10,000	0,57	329,77
237	09.09.2017 22:24:20,000	0,57	331,22
238	09.09.2017 22:24:30,000	0,57	332,67
239	09.09.2017 22:24:40,000	0,57	334,36
240	09.09.2017 22:24:50,000	0,57	335,57
241	09.09.2017 22:25:00,000	0,57	337,03
242	09.09.2017 22:25:10,000	0,57	338,48
243	09.09.2017 22:25:20,000	0,57	339,69
244	09.09.2017 22:25:30,000	0,57	340,41
245	09.09.2017 22:25:40,000	0,57	341,87
246	09.09.2017 22:25:50,000	0,61	343,12
247	09.09.2017 22:26:00,000	0,61	344,09
248	09.09.2017 22:26:10,000	0,61	345,54
249	09.09.2017 22:26:20,000	0,61	346,51
250	09.09.2017 22:26:30,000	0,61	347,48
251	09.09.2017 22:26:40,000	0,61	348,69
252	09.09.2017 22:26:50,000	0,61	349,66
253	09.09.2017 22:27:00,000	0,61	350,87
254	09.09.2017 22:27:10,000	0,61	352,08
255	09.09.2017 22:27:20,000	0,61	353,04
256	09.09.2017 22:27:30,000	0,61	354,01
257	09.09.2017 22:27:40,000	0,61	355,22
258	09.09.2017 22:27:50,000	0,61	356,19
259	09.09.2017 22:28:00,000	0,61	357,40
260	09.09.2017 22:28:10,000	0,61	358,61
261	09.09.2017 22:28:20,000	0,61	359,82
262	09.09.2017 22:28:30,000	0,61	360,79
263	09.09.2017 22:28:40,000	0,61	362,00
264	09.09.2017 22:28:50,000	0,61	363,20
265	09.09.2017 22:29:00,000	0,61	364,17
266	09.09.2017 22:29:10,000	0,61	365,38
267	09.09.2017 22:29:20,000	0,61	366,59
268	09.09.2017 22:29:30,000	0,61	367,08
269	09.09.2017 22:29:40,000	0,61	367,80
270	09.09.2017 22:29:50,000	0,61	367,56
271	09.09.2017 22:30:00,000	0,61	367,56
272	09.09.2017 22:30:10,000	0,61	367,56
273	09.09.2017 22:30:20,000	0,61	367,08
274	09.09.2017 22:30:30,000	0,61	366,59
275	09.09.2017 22:30:40,000	0,61	366,35
276	09.09.2017 22:30:50,000	0,61	365,87
277	09.09.2017 22:31:00,000	0,61	365,38
278	09.09.2017 22:31:10,000	0,61	364,66
279	09.09.2017 22:31:20,000	0,61	363,93
280	09.09.2017 22:31:30,000	0,61	363,45
281	09.09.2017 22:31:40,000	0,61	362,96
282	09.09.2017 22:31:50,000	0,61	362,24
283	09.09.2017 22:32:00,000	0,61	361,51
284	09.09.2017 22:32:10,000	0,61	360,79
285	09.09.2017 22:32:20,000	0,61	360,30
286	09.09.2017 22:32:30,000	0,61	359,58
287	09.09.2017 22:32:40,000	0,61	358,61
288	09.09.2017 22:32:50,000	0,61	358,12
289	09.09.2017 22:33:00,000	0,61	357,16
290	09.09.2017 22:33:10,000	0,61	356,43
291	09.09.2017 22:33:20,000	0,61	355,95
292	09.09.2017 22:33:30,000	0,61	355,22
293	09.09.2017 22:33:40,000	0,61	354,50
294	09.09.2017 22:33:50,000	0,61	354,01
295	09.09.2017 22:34:00,000	0,61	353,04
296	09.09.2017 22:34:10,000	0,61	352,56
297	09.09.2017 22:34:20,000	0,61	351,83
298	09.09.2017 22:34:30,000	0,61	351,35
299	09.09.2017 22:34:40,000	0,61	350,63
300	09.09.2017 22:34:50,000	0,61	350,38
301	09.09.2017 22:35:00,000	0,61	349,42
302	09.09.2017 22:35:10,000	0,61	348,93
303	09.09.2017 22:35:20,000	0,61	348,45
304	09.09.2017 22:35:30,000	0,61	347,72
305	09.09.2017 22:35:40,000	0,61	347,24
306	09.09.2017 22:35:50,000	0,61	346,51
307	09.09.2017 22:36:00,000	0,61	346,03
308	09.09.2017 22:36:10,000	0,61	345,30
309	09.09.2017 22:36:20,000	0,61	344,82
310	09.09.2017 22:36:30,000	0,61	344,58
311	09.09.2017 22:36:40,000	0,61	343,85
312	09.09.2017 22:36:50,000	0,61	343,37
313	09.09.2017 22:37:00,000	0,61	342,64
314	09.09.2017 22:37:10,000	0,61	342,16
315	09.09.2017 22:37:20,000	0,61	341,67
316	09.09.2017 22:37:30,000	0,61	341,19
317	09.09.2017 22:37:40,000	0,61	340,46
318	09.09.2017 22:37:50,000	0,61	340,22
319	09.09.2017 22:38:00,000	0,61	339,74
320	09.09.2017 22:38:10,000	0,61	339,01
321	09.09.2017 22:38:20,000	0,61	338,77
322	09.09.2017 22:38:30,000	0,61	338,29
323	09.09.2017 22:38:40,000	0,61	337,80
324	09.09.2017 22:38:50,000	0,61	337,56
325	09.09.2017 22:39:00,000	0,57	337,03
326	09.09.2017 22:39:10,000	0,57	336,54
327	09.09.2017 22:39:20,000	0,57	336,06
328	09.09.2017 22:39:30,000	0,57	335,57
329	09.09.2017 22:39:40,000	0,57	335,09
330	09.09.2017 22:39:50,000	0,57	334,85
331	09.09.2017 22:40:00,000	0,57	334,36
332	09.09.2017 22:40:10,000	0,57	333,64
333	09.09.2017 22:40:20,000	0,57	333,15
334	09.09.2017 22:40:30,000	0,57	332,67
335	09.09.2017 22:40:40,000	0,57	332,19
336	09.09.2017 22:40:50,000	0,57	331,94
337	09.09.2017 22:41:00,000	0,57	331,22
338	09.09.2017 22:41:10,000	0,57	330,73
339	09.09.2017 22:41:20,000	0,57	330,49
340	09.09.2017 22:41:30,000	0,57	330,01
341	09.09.2017 22:41:40,000	0,57	329,52
342	09.09.2017 22:41:50,000	0,57	329,28
343	09.09.2017 22:42:00,000	0,57	328,80
344	09.09.2017 22:42:10,000	0,57	328,56
345	09.09.2017 22:42:20,000	0,57	328,31
346	09.09.2017 22:42:30,000	0,57	327,83
347	09.09.2017 22:42:40,000	0,57	327,83
348	09.09.2017 22:42:50,000	0,57	327,35
349	09.09.2017 22:43:00,000	0,57	327,10
350	09.09.2017 22:43:10,000	0,57	327,10
351	09.09.2017 22:43:20,000	0,57	326,62
352	09.09.2017 22:43:30,000	0,57	326,14
353	09.09.2017 22:43:40,000	0,57	325,89
354	09.09.2017 22:43:50,000	0,57	325,89
355	09.09.2017 22:44:00,000	0,57	325,65
356	09.09.2017 22:44:10,000	0,57	325,41
357	09.09.2017 22:44:20,000	0,57	325,17
358	09.09.2017 22:44:30,000	0,57	324,93
359	09.09.2017 22:44:40,000	0,57	324,93
360	09.09.2017 22:44:50,000	0,57	324,44
361	09.09.2017 22:45:00,000	0,57	324,20
362	09.09.2017 22:45:10,000	0,57	324,20
363	09.09.2017 22:45:20,000	0,57	323,96
364	09.09.2017 22:45:30,000	0,57	323,72
365	09.09.2017 22:45:40,000	0,57	323,47
366	09.09.2017 22:45:50,000	0,57	323,23
367	09.09.2017 22:46:00,000	0,57	322,99
368	09.09.2017 22:46:10,000	0,57	322,75
369	09.09.2017 22:46:20,000	0,57	322,51
370	09.09.2017 22:46:30,000	0,57	322,26
371	09.09.2017 22:46:40,000	0,57	322,02
372	09.09.2017 22:46:50,000	0,57	321,78
373	09.09.2017 22:47:00,000	0,57	321,54
374	09.09.2017 22:47:10,000	0,57	321,05
375	09.09.2017 22:47:20,000	0,57	320,81
376	09.09.2017 22:47:30,000	0,57	320,57
377	09.09.2017 22:47:40,000	0,57	320,33
378	09.09.2017 22:47:50,000	0,57	320,09
379	09.09.2017 22:48:00,000	0,57	319,84
380	09.09.2017 22:48:10,000	0,57	319,36
381	09.09.2017 22:48:20,000	0,57	319,36
382	09.09.2017 22:48:30,000	0,57	318,63
383	09.09.2017 22:48:40,000	0,57	318,39
384	09.09.2017 22:48:50,000	0,57	317,91
385	09.09.2017 22:49:00,000	0,57	317,42
386	09.09.2017 22:49:10,000	0,57	317,18
387	09.09.2017 22:49:20,000	0,57	316,70
388	09.09.2017 22:49:30,000	0,57	316,46
389	09.09.2017 22:49:40,000	0,57	316,21
390	09.09.2017 22:49:50,000	0,57	315,73
391	09.09.2017 22:50:00,000	0,57	315,73
392	09.09.2017 22:50:10,000	0,57	315,49
393	09.09.2017 22:50:20,000	0,57	315,25
394	09.09.2017 22:50:30,000	0,57	315,00
395	09.09.2017 22:50:40,000	0,57	314,76
396	09.09.2017 22:50:50,000	0,57	314,52
397	09.09.2017 22:51:00,000	0,57	314,52
398	09.09.2017 22:51:10,000	0,57	314,76
399	09.09.2017 22:51:20,000	0,57	315,25
400	09.09.2017 22:51:30,000	0,57	315,73
401	09.09.2017 22:51:40,000	0,57	316,46
402	09.09.2017 22:51:50,000	0,57	317,42
403	09.09.2017 22:52:00,000	0,57	317,91
404	09.09.2017 22:52:10,000	0,57	318,88
405	09.09.2017 22:52:20,000	0,57	319,84
406	09.09.2017 22:52:30,000	0,57	320,57
407	09.09.2017 22:52:40,000	0,57	321,78
408	09.09.2017 22:52:50,000	0,57	322,51
409	09.09.2017 22:53:00,000	0,57	323,47
410	09.09.2017 22:53:10,000	0,57	324,44
411	09.09.2017 22:53:20,000	0,57	325,17
412	09.09.2017 22:53:30,000	0,57	325,89
413	09.09.2017 22:53:40,000	0,57	327,10
414	09.09.2017 22:53:50,000	0,57	327,83
415	09.09.2017 22:54:00,000	0,57	328,56
416	09.09.2017 22:54:10,000	0,57	329,52
417	09.09.2017 22:54:20,000	0,57	330,49
418	09.09.2017 22:54:30,000	0,57	330,98
419	09.09.2017 22:54:40,000	0,57	331,70
420	09.09.2017 22:54:50,000	0,57	332,67
421	09.09.2017 22:55:00,000	0,57	333,64
422	09.09.2017 22:55:10,000	0,57	334,61
423	09.09.2017 22:55:20,000	0,57	335,33
424	09.09.2017 22:55:30,000	0,57	336,06
425	09.09.2017 22:55:40,000	0,61	337,08
426	09.09.2017 22:55:50,000	0,57	337,99
427	09.09.2017 22:56:00,000	0,57	338,96
428	09.09.2017 22:56:10,000	0,57	339,69
429	09.09.2017 22:56:20,000	0,57	340,90
430	09.09.2017 22:56:30,000	0,57	341,62
431	09.09.2017 22:56:40,000	0,61	342,64
432	09.09.2017 22:56:50,000	0,61	343,61
433	09.09.2017 22:57:00,000	0,61	344,58
434	09.09.2017 22:57:10,000	0,61	345,54
435	09.09.2017 22:57:20,000	0,61	346,51
436	09.09.2017 22:57:30,000	0,61	347,48
437	09.09.2017 22:57:40,000	0,61	348,45
438	09.09.2017 22:57:50,000	0,61	349,42
439	09.09.2017 22:58:00,000	0,61	350,63
440	09.09.2017 22:58:10,000	0,61	351,59
441	09.09.2017 22:58:20,000	0,61	352,32
442	09.09.2017 22:58:30,000	0,61	353,53
443	09.09.2017 22:58:40,000	0,61	354,50
444	09.09.2017 22:58:50,000	0,61	355,71
445	09.09.2017 22:59:00,000	0,61	356,43
446	09.09.2017 22:59:10,000	0,61	357,16
447	09.09.2017 22:59:20,000	0,61	358,37
448	09.09.2017 22:59:30,000	0,61	359,33
449	09.09.2017 22:59:40,000	0,61	360,06
450	09.09.2017 22:59:50,000	0,61	361,27
451	09.09.2017 23:00:00,000	0,61	362,00
452	09.09.2017 23:00:10,000	0,61	362,96
453	09.09.2017 23:00:20,000	0,61	363,69
454	09.09.2017 23:00:30,000	0,61	364,66
455	09.09.2017 23:00:40,000	0,61	365,62
456	09.09.2017 23:00:50,000	0,61	366,59
457	09.09.2017 23:01:00,000	0,61	367,32
458	09.09.2017 23:01:10,000	0,61	367,80
459	09.09.2017 23:01:20,000	0,61	368,28
460	09.09.2017 23:01:30,000	0,61	368,53
461	09.09.2017 23:01:40,000	0,61	368,53
462	09.09.2017 23:01:50,000	0,61	368,28
463	09.09.2017 23:02:00,000	0,61	368,04
464	09.09.2017 23:02:10,000	0,61	367,80
465	09.09.2017 23:02:20,000	0,61	367,56
466	09.09.2017 23:02:30,000	0,61	367,08
467	09.09.2017 23:02:40,000	0,61	366,11
468	09.09.2017 23:02:50,000	0,61	365,38
469	09.09.2017 23:03:00,000	0,61	364,66
470	09.09.2017 23:03:10,000	0,61	363,69
471	09.09.2017 23:03:20,000	0,61	362,72
472	09.09.2017 23:03:30,000	0,61	361,51
473	09.09.2017 23:03:40,000	0,61	360,30
474	09.09.2017 23:03:50,000	0,61	358,61
475	09.09.2017 23:04:00,000	0,61	357,16
476	09.09.2017 23:04:10,000	0,61	355,46
477	09.09.2017 23:04:20,000	0,61	354,25
478	09.09.2017 23:04:30,000	0,61	352,56
479	09.09.2017 23:04:40,000	0,61	351,11
480	09.09.2017 23:04:50,000	0,61	349,42
481	09.09.2017 23:05:00,000	0,61	347,96
482	09.09.2017 23:05:10,000	0,61	346,27
483	09.09.2017 23:05:20,000	0,61	344,58
484	09.09.2017 23:05:30,000	0,61	343,12
485	09.09.2017 23:05:40,000	0,61	341,67
486	09.09.2017 23:05:50,000	0,61	340,46
487	09.09.2017 23:06:00,000	0,61	339,25
488	09.09.2017 23:06:10,000	0,61	337,56
489	09.09.2017 23:06:20,000	0,61	336,35
490	09.09.2017 23:06:30,000	0,61	335,14
491	09.09.2017 23:06:40,000	0,61	333,93
492	09.09.2017 23:06:50,000	0,61	332,72
493	09.09.2017 23:07:00,000	0,61	331,75
494	09.09.2017 23:07:10,000	0,61	330,30
495	09.09.2017 23:07:20,000	0,61	329,09
496	09.09.2017 23:07:30,000	0,61	327,88
497	09.09.2017 23:07:40,000	0,61	326,91
498	09.09.2017 23:07:50,000	0,61	325,70
499	09.09.2017 23:08:00,000	0,61	324,49
500	09.09.2017 23:08:10,000	0,57	323,47
501	09.09.2017 23:08:20,000	0,57	322,26
502	09.09.2017 23:08:30,000	0,57	321,30
503	09.09.2017 23:08:40,000	0,57	320,57
504	09.09.2017 23:08:50,000	0,57	319,36
505	09.09.2017 23:09:00,000	0,57	318,39
506	09.09.2017 23:09:10,000	0,57	317,67
507	09.09.2017 23:09:20,000	0,57	316,70
508	09.09.2017 23:09:30,000	0,57	315,73
509	09.09.2017 23:09:40,000	0,57	314,76
510	09.09.2017 23:09:50,000	0,57	313,79
511	09.09.2017 23:10:00,000	0,57	312,82
512	09.09.2017 23:10:10,000	0,57	311,86
513	09.09.2017 23:10:20,000	0,57	311,13
514	09.09.2017 23:10:30,000	0,57	310,40
515	09.09.2017 23:10:40,000	0,57	309,44
516	09.09.2017 23:10:50,000	0,57	308,71
517	09.09.2017 23:11:00,000	0,57	307,98
518	09.09.2017 23:11:10,000	0,57	307,02
519	09.09.2017 23:11:20,000	0,57	306,29
520	09.09.2017 23:11:30,000	0,57	305,81
521	09.09.2017 23:11:40,000	0,57	304,59
522	09.09.2017 23:11:50,000	0,57	304,35
523	09.09.2017 23:12:00,000	0,57	303,14
524	09.09.2017 23:12:10,000	0,57	302,66
525	09.09.2017 23:12:20,000	0,57	301,93
526	09.09.2017 23:12:30,000	0,57	301,21
527	09.09.2017 23:12:40,000	0,57	300,72
528	09.09.2017 23:12:50,000	0,57	300,24
529	09.09.2017 23:13:00,000	0,57	299,51
530	09.09.2017 23:13:10,000	0,57	298,78
531	09.09.2017 23:13:20,000	0,57	297,82
532	09.09.2017 23:13:30,000	0,57	296,85
533	09.09.2017 23:13:40,000	0,57	295,64
534	09.09.2017 23:13:50,000	0,57	294,91
535	09.09.2017 23:14:00,000	0,57	293,94
536	09.09.2017 23:14:10,000	0,57	293,22
537	09.09.2017 23:14:20,000	0,57	292,25
538	09.09.2017 23:14:30,000	0,57	291,52
539	09.09.2017 23:14:40,000	0,57	291,04
540	09.09.2017 23:14:50,000	0,57	290,55
541	09.09.2017 23:15:00,000	0,57	289,59
542	09.09.2017 23:15:10,000	0,57	289,10
543	09.09.2017 23:15:20,000	0,57	288,13
544	09.09.2017 23:15:30,000	0,57	287,65
545	09.09.2017 23:15:40,000	0,57	286,68
546	09.09.2017 23:15:50,000	0,57	285,71
547	09.09.2017 23:16:00,000	0,57	284,99
548	09.09.2017 23:16:10,000	0,57	284,02
549	09.09.2017 23:16:20,000	0,53	283,24
550	09.09.2017 23:16:30,000	0,53	282,27
551	09.09.2017 23:16:40,000	0,53	281,55
552	09.09.2017 23:16:50,000	0,53	280,58
553	09.09.2017 23:17:00,000	0,53	279,61
554	09.09.2017 23:17:10,000	0,53	278,64
555	09.09.2017 23:17:20,000	0,53	277,91
556	09.09.2017 23:17:30,000	0,53	276,95
557	09.09.2017 23:17:40,000	0,53	275,98
558	09.09.2017 23:17:50,000	0,53	275,01
559	09.09.2017 23:18:00,000	0,53	273,80
560	09.09.2017 23:18:10,000	0,53	273,56
561	09.09.2017 23:18:20,000	0,53	272,10
562	09.09.2017 23:18:30,000	0,53	271,38
563	09.09.2017 23:18:40,000	0,53	270,17
564	09.09.2017 23:18:50,000	0,53	269,20
565	09.09.2017 23:19:00,000	0,53	267,99
566	09.09.2017 23:19:10,000	0,49	266,97
567	09.09.2017 23:19:20,000	0,49	265,76
568	09.09.2017 23:19:30,000	0,49	264,31
569	09.09.2017 23:19:40,000	0,49	263,58
570	09.09.2017 23:19:50,000	0,49	262,37
571	09.09.2017 23:20:00,000	0,49	261,16
572	09.09.2017 23:20:10,000	0,49	259,95
573	09.09.2017 23:20:20,000	0,49	258,74
574	09.09.2017 23:20:30,000	0,49	257,77
575	09.09.2017 23:20:40,000	0,49	256,56
576	09.09.2017 23:20:50,000	0,49	255,35
577	09.09.2017 23:21:00,000	0,49	254,13
578	09.09.2017 23:21:10,000	0,49	253,17
579	09.09.2017 23:21:20,000	0,49	251,95
580	09.09.2017 23:21:30,000	0,45	250,69
581	09.09.2017 23:21:40,000	0,45	249,24
582	09.09.2017 23:21:50,000	0,45	248,27
583	09.09.2017 23:22:00,000	0,45	247,06
584	09.09.2017 23:22:10,000	0,45	245,85
585	09.09.2017 23:22:20,000	0,45	244,64
586	09.09.2017 23:22:30,000	0,45	243,67
587	09.09.2017 23:22:40,000	0,45	242,22
588	09.09.2017 23:22:50,000	0,41	241,20
589	09.09.2017 23:23:00,000	0,41	239,99
590	09.09.2017 23:23:10,000	0,41	238,78
591	09.09.2017 23:23:20,000	0,41	237,57
592	09.09.2017 23:23:30,000	0,41	236,36
593	09.09.2017 23:23:40,000	0,41	235,15
594	09.09.2017 23:23:50,000	0,41	233,69
595	09.09.2017 23:24:00,000	0,41	232,48
596	09.09.2017 23:24:10,000	0,41	231,76
597	09.09.2017 23:24:20,000	0,37	230,50
598	09.09.2017 23:24:30,000	0,37	229,28
599	09.09.2017 23:24:40,000	0,37	228,07
600	09.09.2017 23:24:50,000	0,37	226,86
601	09.09.2017 23:25:00,000	0,37	225,65
602	09.09.2017 23:25:10,000	0,37	224,44
603	09.09.2017 23:25:20,000	0,37	223,71
604	09.09.2017 23:25:30,000	0,37	222,50
605	09.09.2017 23:25:40,000	0,33	221,49
606	09.09.2017 23:25:50,000	0,33	220,52
607	09.09.2017 23:26:00,000	0,33	219,31
608	09.09.2017 23:26:10,000	0,33	218,34
609	09.09.2017 23:26:20,000	0,33	217,13
610	09.09.2017 23:26:30,000	0,33	216,16
611	09.09.2017 23:26:40,000	0,33	215,19
612	09.09.2017 23:26:50,000	0,33	214,22
613	09.09.2017 23:27:00,000	0,33	213,25
614	09.09.2017 23:27:10,000	0,29	211,99
615	09.09.2017 23:27:20,000	0,29	211,02
616	09.09.2017 23:27:30,000	0,29	210,05
617	09.09.2017 23:27:40,000	0,29	209,09
618	09.09.2017 23:27:50,000	0,29	208,12
619	09.09.2017 23:28:00,000	0,29	207,39
620	09.09.2017 23:28:10,000	0,29	206,18
621	09.09.2017 23:28:20,000	0,29	205,21
622	09.09.2017 23:28:30,000	0,25	204,19
623	09.09.2017 23:28:40,000	0,25	203,22
624	09.09.2017 23:28:50,000	0,25	202,01
625	09.09.2017 23:29:00,000	0,25	201,04
626	09.09.2017 23:29:10,000	0,25	199,83
627	09.09.2017 23:29:20,000	0,25	198,86
628	09.09.2017 23:29:30,000	0,20	197,85
629	09.09.2017 23:29:40,000	0,20	196,64
630	09.09.2017 23:29:50,000	0,20	195,42
631	09.09.2017 23:30:00,000	0,20	194,21
632	09.09.2017 23:30:10,000	0,20	193,25
633	09.09.2017 23:30:20,000	0,20	192,03
634	09.09.2017 23:30:30,000	0,16	191,02
635	09.09.2017 23:30:40,000	0,16	189,56
636	09.09.2017 23:30:50,000	0,16	188,35
637	09.09.2017 23:31:00,000	0,12	187,09
638	09.09.2017 23:31:10,000	0,12	186,12
639	09.09.2017 23:31:20,000	0,12	184,67
640	09.09.2017 23:31:30,000	0,08	183,41
641	09.09.2017 23:31:40,000	0,08	181,96
642	09.09.2017 23:31:50,000	0,08	180,75
643	09.09.2017 23:32:00,000	0,04	179,49
644	09.09.2017 23:32:10,000	0,04	178,03
645	09.09.2017 23:32:20,000	0,04	176,58
646	09.09.2017 23:32:30,000	0,04	175,13
647	09.09.2017 23:32:40,000	0,00	173,87
648	09.09.2017 23:32:50,000	-0,04	172,12
649	09.09.2017 23:33:00,000	-0,04	170,67
650	09.09.2017 23:33:10,000	-0,04	169,22
651	09.09.2017 23:33:20,000	-0,08	167,47
652	09.09.2017 23:33:30,000	-0,08	166,02
653	09.09.2017 23:33:40,000	-0,12	164,52
654	09.09.2017 23:33:50,000	-0,12	162,58
655	09.09.2017 23:34:00,000	-0,12	161,13
656	09.09.2017 23:34:10,000	-0,17	159,14
657	09.09.2017 23:34:20,000	-0,17	157,45
658	09.09.2017 23:34:30,000	-0,21	155,95
659	09.09.2017 23:34:40,000	-0,21	154,25
660	09.09.2017 23:34:50,000	-0,25	152,99
661	09.09.2017 23:35:00,000	-0,29	151,01
662	09.09.2017 23:35:10,000	-0,29	149,31
663	09.09.2017 23:35:20,000	-0,33	147,57
664	09.09.2017 23:35:30,000	-0,33	145,87
665	09.09.2017 23:35:40,000	-0,37	143,89
666	09.09.2017 23:35:50,000	-0,37	141,95
667	09.09.2017 23:36:00,000	-0,37	139,53
668	09.09.2017 23:36:10,000	-0,41	137,30
669	09.09.2017 23:36:20,000	-0,46	134,84
670	09.09.2017 23:36:30,000	-0,50	132,37
671	09.09.2017 23:36:40,000	-0,58	129,85
672	09.09.2017 23:36:50,000	-0,67	127,09
673	09.09.2017 23:37:00,000	-0,75	124,08
674	09.09.2017 23:37:10,000	-0,83	121,08
675	09.09.2017 23:37:20,000	-0,96	117,30
676	09.09.2017 23:37:30,000	-1,04	114,06
677	09.09.2017 23:37:40,000	-1,17	110,76
678	09.09.2017 23:37:50,000	-1,21	106,84
679	09.09.2017 23:38:00,000	-1,30	103,36
680	09.09.2017 23:38:10,000	-1,30	99,49
681	09.09.2017 23:38:20,000	-1,30	95,62
682	09.09.2017 23:38:30,000	-1,30	91,51
683	09.09.2017 23:38:40,000	-1,30	87,64
684	09.09.2017 23:38:50,000	-1,21	83,88
685	09.09.2017 23:39:00,000	-1,17	80,55
686	09.09.2017 23:39:10,000	-1,13	77,21
687	09.09.2017 23:39:20,000	-1,04	73,93
688	09.09.2017 23:39:30,000	-1,00	71,08
689	09.09.2017 23:39:40,000	-0,92	68,29
690	09.09.2017 23:39:50,000	-0,88	65,68
691	09.09.2017 23:40:00,000	-0,83	63,32
692	09.09.2017 23:40:10,000	-0,79	61,19
693	09.09.2017 23:40:20,000	-0,75	59,07
694	09.09.2017 23:40:30,000	-0,71	57,19
695	09.09.2017 23:40:40,000	-0,67	55,55
696	09.09.2017 23:40:50,000	-0,62	53,67
697	09.09.2017 23:41:00,000	-0,58	52,27
698	09.09.2017 23:41:10,000	-0,54	50,87
699	09.09.2017 23:41:20,000	-0,50	49,23
700	09.09.2017 23:41:30,000	-0,46	48,08
701	09.09.2017 23:41:40,000	-0,41	46,68
702	09.09.2017 23:41:50,000	-0,37	45,77
703	09.09.2017 23:42:00,000	-0,37	44,32
704	09.09.2017 23:42:10,000	-0,33	42,92
705	09.09.2017 23:42:20,000	-0,29	41,52
706	09.09.2017 23:42:30,000	-0,33	40,51
707	09.09.2017 23:42:40,000	-0,37	39,01
708	09.09.2017 23:42:50,000	-0,41	37,76
709	09.09.2017 23:43:00,000	-0,29	36,22
710	09.09.2017 23:43:10,000	-0,12	34,49
711	09.09.2017 23:43:20,000	-0,08	33,57
712	09.09.2017 23:43:30,000	-0,12	31,84
713	09.09.2017 23:43:40,000	-0,04	30,73
714	09.09.2017 23:43:50,000	0,04	29,38
715	09.09.2017 23:44:00,000	0,12	28,52
716	09.09.2017 23:44:10,000	0,25	27,46
717	09.09.2017 23:44:20,000	0,29	26,54
718	09.09.2017 23:44:30,000	0,37	25,68
719	09.09.2017 23:44:40,000	0,45	25,05
720	09.09.2017 23:44:50,000	0,45	24,57
721	09.09.2017 23:45:00,000	0,49	24,14
722	09.09.2017 23:45:10,000	0,45	23,85
723	09.09.2017 23:45:20,000	0,37	23,51
724	09.09.2017 23:45:30,000	0,33	23,22
725	09.09.2017 23:45:40,000	0,33	23,22
726	09.09.2017 23:45:50,000	0,33	22,98
727	09.09.2017 23:46:00,000	0,29	22,93
728	09.09.2017 23:46:10,000	0,29	22,69
729	09.09.2017 23:46:20,000	0,25	23,12
730	09.09.2017 23:46:30,000	0,25	22,88
731	09.09.2017 23:46:40,000	0,25	22,88
732	09.09.2017 23:46:50,000	0,25	22,88
733	09.09.2017 23:47:00,000	0,25	22,64
734	09.09.2017 23:47:10,000	0,29	22,69
735	09.09.2017 23:47:20,000	0,25	22,88
736	09.09.2017 23:47:30,000	0,25	22,64
737	09.09.2017 23:47:40,000	0,25	22,40
738	09.09.2017 23:47:50,000	0,20	22,35
739	09.09.2017 23:48:00,000	0,20	22,11
740	09.09.2017 23:48:10,000	0,20	21,87
741	09.09.2017 23:48:20,000	0,16	22,06
742	09.09.2017 23:48:30,000	0,16	21,82
743	09.09.2017 23:48:40,000	0,20	21,63
744	09.09.2017 23:48:50,000	0,25	21,68
745	09.09.2017 23:49:00,000	0,29	21,48
746	09.09.2017 23:49:10,000	0,33	21,53
747	09.09.2017 23:49:20,000	0,33	21,29
748	09.09.2017 23:49:30,000	0,33	21,53
749	09.09.2017 23:49:40,000	0,33	21,29
750	09.09.2017 23:49:50,000	0,37	21,34
751	09.09.2017 23:50:00,000	0,37	21,34
752	09.09.2017 23:50:10,000	0,41	20,91
753	09.09.2017 23:50:20,000	0,41	21,15
754	09.09.2017 23:50:30,000	0,41	21,39
755	09.09.2017 23:50:40,000	0,37	21,82
756	09.09.2017 23:50:50,000	0,29	22,69
757	09.09.2017 23:51:00,000	0,29	23,41
758	09.09.2017 23:51:10,000	0,33	24,43
759	09.09.2017 23:51:20,000	0,25	25,05
760	09.09.2017 23:51:30,000	0,33	25,63
761	09.09.2017 23:51:40,000	0,37	26,16
762	09.09.2017 23:51:50,000	0,49	27,03
763	09.09.2017 23:52:00,000	0,53	28,04
764	09.09.2017 23:52:10,000	0,45	29,39
765	09.09.2017 23:52:20,000	0,41	29,82
766	09.09.2017 23:52:30,000	0,37	30,50
767	09.09.2017 23:52:40,000	0,33	30,69
768	09.09.2017 23:52:50,000	0,33	31,17
769	09.09.2017 23:53:00,000	0,33	31,41
770	09.09.2017 23:53:10,000	0,33	31,17
771	09.09.2017 23:53:20,000	0,33	31,17
772	09.09.2017 23:53:30,000	0,33	31,17
773	09.09.2017 23:53:40,000	0,33	31,41
774	09.09.2017 23:53:50,000	0,33	31,65
775	09.09.2017 23:54:00,000	0,29	32,81
776	09.09.2017 23:54:10,000	0,29	34,02
777	09.09.2017 23:54:20,000	0,25	34,93
778	09.09.2017 23:54:30,000	0,25	36,14
779	09.09.2017 23:54:40,000	0,20	37,29
780	09.09.2017 23:54:50,000	0,16	37,97
781	09.09.2017 23:55:00,000	0,08	39,07
782	09.09.2017 23:55:10,000	-0,04	39,65
783	09.09.2017 23:55:20,000	-0,17	40,47
784	09.09.2017 23:55:30,000	-0,25	40,61
785	09.09.2017 23:55:40,000	-0,29	40,80
786	09.09.2017 23:55:50,000	-0,37	40,70
787	09.09.2017 23:56:00,000	-0,41	40,65
788	09.09.2017 23:56:10,000	-0,46	40,36
789	09.09.2017 23:56:20,000	-0,46	40,12
790	09.09.2017 23:56:30,000	-0,46	39,88
791	09.09.2017 23:56:40,000	-0,46	39,40
792	09.09.2017 23:56:50,000	-0,46	39,15
793	09.09.2017 23:57:00,000	-0,46	38,67
794	09.09.2017 23:57:10,000	-0,46	38,43
795	09.09.2017 23:57:20,000	-0,41	38,00
796	09.09.2017 23:57:30,000	-0,33	37,37
797	09.09.2017 23:57:40,000	-0,25	36,03
798	09.09.2017 23:57:50,000	-0,12	34,49
799	09.09.2017 23:58:00,000	0,00	33,19
800	09.09.2017 23:58:10,000	0,00	31,74
801	09.09.2017 23:58:20,000	0,04	29,86
802	09.09.2017 23:58:30,000	0,12	28,52
803	09.09.2017 23:58:40,000	0,16	26,88
804	09.09.2017 23:58:50,000	0,29	25,58
805	09.09.2017 23:59:00,000	0,37	24,23
806	09.09.2017 23:59:10,000	0,41	24,04
807	09.09.2017 23:59:20,000	0,49	23,66
808	09.09.2017 23:59:30,000	0,57	23,76
809	09.09.2017 23:59:40,000	0,61	23,32
810	09.09.2017 23:59:50,000	0,61	22,60
811	10.09.2017 00:00:00,000	0,61	22,36
812	10.09.2017 00:00:10,000	0,57	21,83
813	10.09.2017 00:00:20,000	0,53	21,30
814	10.09.2017 00:00:30,000	0,53	21,30
815	10.09.2017 00:00:40,000	0,53	20,82
816	10.09.2017 00:00:50,000	0,53	21,06
817	10.09.2017 00:01:00,000	0,53	21,54
818	10.09.2017 00:01:10,000	0,53	21,30
819	10.09.2017 00:01:20,000	0,53	21,30
820	10.09.2017 00:01:30,000	0,53	21,54
821	10.09.2017 00:01:40,000	0,53	21,54
822	10.09.2017 00:01:50,000	0,53	21,54
823	10.09.2017 00:02:00,000	0,57	22,07
824	10.09.2017 00:02:10,000	0,57	22,07
825	10.09.2017 00:02:20,000	0,57	22,31
826	10.09.2017 00:02:30,000	0,61	21,88
827	10.09.2017 00:02:40,000	0,61	22,12
828	10.09.2017 00:02:50,000	0,61	22,36
829	10.09.2017 00:03:00,000	0,61	22,36
830	10.09.2017 00:03:10,000	0,61	22,36
831	10.09.2017 00:03:20,000	0,61	22,36
832	10.09.2017 00:03:30,000	0,61	22,36
833	10.09.2017 00:03:40,000	0,61	22,60
834	10.09.2017 00:03:50,000	0,61	22,84
835	10.09.2017 00:04:00,000	0,61	22,84
836	10.09.2017 00:04:10,000	0,61	22,60
837	10.09.2017 00:04:20,000	0,61	22,60
838	10.09.2017 00:04:30,000	0,61	22,60
839	10.09.2017 00:04:40,000	0,61	22,36
840	10.09.2017 00:04:50,000	0,65	22,41
841	10.09.2017 00:05:00,000	0,65	22,41
842	10.09.2017 00:05:10,000	0,65	22,41
843	10.09.2017 00:05:20,000	0,65	22,41
844	10.09.2017 00:05:30,000	0,65	22,41
845	10.09.2017 00:05:40,000	0,65	22,41
846	10.09.2017 00:05:50,000	0,65	22,65
847	10.09.2017 00:06:00,000	0,65	22,41
848	10.09.2017 00:06:10,000	0,69	22,46
849	10.09.2017 00:06:20,000	0,69	22,46
850	10.09.2017 00:06:30,000	0,69	22,70
851	10.09.2017 00:06:40,000	0,69	22,46
852	10.09.2017 00:06:50,000	0,73	21,06
853	10.09.2017 00:07:00,000	0,69	19,33
854	10.09.2017 00:07:10,000	0,57	18,46
855	10.09.2017 00:07:20,000	0,53	17,20
856	10.09.2017 00:07:30,000	0,49	18,36
857	10.09.2017 00:07:40,000	0,49	19,32
858	10.09.2017 00:07:50,000	0,45	19,75
859	10.09.2017 00:08:00,000	0,45	20,24
860	10.09.2017 00:08:10,000	0,45	20,48
861	10.09.2017 00:08:20,000	0,45	20,72
862	10.09.2017 00:08:30,000	0,45	20,72
863	10.09.2017 00:08:40,000	0,49	20,04
864	10.09.2017 00:08:50,000	0,49	18,60
865	10.09.2017 00:09:00,000	0,41	16,81
866	10.09.2017 00:09:10,000	0,37	15,80
867	10.09.2017 00:09:20,000	0,37	14,84
868	10.09.2017 00:09:30,000	0,37	13,88
869	10.09.2017 00:09:40,000	0,41	13,68
870	10.09.2017 00:09:50,000	0,41	12,96
871	10.09.2017 00:10:00,000	0,45	12,05
872	10.09.2017 00:10:10,000	0,77	10,75
873	10.09.2017 00:10:20,000	0,98	9,55
874	10.09.2017 00:10:30,000	1,26	8,45
875	10.09.2017 00:10:40,000	1,46	7,25
876	10.09.2017 00:10:50,000	1,69	5,61
877	10.09.2017 00:11:00,000	1,85	3,88
878	10.09.2017 00:11:10,000	2,05	1,47
879	10.09.2017 00:11:20,000	2,75	0,00
880	10.09.2017 00:11:30,000	3,09	0,00
881	10.09.2017 00:11:40,000	3,17	0,00
882	10.09.2017 00:11:50,000	3,17	0,00
883	10.09.2017 00:12:00,000	3,17	0,00
884	10.09.2017 00:12:10,000	3,13	0,00
885	10.09.2017 00:12:20,000	3,13	0,00
886	10.09.2017 00:12:30,000	3,09	0,00
887	10.09.2017 00:12:40,000	3,09	0,00
888	10.09.2017 00:12:50,000	3,09	0,00
889	10.09.2017 00:13:00,000	3,09	0,00
890	10.09.2017 00:13:10,000	3,09	0,00
891	10.09.2017 00:13:20,000	3,09	0,00
892	10.09.2017 00:13:30,000	3,09	0,00
893	10.09.2017 00:13:40,000	3,13	0,00
894	10.09.2017 00:13:50,000	3,13	0,00
895	10.09.2017 00:14:00,000	3,13	0,00
896	10.09.2017 00:14:10,000	3,13	0,00
897	10.09.2017 00:14:20,000	3,21	0,00
898	10.09.2017 00:14:30,000	3,21	0,00
899	10.09.2017 00:14:40,000	3,21	0,00
900	10.09.2017 00:14:50,000	3,17	0,00
901	10.09.2017 00:15:00,000	3,17	0,00
902	10.09.2017 00:15:10,000	3,21	0,00
903	10.09.2017 00:15:20,000	3,21	0,00
904	10.09.2017 00:15:30,000	3,21	0,00
905	10.09.2017 00:15:40,000	3,21	0,00
906	10.09.2017 00:15:50,000	3,24	0,00
907	10.09.2017 00:16:00,000	3,24	0,00
908	10.09.2017 00:16:10,000	3,24	0,00
909	10.09.2017 00:16:20,000	3,28	0,00
910	10.09.2017 00:16:30,000	3,28	0,00
911	10.09.2017 00:16:40,000	3,28	0,00
912	10.09.2017 00:16:50,000	3,28	0,00
913	10.09.2017 00:17:00,000	3,32	0,00
914	10.09.2017 00:17:10,000	3,32	0,00
915	10.09.2017 00:17:20,000	3,32	0,00
916	10.09.2017 00:17:30,000	3,36	0,00
917	10.09.2017 00:17:40,000	3,36	0,00
918	10.09.2017 00:17:50,000	3,40	0,00
919	10.09.2017 00:18:00,000	3,40	0,00
920	10.09.2017 00:18:10,000	3,40	0,00
921	10.09.2017 00:18:20,000	3,43	0,00
922	10.09.2017 00:18:30,000	3,43	0,00
923	10.09.2017 00:18:40,000	3,43	0,00
924	10.09.2017 00:18:50,000	3,47	0,00
925	10.09.2017 00:19:00,000	3,51	0,00
926	10.09.2017 00:19:10,000	3,51	0,00
927	10.09.2017 00:19:20,000	3,51	0,00
928	10.09.2017 00:19:30,000	3,55	0,00
929	10.09.2017 00:19:40,000	3,55	0,00
930	10.09.2017 00:19:50,000	3,55	0,00
931	10.09.2017 00:20:00,000	3,59	0,00
932	10.09.2017 00:20:10,000	3,59	0,00
933	10.09.2017 00:20:20,000	3,62	0,00
934	10.09.2017 00:20:30,000	3,62	0,00
935	10.09.2017 00:20:40,000	3,66	0,00
936	10.09.2017 00:20:50,000	3,66	0,00
937	10.09.2017 00:21:00,000	3,66	0,00
938	10.09.2017 00:21:10,000	3,70	0,00
939	10.09.2017 00:21:20,000	3,70	0,00
940	10.09.2017 00:21:30,000	3,74	0,00
941	10.09.2017 00:21:40,000	3,74	0,00
942	10.09.2017 00:21:50,000	3,77	0,00
943	10.09.2017 00:22:00,000	3,77	0,00
944	10.09.2017 00:22:10,000	4,41	0,00
945	10.09.2017 00:22:20,000	4,96	0,00
946	10.09.2017 00:22:30,000	5,36	0,00
947	10.09.2017 00:22:40,000	7,21	0,00
948	10.09.2017 00:22:50,000	8,25	0,00
949	10.09.2017 00:23:00,000	8,86	0,00
950	10.09.2017 00:23:10,000	9,23	0,00
951	10.09.2017 00:23:20,000	9,66	0,00
952	10.09.2017 00:23:30,000	9,99	0,00
953	10.09.2017 00:23:40,000	10,29	0,00
954	10.09.2017 00:23:50,000	10,55	0,00
955	10.09.2017 00:24:00,000	10,78	0,00
956	10.09.2017 00:24:10,000	11,01	0,00
957	10.09.2017 00:24:20,000	11,23	0,00
958	10.09.2017 00:24:30,000	11,39	0,00
959	10.09.2017 00:24:40,000	11,59	0,00
960	10.09.2017 00:24:50,000	11,78	0,00
961	10.09.2017 00:25:00,000	11,94	0,00
962	10.09.2017 00:25:10,000	12,13	0,00
