#B	Created:	10.09.2017 23:51:43
##	Version	SeaStar	7.49
#5	Field separation:	0
#2	Date & Time:	1
#6	Decimal point:	,
#7	Date def.:	dd.mm.yyyy	.
#8	Time def.:	:
##	Axis	0	Temperature(°C)	clRed	FALSE
##	Axis	1	Depth(m)	clBlue	TRUE
##	Series	0	Temp(°C)	clRed	0	Temp(°C)	2
##	Series	1	Depth(m)	clBlue	1	Depth(m)	2
##	Recorder	27	DST centi	8762
##	Chart	27C8762DAT	
#D	Data:	1826	10.09.2017 18:45:00	10.09.2017 23:49:10
1	10.09.2017 18:45:00,000	20,06	1,09
2	10.09.2017 18:45:10,000	20,00	1,02
3	10.09.2017 18:45:20,000	19,91	1,16
4	10.09.2017 18:45:30,000	19,86	1,33
5	10.09.2017 18:45:40,000	19,74	1,67
6	10.09.2017 18:45:50,000	19,65	1,33
7	10.09.2017 18:46:00,000	19,56	1,22
8	10.09.2017 18:46:10,000	14,85	7,83
9	10.09.2017 18:46:20,000	11,49	7,58
10	10.09.2017 18:46:30,000	9,09	7,99
11	10.09.2017 18:46:40,000	7,11	6,73
12	10.09.2017 18:46:50,000	6,33	5,29
13	10.09.2017 18:47:00,000	5,40	4,62
14	10.09.2017 18:47:10,000	4,70	3,76
15	10.09.2017 18:47:20,000	4,56	3,10
16	10.09.2017 18:47:30,000	3,96	3,33
17	10.09.2017 18:47:40,000	3,74	3,05
18	10.09.2017 18:47:50,000	3,43	3,64
19	10.09.2017 18:48:00,000	2,94	5,44
20	10.09.2017 18:48:10,000	2,52	6,37
21	10.09.2017 18:48:20,000	2,28	7,29
22	10.09.2017 18:48:30,000	2,28	8,73
23	10.09.2017 18:48:40,000	2,13	10,71
24	10.09.2017 18:48:50,000	1,97	12,68
25	10.09.2017 18:49:00,000	1,89	15,00
26	10.09.2017 18:49:10,000	1,85	17,60
27	10.09.2017 18:49:20,000	1,50	20,05
28	10.09.2017 18:49:30,000	1,06	22,65
29	10.09.2017 18:49:40,000	0,77	24,72
30	10.09.2017 18:49:50,000	0,61	27,18
31	10.09.2017 18:50:00,000	0,49	29,92
32	10.09.2017 18:50:10,000	0,37	32,43
33	10.09.2017 18:50:20,000	0,25	32,52
34	10.09.2017 18:50:30,000	0,12	31,41
35	10.09.2017 18:50:40,000	0,04	30,35
36	10.09.2017 18:50:50,000	-0,04	30,01
37	10.09.2017 18:51:00,000	-0,08	29,23
38	10.09.2017 18:51:10,000	-0,04	31,21
39	10.09.2017 18:51:20,000	-0,04	32,66
40	10.09.2017 18:51:30,000	-0,04	35,07
41	10.09.2017 18:51:40,000	-0,04	36,27
42	10.09.2017 18:51:50,000	-0,08	35,74
43	10.09.2017 18:52:00,000	-0,04	35,07
44	10.09.2017 18:52:10,000	-0,04	34,59
45	10.09.2017 18:52:20,000	-0,04	34,35
46	10.09.2017 18:52:30,000	-0,04	33,86
47	10.09.2017 18:52:40,000	-0,08	33,09
48	10.09.2017 18:52:50,000	-0,08	32,85
49	10.09.2017 18:53:00,000	0,00	32,71
50	10.09.2017 18:53:10,000	0,04	33,48
51	10.09.2017 18:53:20,000	0,04	35,65
52	10.09.2017 18:53:30,000	0,00	37,05
53	10.09.2017 18:53:40,000	-0,04	38,44
54	10.09.2017 18:53:50,000	-0,12	39,31
55	10.09.2017 18:54:00,000	-0,08	40,32
56	10.09.2017 18:54:10,000	-0,12	41,24
57	10.09.2017 18:54:20,000	-0,12	42,20
58	10.09.2017 18:54:30,000	-0,08	42,49
59	10.09.2017 18:54:40,000	-0,08	42,25
60	10.09.2017 18:54:50,000	-0,04	42,06
61	10.09.2017 18:55:00,000	-0,04	41,82
62	10.09.2017 18:55:10,000	-0,08	41,53
63	10.09.2017 18:55:20,000	-0,12	41,48
64	10.09.2017 18:55:30,000	-0,12	41,24
65	10.09.2017 18:55:40,000	-0,12	41,48
66	10.09.2017 18:55:50,000	-0,17	41,91
67	10.09.2017 18:56:00,000	-0,12	41,96
68	10.09.2017 18:56:10,000	-0,12	42,44
69	10.09.2017 18:56:20,000	-0,17	42,64
70	10.09.2017 18:56:30,000	-0,17	42,15
71	10.09.2017 18:56:40,000	-0,12	41,72
72	10.09.2017 18:56:50,000	-0,12	41,48
73	10.09.2017 18:57:00,000	-0,08	41,77
74	10.09.2017 18:57:10,000	-0,08	42,25
75	10.09.2017 18:57:20,000	-0,12	42,93
76	10.09.2017 18:57:30,000	-0,12	44,62
77	10.09.2017 18:57:40,000	-0,08	46,59
78	10.09.2017 18:57:50,000	0,12	46,60
79	10.09.2017 18:58:00,000	0,25	46,51
80	10.09.2017 18:58:10,000	0,29	46,32
81	10.09.2017 18:58:20,000	0,33	45,64
82	10.09.2017 18:58:30,000	0,41	45,26
83	10.09.2017 18:58:40,000	0,25	44,82
84	10.09.2017 18:58:50,000	0,12	43,95
85	10.09.2017 18:59:00,000	0,08	43,66
86	10.09.2017 18:59:10,000	0,00	42,83
87	10.09.2017 18:59:20,000	-0,04	42,54
88	10.09.2017 18:59:30,000	-0,04	41,82
89	10.09.2017 18:59:40,000	-0,04	41,82
90	10.09.2017 18:59:50,000	-0,04	42,54
91	10.09.2017 19:00:00,000	-0,04	42,78
92	10.09.2017 19:00:10,000	-0,12	43,65
93	10.09.2017 19:00:20,000	-0,12	43,65
94	10.09.2017 19:00:30,000	-0,12	44,37
95	10.09.2017 19:00:40,000	-0,12	45,34
96	10.09.2017 19:00:50,000	-0,08	46,11
97	10.09.2017 19:01:00,000	0,12	47,32
98	10.09.2017 19:01:10,000	0,29	48,25
99	10.09.2017 19:01:20,000	0,53	49,51
100	10.09.2017 19:01:30,000	0,69	50,67
101	10.09.2017 19:01:40,000	0,53	52,64
102	10.09.2017 19:01:50,000	0,33	54,09
103	10.09.2017 19:02:00,000	0,08	55,48
104	10.09.2017 19:02:10,000	-0,12	56,92
105	10.09.2017 19:02:20,000	-0,25	58,22
106	10.09.2017 19:02:30,000	-0,37	60,00
107	10.09.2017 19:02:40,000	-0,54	61,49
108	10.09.2017 19:02:50,000	-0,67	63,03
109	10.09.2017 19:03:00,000	-0,75	64,87
110	10.09.2017 19:03:10,000	-0,83	66,70
111	10.09.2017 19:03:20,000	-0,96	68,72
112	10.09.2017 19:03:30,000	-1,04	70,55
113	10.09.2017 19:03:40,000	-1,09	72,92
114	10.09.2017 19:03:50,000	-1,13	74,80
115	10.09.2017 19:04:00,000	-1,17	77,16
116	10.09.2017 19:04:10,000	-1,17	79,34
117	10.09.2017 19:04:20,000	-1,21	81,95
118	10.09.2017 19:04:30,000	-1,21	84,36
119	10.09.2017 19:04:40,000	-1,26	86,97
120	10.09.2017 19:04:50,000	-1,26	89,63
121	10.09.2017 19:05:00,000	-1,26	92,04
122	10.09.2017 19:05:10,000	-1,30	94,89
123	10.09.2017 19:05:20,000	-1,26	97,36
124	10.09.2017 19:05:30,000	-1,26	99,78
125	10.09.2017 19:05:40,000	-1,21	102,25
126	10.09.2017 19:05:50,000	-1,17	104,47
127	10.09.2017 19:06:00,000	-1,17	106,65
128	10.09.2017 19:06:10,000	-1,17	108,83
129	10.09.2017 19:06:20,000	-1,13	111,05
130	10.09.2017 19:06:30,000	-1,13	112,99
131	10.09.2017 19:06:40,000	-1,09	114,97
132	10.09.2017 19:06:50,000	-1,04	116,96
133	10.09.2017 19:07:00,000	-1,00	118,70
134	10.09.2017 19:07:10,000	-0,96	120,20
135	10.09.2017 19:07:20,000	-0,96	121,65
136	10.09.2017 19:07:30,000	-0,88	123,45
137	10.09.2017 19:07:40,000	-0,83	124,95
138	10.09.2017 19:07:50,000	-0,79	126,21
139	10.09.2017 19:08:00,000	-0,75	127,71
140	10.09.2017 19:08:10,000	-0,71	128,73
141	10.09.2017 19:08:20,000	-0,67	129,75
142	10.09.2017 19:08:30,000	-0,62	131,25
143	10.09.2017 19:08:40,000	-0,62	132,70
144	10.09.2017 19:08:50,000	-0,58	133,48
145	10.09.2017 19:09:00,000	-0,54	134,98
146	10.09.2017 19:09:10,000	-0,54	135,95
147	10.09.2017 19:09:20,000	-0,50	137,45
148	10.09.2017 19:09:30,000	-0,50	138,42
149	10.09.2017 19:09:40,000	-0,46	139,19
150	10.09.2017 19:09:50,000	-0,46	140,64
151	10.09.2017 19:10:00,000	-0,46	141,85
152	10.09.2017 19:10:10,000	-0,41	142,87
153	10.09.2017 19:10:20,000	-0,37	143,89
154	10.09.2017 19:10:30,000	-0,33	145,15
155	10.09.2017 19:10:40,000	-0,29	146,17
156	10.09.2017 19:10:50,000	-0,29	147,62
157	10.09.2017 19:11:00,000	-0,25	148,39
158	10.09.2017 19:11:10,000	-0,25	149,60
159	10.09.2017 19:11:20,000	-0,21	150,38
160	10.09.2017 19:11:30,000	-0,21	151,83
161	10.09.2017 19:11:40,000	-0,21	153,04
162	10.09.2017 19:11:50,000	-0,21	153,77
163	10.09.2017 19:12:00,000	-0,17	155,03
164	10.09.2017 19:12:10,000	-0,17	156,24
165	10.09.2017 19:12:20,000	-0,17	157,45
166	10.09.2017 19:12:30,000	-0,17	158,42
167	10.09.2017 19:12:40,000	-0,12	159,68
168	10.09.2017 19:12:50,000	-0,12	160,89
169	10.09.2017 19:13:00,000	-0,12	162,10
170	10.09.2017 19:13:10,000	-0,08	163,60
171	10.09.2017 19:13:20,000	-0,08	164,81
172	10.09.2017 19:13:30,000	-0,08	166,26
173	10.09.2017 19:13:40,000	-0,08	167,23
174	10.09.2017 19:13:50,000	-0,08	168,69
175	10.09.2017 19:14:00,000	-0,04	169,95
176	10.09.2017 19:14:10,000	-0,04	171,40
177	10.09.2017 19:14:20,000	0,00	172,66
178	10.09.2017 19:14:30,000	0,00	174,11
179	10.09.2017 19:14:40,000	0,00	175,32
180	10.09.2017 19:14:50,000	0,04	176,82
181	10.09.2017 19:15:00,000	0,04	178,28
182	10.09.2017 19:15:10,000	0,04	179,97
183	10.09.2017 19:15:20,000	0,08	181,23
184	10.09.2017 19:15:30,000	0,08	182,68
185	10.09.2017 19:15:40,000	0,08	184,14
186	10.09.2017 19:15:50,000	0,08	185,59
187	10.09.2017 19:16:00,000	0,08	187,04
188	10.09.2017 19:16:10,000	0,12	188,30
189	10.09.2017 19:16:20,000	0,12	190,00
190	10.09.2017 19:16:30,000	0,12	191,21
191	10.09.2017 19:16:40,000	0,12	192,66
192	10.09.2017 19:16:50,000	0,12	194,12
193	10.09.2017 19:17:00,000	0,12	195,33
194	10.09.2017 19:17:10,000	0,16	197,07
195	10.09.2017 19:17:20,000	0,16	198,52
196	10.09.2017 19:17:30,000	0,16	199,73
197	10.09.2017 19:17:40,000	0,20	200,99
198	10.09.2017 19:17:50,000	0,20	202,69
199	10.09.2017 19:18:00,000	0,20	203,90
200	10.09.2017 19:18:10,000	0,20	205,35
201	10.09.2017 19:18:20,000	0,25	206,61
202	10.09.2017 19:18:30,000	0,25	208,07
203	10.09.2017 19:18:40,000	0,25	209,52
204	10.09.2017 19:18:50,000	0,25	210,73
205	10.09.2017 19:19:00,000	0,29	211,99
206	10.09.2017 19:19:10,000	0,29	213,69
207	10.09.2017 19:19:20,000	0,29	214,66
208	10.09.2017 19:19:30,000	0,29	216,11
209	10.09.2017 19:19:40,000	0,29	217,32
210	10.09.2017 19:19:50,000	0,33	219,06
211	10.09.2017 19:20:00,000	0,33	220,27
212	10.09.2017 19:20:10,000	0,33	221,73
213	10.09.2017 19:20:20,000	0,33	223,18
214	10.09.2017 19:20:30,000	0,37	224,44
215	10.09.2017 19:20:40,000	0,37	225,89
216	10.09.2017 19:20:50,000	0,37	227,59
217	10.09.2017 19:21:00,000	0,37	228,80
218	10.09.2017 19:21:10,000	0,37	230,01
219	10.09.2017 19:21:20,000	0,37	231,46
220	10.09.2017 19:21:30,000	0,37	232,92
221	10.09.2017 19:21:40,000	0,37	234,37
222	10.09.2017 19:21:50,000	0,37	235,82
223	10.09.2017 19:22:00,000	0,41	237,33
224	10.09.2017 19:22:10,000	0,41	238,54
225	10.09.2017 19:22:20,000	0,41	239,99
226	10.09.2017 19:22:30,000	0,41	241,44
227	10.09.2017 19:22:40,000	0,41	242,90
228	10.09.2017 19:22:50,000	0,45	244,40
229	10.09.2017 19:23:00,000	0,45	245,61
230	10.09.2017 19:23:10,000	0,45	247,06
231	10.09.2017 19:23:20,000	0,45	248,52
232	10.09.2017 19:23:30,000	0,45	249,97
233	10.09.2017 19:23:40,000	0,45	251,66
234	10.09.2017 19:23:50,000	0,45	253,12
235	10.09.2017 19:24:00,000	0,49	254,38
236	10.09.2017 19:24:10,000	0,49	255,59
237	10.09.2017 19:24:20,000	0,49	257,28
238	10.09.2017 19:24:30,000	0,49	258,98
239	10.09.2017 19:24:40,000	0,49	260,19
240	10.09.2017 19:24:50,000	0,49	261,64
241	10.09.2017 19:25:00,000	0,49	263,09
242	10.09.2017 19:25:10,000	0,53	264,60
243	10.09.2017 19:25:20,000	0,53	266,05
244	10.09.2017 19:25:30,000	0,53	267,74
245	10.09.2017 19:25:40,000	0,53	269,20
246	10.09.2017 19:25:50,000	0,53	271,13
247	10.09.2017 19:26:00,000	0,53	272,35
248	10.09.2017 19:26:10,000	0,53	274,04
249	10.09.2017 19:26:20,000	0,53	275,25
250	10.09.2017 19:26:30,000	0,53	276,95
251	10.09.2017 19:26:40,000	0,53	278,40
252	10.09.2017 19:26:50,000	0,53	280,34
253	10.09.2017 19:27:00,000	0,57	281,84
254	10.09.2017 19:27:10,000	0,57	283,05
255	10.09.2017 19:27:20,000	0,57	284,74
256	10.09.2017 19:27:30,000	0,57	286,20
257	10.09.2017 19:27:40,000	0,57	287,65
258	10.09.2017 19:27:50,000	0,57	289,10
259	10.09.2017 19:28:00,000	0,57	290,80
260	10.09.2017 19:28:10,000	0,57	292,01
261	10.09.2017 19:28:20,000	0,57	293,70
262	10.09.2017 19:28:30,000	0,57	294,91
263	10.09.2017 19:28:40,000	0,57	296,36
264	10.09.2017 19:28:50,000	0,57	297,82
265	10.09.2017 19:29:00,000	0,57	299,03
266	10.09.2017 19:29:10,000	0,57	300,72
267	10.09.2017 19:29:20,000	0,57	301,93
268	10.09.2017 19:29:30,000	0,61	303,43
269	10.09.2017 19:29:40,000	0,61	304,64
270	10.09.2017 19:29:50,000	0,61	306,34
271	10.09.2017 19:30:00,000	0,61	307,55
272	10.09.2017 19:30:10,000	0,61	309,00
273	10.09.2017 19:30:20,000	0,61	310,45
274	10.09.2017 19:30:30,000	0,61	311,66
275	10.09.2017 19:30:40,000	0,61	313,12
276	10.09.2017 19:30:50,000	0,61	314,81
277	10.09.2017 19:31:00,000	0,61	316,02
278	10.09.2017 19:31:10,000	0,61	317,23
279	10.09.2017 19:31:20,000	0,61	318,92
280	10.09.2017 19:31:30,000	0,61	320,62
281	10.09.2017 19:31:40,000	0,61	321,83
282	10.09.2017 19:31:50,000	0,61	323,04
283	10.09.2017 19:32:00,000	0,61	324,73
284	10.09.2017 19:32:10,000	0,61	326,19
285	10.09.2017 19:32:20,000	0,61	327,64
286	10.09.2017 19:32:30,000	0,61	329,09
287	10.09.2017 19:32:40,000	0,61	330,78
288	10.09.2017 19:32:50,000	0,61	331,99
289	10.09.2017 19:33:00,000	0,61	333,69
290	10.09.2017 19:33:10,000	0,61	334,90
291	10.09.2017 19:33:20,000	0,61	335,87
292	10.09.2017 19:33:30,000	0,61	336,59
293	10.09.2017 19:33:40,000	0,61	337,08
294	10.09.2017 19:33:50,000	0,61	337,56
295	10.09.2017 19:34:00,000	0,61	337,56
296	10.09.2017 19:34:10,000	0,61	337,80
297	10.09.2017 19:34:20,000	0,61	338,29
298	10.09.2017 19:34:30,000	0,61	338,29
299	10.09.2017 19:34:40,000	0,61	338,04
300	10.09.2017 19:34:50,000	0,61	338,29
301	10.09.2017 19:35:00,000	0,61	338,29
302	10.09.2017 19:35:10,000	0,61	338,29
303	10.09.2017 19:35:20,000	0,61	338,04
304	10.09.2017 19:35:30,000	0,61	338,04
305	10.09.2017 19:35:40,000	0,61	338,29
306	10.09.2017 19:35:50,000	0,61	338,04
307	10.09.2017 19:36:00,000	0,61	338,04
308	10.09.2017 19:36:10,000	0,61	337,80
309	10.09.2017 19:36:20,000	0,61	337,80
310	10.09.2017 19:36:30,000	0,61	337,56
311	10.09.2017 19:36:40,000	0,61	337,32
312	10.09.2017 19:36:50,000	0,61	337,32
313	10.09.2017 19:37:00,000	0,61	336,83
314	10.09.2017 19:37:10,000	0,61	337,08
315	10.09.2017 19:37:20,000	0,61	336,35
316	10.09.2017 19:37:30,000	0,61	336,59
317	10.09.2017 19:37:40,000	0,61	336,11
318	10.09.2017 19:37:50,000	0,61	335,87
319	10.09.2017 19:38:00,000	0,61	335,38
320	10.09.2017 19:38:10,000	0,61	335,14
321	10.09.2017 19:38:20,000	0,61	335,14
322	10.09.2017 19:38:30,000	0,61	334,90
323	10.09.2017 19:38:40,000	0,61	334,66
324	10.09.2017 19:38:50,000	0,61	334,17
325	10.09.2017 19:39:00,000	0,61	333,93
326	10.09.2017 19:39:10,000	0,61	333,69
327	10.09.2017 19:39:20,000	0,61	333,45
328	10.09.2017 19:39:30,000	0,61	333,20
329	10.09.2017 19:39:40,000	0,61	332,72
330	10.09.2017 19:39:50,000	0,61	332,48
331	10.09.2017 19:40:00,000	0,61	332,24
332	10.09.2017 19:40:10,000	0,61	331,99
333	10.09.2017 19:40:20,000	0,61	331,75
334	10.09.2017 19:40:30,000	0,61	331,51
335	10.09.2017 19:40:40,000	0,61	331,27
336	10.09.2017 19:40:50,000	0,61	331,03
337	10.09.2017 19:41:00,000	0,61	330,54
338	10.09.2017 19:41:10,000	0,61	330,54
339	10.09.2017 19:41:20,000	0,65	330,35
340	10.09.2017 19:41:30,000	0,65	330,35
341	10.09.2017 19:41:40,000	0,65	330,11
342	10.09.2017 19:41:50,000	0,65	329,62
343	10.09.2017 19:42:00,000	0,65	329,14
344	10.09.2017 19:42:10,000	0,65	329,14
345	10.09.2017 19:42:20,000	0,61	329,09
346	10.09.2017 19:42:30,000	0,61	328,85
347	10.09.2017 19:42:40,000	0,61	328,61
348	10.09.2017 19:42:50,000	0,65	328,41
349	10.09.2017 19:43:00,000	0,61	328,12
350	10.09.2017 19:43:10,000	0,65	327,93
351	10.09.2017 19:43:20,000	0,61	327,64
352	10.09.2017 19:43:30,000	0,61	327,40
353	10.09.2017 19:43:40,000	0,65	327,20
354	10.09.2017 19:43:50,000	0,61	327,40
355	10.09.2017 19:44:00,000	0,61	326,91
356	10.09.2017 19:44:10,000	0,61	326,91
357	10.09.2017 19:44:20,000	0,61	326,67
358	10.09.2017 19:44:30,000	0,61	326,67
359	10.09.2017 19:44:40,000	0,61	326,43
360	10.09.2017 19:44:50,000	0,61	326,19
361	10.09.2017 19:45:00,000	0,61	326,43
362	10.09.2017 19:45:10,000	0,61	325,94
363	10.09.2017 19:45:20,000	0,61	326,19
364	10.09.2017 19:45:30,000	0,61	325,94
365	10.09.2017 19:45:40,000	0,61	325,94
366	10.09.2017 19:45:50,000	0,61	326,19
367	10.09.2017 19:46:00,000	0,61	325,94
368	10.09.2017 19:46:10,000	0,61	326,19
369	10.09.2017 19:46:20,000	0,61	326,19
370	10.09.2017 19:46:30,000	0,61	326,19
371	10.09.2017 19:46:40,000	0,61	326,43
372	10.09.2017 19:46:50,000	0,61	326,19
373	10.09.2017 19:47:00,000	0,61	326,19
374	10.09.2017 19:47:10,000	0,61	326,19
375	10.09.2017 19:47:20,000	0,61	325,94
376	10.09.2017 19:47:30,000	0,61	325,94
377	10.09.2017 19:47:40,000	0,61	326,19
378	10.09.2017 19:47:50,000	0,61	325,94
379	10.09.2017 19:48:00,000	0,61	325,94
380	10.09.2017 19:48:10,000	0,61	325,94
381	10.09.2017 19:48:20,000	0,61	325,94
382	10.09.2017 19:48:30,000	0,61	326,19
383	10.09.2017 19:48:40,000	0,61	326,19
384	10.09.2017 19:48:50,000	0,61	326,43
385	10.09.2017 19:49:00,000	0,61	326,91
386	10.09.2017 19:49:10,000	0,61	327,64
387	10.09.2017 19:49:20,000	0,61	328,36
388	10.09.2017 19:49:30,000	0,61	329,09
389	10.09.2017 19:49:40,000	0,61	330,30
390	10.09.2017 19:49:50,000	0,61	331,03
391	10.09.2017 19:50:00,000	0,61	332,24
392	10.09.2017 19:50:10,000	0,61	332,96
393	10.09.2017 19:50:20,000	0,61	333,69
394	10.09.2017 19:50:30,000	0,61	334,66
395	10.09.2017 19:50:40,000	0,61	335,87
396	10.09.2017 19:50:50,000	0,61	336,83
397	10.09.2017 19:51:00,000	0,61	337,80
398	10.09.2017 19:51:10,000	0,61	338,77
399	10.09.2017 19:51:20,000	0,61	339,98
400	10.09.2017 19:51:30,000	0,61	340,71
401	10.09.2017 19:51:40,000	0,61	341,91
402	10.09.2017 19:51:50,000	0,61	342,88
403	10.09.2017 19:52:00,000	0,61	344,09
404	10.09.2017 19:52:10,000	0,61	344,82
405	10.09.2017 19:52:20,000	0,61	346,03
406	10.09.2017 19:52:30,000	0,61	347,24
407	10.09.2017 19:52:40,000	0,61	348,21
408	10.09.2017 19:52:50,000	0,61	349,17
409	10.09.2017 19:53:00,000	0,61	350,38
410	10.09.2017 19:53:10,000	0,61	351,35
411	10.09.2017 19:53:20,000	0,61	352,32
412	10.09.2017 19:53:30,000	0,61	353,53
413	10.09.2017 19:53:40,000	0,61	354,74
414	10.09.2017 19:53:50,000	0,61	355,46
415	10.09.2017 19:54:00,000	0,61	356,67
416	10.09.2017 19:54:10,000	0,61	357,88
417	10.09.2017 19:54:20,000	0,61	358,61
418	10.09.2017 19:54:30,000	0,61	360,06
419	10.09.2017 19:54:40,000	0,61	361,03
420	10.09.2017 19:54:50,000	0,61	362,00
421	10.09.2017 19:55:00,000	0,61	363,20
422	10.09.2017 19:55:10,000	0,61	363,93
423	10.09.2017 19:55:20,000	0,61	365,14
424	10.09.2017 19:55:30,000	0,61	366,11
425	10.09.2017 19:55:40,000	0,61	367,08
426	10.09.2017 19:55:50,000	0,61	368,28
427	10.09.2017 19:56:00,000	0,61	369,49
428	10.09.2017 19:56:10,000	0,61	370,22
429	10.09.2017 19:56:20,000	0,61	371,67
430	10.09.2017 19:56:30,000	0,61	372,64
431	10.09.2017 19:56:40,000	0,61	373,85
432	10.09.2017 19:56:50,000	0,61	374,81
433	10.09.2017 19:57:00,000	0,61	376,02
434	10.09.2017 19:57:10,000	0,61	376,99
435	10.09.2017 19:57:20,000	0,61	377,96
436	10.09.2017 19:57:30,000	0,61	378,68
437	10.09.2017 19:57:40,000	0,61	379,89
438	10.09.2017 19:57:50,000	0,61	380,62
439	10.09.2017 19:58:00,000	0,61	381,59
440	10.09.2017 19:58:10,000	0,61	382,55
441	10.09.2017 19:58:20,000	0,61	383,28
442	10.09.2017 19:58:30,000	0,61	384,25
443	10.09.2017 19:58:40,000	0,61	385,46
444	10.09.2017 19:58:50,000	0,61	386,18
445	10.09.2017 19:59:00,000	0,61	386,18
446	10.09.2017 19:59:10,000	0,61	386,91
447	10.09.2017 19:59:20,000	0,61	387,15
448	10.09.2017 19:59:30,000	0,61	387,39
449	10.09.2017 19:59:40,000	0,61	387,39
450	10.09.2017 19:59:50,000	0,61	387,87
451	10.09.2017 20:00:00,000	0,61	387,63
452	10.09.2017 20:00:10,000	0,61	387,87
453	10.09.2017 20:00:20,000	0,61	388,12
454	10.09.2017 20:00:30,000	0,61	388,12
455	10.09.2017 20:00:40,000	0,61	387,87
456	10.09.2017 20:00:50,000	0,61	388,12
457	10.09.2017 20:01:00,000	0,61	388,12
458	10.09.2017 20:01:10,000	0,61	388,12
459	10.09.2017 20:01:20,000	0,61	388,12
460	10.09.2017 20:01:30,000	0,61	387,87
461	10.09.2017 20:01:40,000	0,61	388,12
462	10.09.2017 20:01:50,000	0,61	388,12
463	10.09.2017 20:02:00,000	0,61	388,12
464	10.09.2017 20:02:10,000	0,61	387,63
465	10.09.2017 20:02:20,000	0,61	387,63
466	10.09.2017 20:02:30,000	0,61	387,87
467	10.09.2017 20:02:40,000	0,61	387,63
468	10.09.2017 20:02:50,000	0,61	387,39
469	10.09.2017 20:03:00,000	0,61	387,39
470	10.09.2017 20:03:10,000	0,61	387,39
471	10.09.2017 20:03:20,000	0,61	387,15
472	10.09.2017 20:03:30,000	0,61	386,91
473	10.09.2017 20:03:40,000	0,61	386,91
474	10.09.2017 20:03:50,000	0,61	386,66
475	10.09.2017 20:04:00,000	0,61	386,66
476	10.09.2017 20:04:10,000	0,61	386,66
477	10.09.2017 20:04:20,000	0,61	386,42
478	10.09.2017 20:04:30,000	0,61	386,18
479	10.09.2017 20:04:40,000	0,61	386,18
480	10.09.2017 20:04:50,000	0,61	385,94
481	10.09.2017 20:05:00,000	0,61	385,70
482	10.09.2017 20:05:10,000	0,61	385,70
483	10.09.2017 20:05:20,000	0,61	385,70
484	10.09.2017 20:05:30,000	0,61	385,21
485	10.09.2017 20:05:40,000	0,61	385,21
486	10.09.2017 20:05:50,000	0,61	385,21
487	10.09.2017 20:06:00,000	0,61	384,97
488	10.09.2017 20:06:10,000	0,61	384,73
489	10.09.2017 20:06:20,000	0,61	384,49
490	10.09.2017 20:06:30,000	0,61	384,25
491	10.09.2017 20:06:40,000	0,61	384,49
492	10.09.2017 20:06:50,000	0,61	383,76
493	10.09.2017 20:07:00,000	0,61	383,76
494	10.09.2017 20:07:10,000	0,61	383,52
495	10.09.2017 20:07:20,000	0,61	383,28
496	10.09.2017 20:07:30,000	0,61	383,04
497	10.09.2017 20:07:40,000	0,61	382,80
498	10.09.2017 20:07:50,000	0,61	382,80
499	10.09.2017 20:08:00,000	0,61	382,55
500	10.09.2017 20:08:10,000	0,61	382,31
501	10.09.2017 20:08:20,000	0,61	382,31
502	10.09.2017 20:08:30,000	0,61	382,31
503	10.09.2017 20:08:40,000	0,61	382,07
504	10.09.2017 20:08:50,000	0,61	382,07
505	10.09.2017 20:09:00,000	0,61	381,83
506	10.09.2017 20:09:10,000	0,61	382,07
507	10.09.2017 20:09:20,000	0,61	381,59
508	10.09.2017 20:09:30,000	0,61	381,59
509	10.09.2017 20:09:40,000	0,61	381,34
510	10.09.2017 20:09:50,000	0,61	381,34
511	10.09.2017 20:10:00,000	0,61	381,10
512	10.09.2017 20:10:10,000	0,61	380,86
513	10.09.2017 20:10:20,000	0,61	380,62
514	10.09.2017 20:10:30,000	0,61	380,62
515	10.09.2017 20:10:40,000	0,61	380,62
516	10.09.2017 20:10:50,000	0,61	380,14
517	10.09.2017 20:11:00,000	0,61	380,14
518	10.09.2017 20:11:10,000	0,61	379,89
519	10.09.2017 20:11:20,000	0,61	379,89
520	10.09.2017 20:11:30,000	0,61	379,89
521	10.09.2017 20:11:40,000	0,61	379,41
522	10.09.2017 20:11:50,000	0,61	379,65
523	10.09.2017 20:12:00,000	0,61	379,41
524	10.09.2017 20:12:10,000	0,61	378,93
525	10.09.2017 20:12:20,000	0,61	379,17
526	10.09.2017 20:12:30,000	0,61	378,68
527	10.09.2017 20:12:40,000	0,61	378,44
528	10.09.2017 20:12:50,000	0,61	378,44
529	10.09.2017 20:13:00,000	0,61	378,44
530	10.09.2017 20:13:10,000	0,61	378,20
531	10.09.2017 20:13:20,000	0,61	377,96
532	10.09.2017 20:13:30,000	0,61	377,96
533	10.09.2017 20:13:40,000	0,61	377,72
534	10.09.2017 20:13:50,000	0,61	377,48
535	10.09.2017 20:14:00,000	0,61	377,48
536	10.09.2017 20:14:10,000	0,61	377,23
537	10.09.2017 20:14:20,000	0,61	376,99
538	10.09.2017 20:14:30,000	0,61	376,75
539	10.09.2017 20:14:40,000	0,61	376,75
540	10.09.2017 20:14:50,000	0,61	376,99
541	10.09.2017 20:15:00,000	0,61	377,48
542	10.09.2017 20:15:10,000	0,61	377,96
543	10.09.2017 20:15:20,000	0,61	378,68
544	10.09.2017 20:15:30,000	0,61	378,93
545	10.09.2017 20:15:40,000	0,61	379,89
546	10.09.2017 20:15:50,000	0,61	380,86
547	10.09.2017 20:16:00,000	0,61	381,59
548	10.09.2017 20:16:10,000	0,61	382,55
549	10.09.2017 20:16:20,000	0,61	383,28
550	10.09.2017 20:16:30,000	0,61	384,25
551	10.09.2017 20:16:40,000	0,61	384,97
552	10.09.2017 20:16:50,000	0,61	386,18
553	10.09.2017 20:17:00,000	0,61	386,91
554	10.09.2017 20:17:10,000	0,61	387,87
555	10.09.2017 20:17:20,000	0,61	388,84
556	10.09.2017 20:17:30,000	0,61	390,05
557	10.09.2017 20:17:40,000	0,61	391,02
558	10.09.2017 20:17:50,000	0,61	391,98
559	10.09.2017 20:18:00,000	0,61	392,71
560	10.09.2017 20:18:10,000	0,61	393,92
561	10.09.2017 20:18:20,000	0,61	394,64
562	10.09.2017 20:18:30,000	0,61	395,61
563	10.09.2017 20:18:40,000	0,61	396,58
564	10.09.2017 20:18:50,000	0,61	397,55
565	10.09.2017 20:19:00,000	0,61	398,51
566	10.09.2017 20:19:10,000	0,61	399,48
567	10.09.2017 20:19:20,000	0,61	400,45
568	10.09.2017 20:19:30,000	0,61	401,41
569	10.09.2017 20:19:40,000	0,61	401,90
570	10.09.2017 20:19:50,000	0,61	403,11
571	10.09.2017 20:20:00,000	0,61	404,07
572	10.09.2017 20:20:10,000	0,61	404,80
573	10.09.2017 20:20:20,000	0,61	405,77
574	10.09.2017 20:20:30,000	0,61	406,49
575	10.09.2017 20:20:40,000	0,61	407,46
576	10.09.2017 20:20:50,000	0,61	408,18
577	10.09.2017 20:21:00,000	0,61	409,15
578	10.09.2017 20:21:10,000	0,61	410,12
579	10.09.2017 20:21:20,000	0,61	410,84
580	10.09.2017 20:21:30,000	0,61	411,81
581	10.09.2017 20:21:40,000	0,61	412,78
582	10.09.2017 20:21:50,000	0,61	413,50
583	10.09.2017 20:22:00,000	0,61	414,47
584	10.09.2017 20:22:10,000	0,61	415,43
585	10.09.2017 20:22:20,000	0,61	416,40
586	10.09.2017 20:22:30,000	0,61	417,13
587	10.09.2017 20:22:40,000	0,61	418,09
588	10.09.2017 20:22:50,000	0,61	419,06
589	10.09.2017 20:23:00,000	0,61	420,27
590	10.09.2017 20:23:10,000	0,61	421,24
591	10.09.2017 20:23:20,000	0,61	422,20
592	10.09.2017 20:23:30,000	0,61	423,41
593	10.09.2017 20:23:40,000	0,61	424,38
594	10.09.2017 20:23:50,000	0,61	425,34
595	10.09.2017 20:24:00,000	0,61	426,31
596	10.09.2017 20:24:10,000	0,61	427,28
597	10.09.2017 20:24:20,000	0,61	428,24
598	10.09.2017 20:24:30,000	0,61	429,45
599	10.09.2017 20:24:40,000	0,61	430,42
600	10.09.2017 20:24:50,000	0,61	431,39
601	10.09.2017 20:25:00,000	0,61	431,63
602	10.09.2017 20:25:10,000	0,61	431,87
603	10.09.2017 20:25:20,000	0,61	432,11
604	10.09.2017 20:25:30,000	0,61	432,59
605	10.09.2017 20:25:40,000	0,61	432,35
606	10.09.2017 20:25:50,000	0,61	432,35
607	10.09.2017 20:26:00,000	0,61	432,11
608	10.09.2017 20:26:10,000	0,61	432,35
609	10.09.2017 20:26:20,000	0,61	432,11
610	10.09.2017 20:26:30,000	0,61	432,11
611	10.09.2017 20:26:40,000	0,61	431,87
612	10.09.2017 20:26:50,000	0,61	432,11
613	10.09.2017 20:27:00,000	0,61	432,11
614	10.09.2017 20:27:10,000	0,61	432,11
615	10.09.2017 20:27:20,000	0,61	432,11
616	10.09.2017 20:27:30,000	0,61	431,63
617	10.09.2017 20:27:40,000	0,61	431,39
618	10.09.2017 20:27:50,000	0,61	431,39
619	10.09.2017 20:28:00,000	0,61	430,66
620	10.09.2017 20:28:10,000	0,61	429,94
621	10.09.2017 20:28:20,000	0,61	429,45
622	10.09.2017 20:28:30,000	0,61	428,49
623	10.09.2017 20:28:40,000	0,61	427,76
624	10.09.2017 20:28:50,000	0,61	426,55
625	10.09.2017 20:29:00,000	0,61	425,34
626	10.09.2017 20:29:10,000	0,61	423,89
627	10.09.2017 20:29:20,000	0,61	422,69
628	10.09.2017 20:29:30,000	0,61	420,99
629	10.09.2017 20:29:40,000	0,61	419,54
630	10.09.2017 20:29:50,000	0,61	417,85
631	10.09.2017 20:30:00,000	0,61	416,40
632	10.09.2017 20:30:10,000	0,61	414,47
633	10.09.2017 20:30:20,000	0,61	412,78
634	10.09.2017 20:30:30,000	0,61	410,84
635	10.09.2017 20:30:40,000	0,61	409,39
636	10.09.2017 20:30:50,000	0,61	407,46
637	10.09.2017 20:31:00,000	0,61	405,77
638	10.09.2017 20:31:10,000	0,61	404,32
639	10.09.2017 20:31:20,000	0,61	402,38
640	10.09.2017 20:31:30,000	0,61	401,17
641	10.09.2017 20:31:40,000	0,61	399,48
642	10.09.2017 20:31:50,000	0,61	398,03
643	10.09.2017 20:32:00,000	0,61	396,58
644	10.09.2017 20:32:10,000	0,61	395,13
645	10.09.2017 20:32:20,000	0,61	394,16
646	10.09.2017 20:32:30,000	0,61	392,47
647	10.09.2017 20:32:40,000	0,61	391,50
648	10.09.2017 20:32:50,000	0,61	390,05
649	10.09.2017 20:33:00,000	0,61	388,60
650	10.09.2017 20:33:10,000	0,61	386,91
651	10.09.2017 20:33:20,000	0,61	385,70
652	10.09.2017 20:33:30,000	0,61	384,49
653	10.09.2017 20:33:40,000	0,61	383,52
654	10.09.2017 20:33:50,000	0,61	381,83
655	10.09.2017 20:34:00,000	0,61	380,62
656	10.09.2017 20:34:10,000	0,61	379,41
657	10.09.2017 20:34:20,000	0,61	378,44
658	10.09.2017 20:34:30,000	0,61	376,75
659	10.09.2017 20:34:40,000	0,61	375,54
660	10.09.2017 20:34:50,000	0,61	374,33
661	10.09.2017 20:35:00,000	0,61	373,12
662	10.09.2017 20:35:10,000	0,65	371,96
663	10.09.2017 20:35:20,000	0,65	370,75
664	10.09.2017 20:35:30,000	0,65	369,78
665	10.09.2017 20:35:40,000	0,65	368,58
666	10.09.2017 20:35:50,000	0,65	367,61
667	10.09.2017 20:36:00,000	0,65	366,64
668	10.09.2017 20:36:10,000	0,65	365,67
669	10.09.2017 20:36:20,000	0,65	364,46
670	10.09.2017 20:36:30,000	0,65	363,25
671	10.09.2017 20:36:40,000	0,65	362,29
672	10.09.2017 20:36:50,000	0,65	361,56
673	10.09.2017 20:37:00,000	0,65	360,59
674	10.09.2017 20:37:10,000	0,65	359,38
675	10.09.2017 20:37:20,000	0,65	358,42
676	10.09.2017 20:37:30,000	0,65	357,69
677	10.09.2017 20:37:40,000	0,65	356,96
678	10.09.2017 20:37:50,000	0,65	356,48
679	10.09.2017 20:38:00,000	0,65	355,75
680	10.09.2017 20:38:10,000	0,65	354,79
681	10.09.2017 20:38:20,000	0,65	354,06
682	10.09.2017 20:38:30,000	0,65	353,34
683	10.09.2017 20:38:40,000	0,65	352,61
684	10.09.2017 20:38:50,000	0,65	351,88
685	10.09.2017 20:39:00,000	0,61	351,11
686	10.09.2017 20:39:10,000	0,65	350,92
687	10.09.2017 20:39:20,000	0,65	350,19
688	10.09.2017 20:39:30,000	0,61	349,90
689	10.09.2017 20:39:40,000	0,65	349,22
690	10.09.2017 20:39:50,000	0,65	348,50
691	10.09.2017 20:40:00,000	0,65	348,25
692	10.09.2017 20:40:10,000	0,61	347,48
693	10.09.2017 20:40:20,000	0,65	347,05
694	10.09.2017 20:40:30,000	0,65	346,80
695	10.09.2017 20:40:40,000	0,65	345,84
696	10.09.2017 20:40:50,000	0,65	345,59
697	10.09.2017 20:41:00,000	0,65	344,87
698	10.09.2017 20:41:10,000	0,65	344,38
699	10.09.2017 20:41:20,000	0,65	344,14
700	10.09.2017 20:41:30,000	0,65	343,17
701	10.09.2017 20:41:40,000	0,65	342,93
702	10.09.2017 20:41:50,000	0,65	342,21
703	10.09.2017 20:42:00,000	0,65	341,48
704	10.09.2017 20:42:10,000	0,65	341,00
705	10.09.2017 20:42:20,000	0,65	340,03
706	10.09.2017 20:42:30,000	0,65	339,06
707	10.09.2017 20:42:40,000	0,65	338,09
708	10.09.2017 20:42:50,000	0,65	336,64
709	10.09.2017 20:43:00,000	0,65	335,91
710	10.09.2017 20:43:10,000	0,65	334,70
711	10.09.2017 20:43:20,000	0,61	333,45
712	10.09.2017 20:43:30,000	0,61	332,48
713	10.09.2017 20:43:40,000	0,61	331,27
714	10.09.2017 20:43:50,000	0,61	330,06
715	10.09.2017 20:44:00,000	0,65	329,14
716	10.09.2017 20:44:10,000	0,61	327,88
717	10.09.2017 20:44:20,000	0,61	326,43
718	10.09.2017 20:44:30,000	0,61	325,70
719	10.09.2017 20:44:40,000	0,61	324,25
720	10.09.2017 20:44:50,000	0,61	323,04
721	10.09.2017 20:45:00,000	0,65	321,64
722	10.09.2017 20:45:10,000	0,61	320,14
723	10.09.2017 20:45:20,000	0,61	319,17
724	10.09.2017 20:45:30,000	0,61	318,20
725	10.09.2017 20:45:40,000	0,61	316,50
726	10.09.2017 20:45:50,000	0,61	315,78
727	10.09.2017 20:46:00,000	0,61	314,33
728	10.09.2017 20:46:10,000	0,61	313,12
729	10.09.2017 20:46:20,000	0,61	311,91
730	10.09.2017 20:46:30,000	0,61	310,94
731	10.09.2017 20:46:40,000	0,61	309,49
732	10.09.2017 20:46:50,000	0,61	308,27
733	10.09.2017 20:47:00,000	0,61	306,82
734	10.09.2017 20:47:10,000	0,61	305,85
735	10.09.2017 20:47:20,000	0,61	304,40
736	10.09.2017 20:47:30,000	0,61	303,19
737	10.09.2017 20:47:40,000	0,61	301,98
738	10.09.2017 20:47:50,000	0,61	301,01
739	10.09.2017 20:48:00,000	0,61	299,56
740	10.09.2017 20:48:10,000	0,61	298,83
741	10.09.2017 20:48:20,000	0,61	297,38
742	10.09.2017 20:48:30,000	0,61	296,17
743	10.09.2017 20:48:40,000	0,61	294,96
744	10.09.2017 20:48:50,000	0,61	293,75
745	10.09.2017 20:49:00,000	0,61	292,30
746	10.09.2017 20:49:10,000	0,61	291,09
747	10.09.2017 20:49:20,000	0,61	289,88
748	10.09.2017 20:49:30,000	0,61	288,42
749	10.09.2017 20:49:40,000	0,61	287,21
750	10.09.2017 20:49:50,000	0,61	285,76
751	10.09.2017 20:50:00,000	0,61	284,79
752	10.09.2017 20:50:10,000	0,61	283,34
753	10.09.2017 20:50:20,000	0,61	281,89
754	10.09.2017 20:50:30,000	0,61	280,43
755	10.09.2017 20:50:40,000	0,61	279,22
756	10.09.2017 20:50:50,000	0,61	277,77
757	10.09.2017 20:51:00,000	0,61	276,56
758	10.09.2017 20:51:10,000	0,61	275,11
759	10.09.2017 20:51:20,000	0,61	273,90
760	10.09.2017 20:51:30,000	0,61	272,93
761	10.09.2017 20:51:40,000	0,61	271,47
762	10.09.2017 20:51:50,000	0,61	270,26
763	10.09.2017 20:52:00,000	0,57	269,00
764	10.09.2017 20:52:10,000	0,57	267,79
765	10.09.2017 20:52:20,000	0,57	266,58
766	10.09.2017 20:52:30,000	0,57	265,13
767	10.09.2017 20:52:40,000	0,57	264,40
768	10.09.2017 20:52:50,000	0,57	263,19
769	10.09.2017 20:53:00,000	0,57	261,98
770	10.09.2017 20:53:10,000	0,57	261,01
771	10.09.2017 20:53:20,000	0,57	259,56
772	10.09.2017 20:53:30,000	0,57	258,59
773	10.09.2017 20:53:40,000	0,57	257,14
774	10.09.2017 20:53:50,000	0,57	255,93
775	10.09.2017 20:54:00,000	0,57	254,72
776	10.09.2017 20:54:10,000	0,57	253,26
777	10.09.2017 20:54:20,000	0,57	252,54
778	10.09.2017 20:54:30,000	0,57	251,08
779	10.09.2017 20:54:40,000	0,57	249,87
780	10.09.2017 20:54:50,000	0,53	248,37
781	10.09.2017 20:55:00,000	0,53	246,92
782	10.09.2017 20:55:10,000	0,53	245,71
783	10.09.2017 20:55:20,000	0,53	244,74
784	10.09.2017 20:55:30,000	0,53	243,29
785	10.09.2017 20:55:40,000	0,53	242,08
786	10.09.2017 20:55:50,000	0,53	240,62
787	10.09.2017 20:56:00,000	0,49	239,60
788	10.09.2017 20:56:10,000	0,49	238,64
789	10.09.2017 20:56:20,000	0,49	237,18
790	10.09.2017 20:56:30,000	0,49	235,97
791	10.09.2017 20:56:40,000	0,45	234,71
792	10.09.2017 20:56:50,000	0,45	233,74
793	10.09.2017 20:57:00,000	0,45	232,29
794	10.09.2017 20:57:10,000	0,45	231,08
795	10.09.2017 20:57:20,000	0,45	229,87
796	10.09.2017 20:57:30,000	0,45	228,90
797	10.09.2017 20:57:40,000	0,45	227,45
798	10.09.2017 20:57:50,000	0,45	226,48
799	10.09.2017 20:58:00,000	0,45	225,02
800	10.09.2017 20:58:10,000	0,41	223,76
801	10.09.2017 20:58:20,000	0,41	222,55
802	10.09.2017 20:58:30,000	0,41	221,10
803	10.09.2017 20:58:40,000	0,41	220,13
804	10.09.2017 20:58:50,000	0,41	218,92
805	10.09.2017 20:59:00,000	0,41	217,47
806	10.09.2017 20:59:10,000	0,41	216,26
807	10.09.2017 20:59:20,000	0,41	215,05
808	10.09.2017 20:59:30,000	0,41	214,08
809	10.09.2017 20:59:40,000	0,37	212,57
810	10.09.2017 20:59:50,000	0,37	211,61
811	10.09.2017 21:00:00,000	0,37	210,39
812	10.09.2017 21:00:10,000	0,37	209,18
813	10.09.2017 21:00:20,000	0,37	207,73
814	10.09.2017 21:00:30,000	0,37	206,76
815	10.09.2017 21:00:40,000	0,37	205,55
816	10.09.2017 21:00:50,000	0,33	204,53
817	10.09.2017 21:01:00,000	0,33	203,56
818	10.09.2017 21:01:10,000	0,33	202,35
819	10.09.2017 21:01:20,000	0,33	201,39
820	10.09.2017 21:01:30,000	0,29	200,37
821	10.09.2017 21:01:40,000	0,29	199,40
822	10.09.2017 21:01:50,000	0,29	198,67
823	10.09.2017 21:02:00,000	0,29	197,46
824	10.09.2017 21:02:10,000	0,29	196,49
825	10.09.2017 21:02:20,000	0,29	195,52
826	10.09.2017 21:02:30,000	0,25	194,26
827	10.09.2017 21:02:40,000	0,25	193,54
828	10.09.2017 21:02:50,000	0,25	192,33
829	10.09.2017 21:03:00,000	0,25	191,60
830	10.09.2017 21:03:10,000	0,20	190,58
831	10.09.2017 21:03:20,000	0,20	189,86
832	10.09.2017 21:03:30,000	0,20	188,64
833	10.09.2017 21:03:40,000	0,20	187,92
834	10.09.2017 21:03:50,000	0,16	186,90
835	10.09.2017 21:04:00,000	0,16	185,69
836	10.09.2017 21:04:10,000	0,16	184,72
837	10.09.2017 21:04:20,000	0,16	183,75
838	10.09.2017 21:04:30,000	0,12	182,73
839	10.09.2017 21:04:40,000	0,12	181,52
840	10.09.2017 21:04:50,000	0,12	180,31
841	10.09.2017 21:05:00,000	0,12	179,10
842	10.09.2017 21:05:10,000	0,08	177,84
843	10.09.2017 21:05:20,000	0,08	176,39
844	10.09.2017 21:05:30,000	0,08	175,18
845	10.09.2017 21:05:40,000	0,08	173,73
846	10.09.2017 21:05:50,000	0,04	172,71
847	10.09.2017 21:06:00,000	0,04	171,26
848	10.09.2017 21:06:10,000	0,04	169,80
849	10.09.2017 21:06:20,000	0,04	168,35
850	10.09.2017 21:06:30,000	0,00	167,09
851	10.09.2017 21:06:40,000	0,00	165,88
852	10.09.2017 21:06:50,000	0,00	164,91
853	10.09.2017 21:07:00,000	-0,04	163,65
854	10.09.2017 21:07:10,000	-0,04	162,68
855	10.09.2017 21:07:20,000	-0,04	161,47
856	10.09.2017 21:07:30,000	-0,08	159,97
857	10.09.2017 21:07:40,000	-0,08	159,24
858	10.09.2017 21:07:50,000	-0,08	158,03
859	10.09.2017 21:08:00,000	-0,12	156,77
860	10.09.2017 21:08:10,000	-0,12	155,56
861	10.09.2017 21:08:20,000	-0,12	154,59
862	10.09.2017 21:08:30,000	-0,12	153,38
863	10.09.2017 21:08:40,000	-0,17	152,12
864	10.09.2017 21:08:50,000	-0,17	151,40
865	10.09.2017 21:09:00,000	-0,21	150,62
866	10.09.2017 21:09:10,000	-0,21	149,17
867	10.09.2017 21:09:20,000	-0,21	148,20
868	10.09.2017 21:09:30,000	-0,25	147,18
869	10.09.2017 21:09:40,000	-0,25	145,97
870	10.09.2017 21:09:50,000	-0,25	144,76
871	10.09.2017 21:10:00,000	-0,29	143,26
872	10.09.2017 21:10:10,000	-0,29	142,29
873	10.09.2017 21:10:20,000	-0,29	141,08
874	10.09.2017 21:10:30,000	-0,29	139,87
875	10.09.2017 21:10:40,000	-0,33	138,61
876	10.09.2017 21:10:50,000	-0,33	137,65
877	10.09.2017 21:11:00,000	-0,37	136,39
878	10.09.2017 21:11:10,000	-0,37	135,42
879	10.09.2017 21:11:20,000	-0,37	134,21
880	10.09.2017 21:11:30,000	-0,41	133,19
881	10.09.2017 21:11:40,000	-0,41	131,98
882	10.09.2017 21:11:50,000	-0,41	131,01
883	10.09.2017 21:12:00,000	-0,46	129,75
884	10.09.2017 21:12:10,000	-0,46	129,03
885	10.09.2017 21:12:20,000	-0,46	127,82
886	10.09.2017 21:12:30,000	-0,50	126,80
887	10.09.2017 21:12:40,000	-0,50	125,59
888	10.09.2017 21:12:50,000	-0,50	124,62
889	10.09.2017 21:13:00,000	-0,54	123,61
890	10.09.2017 21:13:10,000	-0,54	122,15
891	10.09.2017 21:13:20,000	-0,54	121,19
892	10.09.2017 21:13:30,000	-0,58	120,41
893	10.09.2017 21:13:40,000	-0,58	119,20
894	10.09.2017 21:13:50,000	-0,58	118,48
895	10.09.2017 21:14:00,000	-0,62	117,22
896	10.09.2017 21:14:10,000	-0,62	116,25
897	10.09.2017 21:14:20,000	-0,67	115,23
898	10.09.2017 21:14:30,000	-0,67	114,51
899	10.09.2017 21:14:40,000	-0,71	113,25
900	10.09.2017 21:14:50,000	-0,71	112,52
901	10.09.2017 21:15:00,000	-0,71	111,31
902	10.09.2017 21:15:10,000	-0,75	110,54
903	10.09.2017 21:15:20,000	-0,75	109,57
904	10.09.2017 21:15:30,000	-0,79	108,31
905	10.09.2017 21:15:40,000	-0,79	107,83
906	10.09.2017 21:15:50,000	-0,83	106,57
907	10.09.2017 21:16:00,000	-0,83	105,84
908	10.09.2017 21:16:10,000	-0,83	104,88
909	10.09.2017 21:16:20,000	-0,88	103,86
910	10.09.2017 21:16:30,000	-0,88	102,89
911	10.09.2017 21:16:40,000	-0,92	101,87
912	10.09.2017 21:16:50,000	-0,96	100,61
913	10.09.2017 21:17:00,000	-0,96	99,89
914	10.09.2017 21:17:10,000	-0,96	98,92
915	10.09.2017 21:17:20,000	-0,96	97,71
916	10.09.2017 21:17:30,000	-0,96	96,75
917	10.09.2017 21:17:40,000	-0,96	95,78
918	10.09.2017 21:17:50,000	-0,96	94,57
919	10.09.2017 21:18:00,000	-0,96	93,85
920	10.09.2017 21:18:10,000	-0,96	92,64
921	10.09.2017 21:18:20,000	-0,96	91,67
922	10.09.2017 21:18:30,000	-0,96	90,70
923	10.09.2017 21:18:40,000	-0,96	89,74
924	10.09.2017 21:18:50,000	-0,96	88,29
925	10.09.2017 21:19:00,000	-0,96	87,32
926	10.09.2017 21:19:10,000	-0,96	86,60
927	10.09.2017 21:19:20,000	-0,96	85,39
928	10.09.2017 21:19:30,000	-0,96	84,42
929	10.09.2017 21:19:40,000	-0,96	83,21
930	10.09.2017 21:19:50,000	-0,96	82,49
931	10.09.2017 21:20:00,000	-0,96	81,04
932	10.09.2017 21:20:10,000	-1,00	79,54
933	10.09.2017 21:20:20,000	-1,04	78,52
934	10.09.2017 21:20:30,000	-1,13	77,21
935	10.09.2017 21:20:40,000	-1,17	75,96
936	10.09.2017 21:20:50,000	-1,17	74,75
937	10.09.2017 21:21:00,000	-1,21	73,25
938	10.09.2017 21:21:10,000	-1,21	71,56
939	10.09.2017 21:21:20,000	-1,17	70,16
940	10.09.2017 21:21:30,000	-1,17	68,47
941	10.09.2017 21:21:40,000	-1,13	67,07
942	10.09.2017 21:21:50,000	-1,04	65,96
943	10.09.2017 21:22:00,000	-1,00	64,32
944	10.09.2017 21:22:10,000	-0,96	62,92
945	10.09.2017 21:22:20,000	-0,92	61,77
946	10.09.2017 21:22:30,000	-0,92	60,08
947	10.09.2017 21:22:40,000	-0,96	58,82
948	10.09.2017 21:22:50,000	-0,92	57,42
949	10.09.2017 21:23:00,000	-0,92	55,97
950	10.09.2017 21:23:10,000	-0,88	54,82
951	10.09.2017 21:23:20,000	-0,83	53,66
952	10.09.2017 21:23:30,000	-0,75	52,56
953	10.09.2017 21:23:40,000	-0,62	51,74
954	10.09.2017 21:23:50,000	-0,54	50,63
955	10.09.2017 21:24:00,000	-0,54	49,91
956	10.09.2017 21:24:10,000	-0,58	50,10
957	10.09.2017 21:24:20,000	-0,58	49,62
958	10.09.2017 21:24:30,000	-0,58	49,62
959	10.09.2017 21:24:40,000	-0,54	49,19
960	10.09.2017 21:24:50,000	-0,54	48,46
961	10.09.2017 21:25:00,000	-0,46	47,84
962	10.09.2017 21:25:10,000	-0,29	46,83
963	10.09.2017 21:25:20,000	-0,12	46,30
964	10.09.2017 21:25:30,000	-0,12	45,10
965	10.09.2017 21:25:40,000	-0,12	44,13
966	10.09.2017 21:25:50,000	-0,12	43,41
967	10.09.2017 21:26:00,000	-0,17	41,67
968	10.09.2017 21:26:10,000	-0,17	40,47
969	10.09.2017 21:26:20,000	-0,12	39,79
970	10.09.2017 21:26:30,000	-0,08	38,15
971	10.09.2017 21:26:40,000	0,00	37,05
972	10.09.2017 21:26:50,000	0,08	35,22
973	10.09.2017 21:27:00,000	0,12	34,06
974	10.09.2017 21:27:10,000	0,20	32,47
975	10.09.2017 21:27:20,000	0,16	31,22
976	10.09.2017 21:27:30,000	0,12	30,20
977	10.09.2017 21:27:40,000	0,08	29,67
978	10.09.2017 21:27:50,000	0,00	29,33
979	10.09.2017 21:28:00,000	-0,04	29,04
980	10.09.2017 21:28:10,000	-0,08	28,99
981	10.09.2017 21:28:20,000	-0,17	28,65
982	10.09.2017 21:28:30,000	-0,21	28,36
983	10.09.2017 21:28:40,000	-0,25	27,83
984	10.09.2017 21:28:50,000	-0,29	27,78
985	10.09.2017 21:29:00,000	-0,29	27,30
986	10.09.2017 21:29:10,000	-0,33	27,01
987	10.09.2017 21:29:20,000	-0,37	26,48
988	10.09.2017 21:29:30,000	-0,37	26,00
989	10.09.2017 21:29:40,000	-0,41	26,19
990	10.09.2017 21:29:50,000	-0,41	25,95
991	10.09.2017 21:30:00,000	-0,46	25,66
992	10.09.2017 21:30:10,000	-0,46	25,17
993	10.09.2017 21:30:20,000	-0,46	25,17
994	10.09.2017 21:30:30,000	-0,50	24,88
995	10.09.2017 21:30:40,000	-0,46	24,69
996	10.09.2017 21:30:50,000	-0,41	24,26
997	10.09.2017 21:31:00,000	-0,37	23,59
998	10.09.2017 21:31:10,000	-0,33	22,43
999	10.09.2017 21:31:20,000	-0,17	21,42
1000	10.09.2017 21:31:30,000	0,25	20,71
1001	10.09.2017 21:31:40,000	0,57	19,90
1002	10.09.2017 21:31:50,000	0,86	19,28
1003	10.09.2017 21:32:00,000	1,02	19,23
1004	10.09.2017 21:32:10,000	1,14	18,90
1005	10.09.2017 21:32:20,000	1,22	18,99
1006	10.09.2017 21:32:30,000	1,30	18,61
1007	10.09.2017 21:32:40,000	1,38	18,46
1008	10.09.2017 21:32:50,000	1,42	18,27
1009	10.09.2017 21:33:00,000	1,46	17,60
1010	10.09.2017 21:33:10,000	1,50	17,65
1011	10.09.2017 21:33:20,000	1,54	17,69
1012	10.09.2017 21:33:30,000	1,54	18,18
1013	10.09.2017 21:33:40,000	1,54	18,18
1014	10.09.2017 21:33:50,000	1,54	18,66
1015	10.09.2017 21:34:00,000	1,54	18,42
1016	10.09.2017 21:34:10,000	1,54	17,69
1017	10.09.2017 21:34:20,000	1,57	17,02
1018	10.09.2017 21:34:30,000	1,61	16,59
1019	10.09.2017 21:34:40,000	1,61	16,10
1020	10.09.2017 21:34:50,000	1,65	16,39
1021	10.09.2017 21:35:00,000	1,65	16,88
1022	10.09.2017 21:35:10,000	1,65	17,12
1023	10.09.2017 21:35:20,000	1,69	16,92
1024	10.09.2017 21:35:30,000	1,69	17,16
1025	10.09.2017 21:35:40,000	1,69	17,16
1026	10.09.2017 21:35:50,000	1,69	16,20
1027	10.09.2017 21:36:00,000	1,69	16,20
1028	10.09.2017 21:36:10,000	1,69	15,96
1029	10.09.2017 21:36:20,000	1,69	15,96
1030	10.09.2017 21:36:30,000	1,69	15,72
1031	10.09.2017 21:36:40,000	1,69	15,96
1032	10.09.2017 21:36:50,000	1,69	16,20
1033	10.09.2017 21:37:00,000	1,69	16,44
1034	10.09.2017 21:37:10,000	1,69	16,68
1035	10.09.2017 21:37:20,000	1,69	16,68
1036	10.09.2017 21:37:30,000	1,69	16,44
1037	10.09.2017 21:37:40,000	1,65	16,63
1038	10.09.2017 21:37:50,000	1,61	16,83
1039	10.09.2017 21:38:00,000	1,57	16,78
1040	10.09.2017 21:38:10,000	1,54	16,97
1041	10.09.2017 21:38:20,000	1,50	16,44
1042	10.09.2017 21:38:30,000	1,50	16,92
1043	10.09.2017 21:38:40,000	1,46	16,88
1044	10.09.2017 21:38:50,000	1,42	16,83
1045	10.09.2017 21:39:00,000	1,34	16,49
1046	10.09.2017 21:39:10,000	1,30	16,68
1047	10.09.2017 21:39:20,000	1,30	16,68
1048	10.09.2017 21:39:30,000	1,26	16,39
1049	10.09.2017 21:39:40,000	1,22	16,59
1050	10.09.2017 21:39:50,000	1,18	16,54
1051	10.09.2017 21:40:00,000	1,18	15,09
1052	10.09.2017 21:40:10,000	1,10	13,79
1053	10.09.2017 21:40:20,000	1,06	13,26
1054	10.09.2017 21:40:30,000	1,02	12,49
1055	10.09.2017 21:40:40,000	1,02	12,73
1056	10.09.2017 21:40:50,000	0,98	12,68
1057	10.09.2017 21:41:00,000	0,94	13,36
1058	10.09.2017 21:41:10,000	0,90	13,79
1059	10.09.2017 21:41:20,000	0,86	13,98
1060	10.09.2017 21:41:30,000	0,86	14,22
1061	10.09.2017 21:41:40,000	0,86	14,22
1062	10.09.2017 21:41:50,000	0,81	13,69
1063	10.09.2017 21:42:00,000	0,81	14,17
1064	10.09.2017 21:42:10,000	0,77	13,88
1065	10.09.2017 21:42:20,000	0,77	13,88
1066	10.09.2017 21:42:30,000	0,77	14,37
1067	10.09.2017 21:42:40,000	0,77	13,40
1068	10.09.2017 21:42:50,000	0,77	12,44
1069	10.09.2017 21:43:00,000	0,77	11,48
1070	10.09.2017 21:43:10,000	0,73	10,46
1071	10.09.2017 21:43:20,000	0,73	9,98
1072	10.09.2017 21:43:30,000	0,73	9,50
1073	10.09.2017 21:43:40,000	0,77	9,31
1074	10.09.2017 21:43:50,000	0,77	9,07
1075	10.09.2017 21:44:00,000	0,73	8,78
1076	10.09.2017 21:44:10,000	0,73	7,82
1077	10.09.2017 21:44:20,000	0,77	6,90
1078	10.09.2017 21:44:30,000	0,81	5,27
1079	10.09.2017 21:44:40,000	0,98	3,78
1080	10.09.2017 21:44:50,000	1,10	2,00
1081	10.09.2017 21:45:00,000	1,42	0,22
1082	10.09.2017 21:45:10,000	1,77	0,00
1083	10.09.2017 21:45:20,000	1,77	0,00
1084	10.09.2017 21:45:30,000	1,77	0,00
1085	10.09.2017 21:45:40,000	1,77	0,00
1086	10.09.2017 21:45:50,000	1,77	0,00
1087	10.09.2017 21:46:00,000	1,77	0,00
1088	10.09.2017 21:46:10,000	1,77	0,00
1089	10.09.2017 21:46:20,000	1,81	0,00
1090	10.09.2017 21:46:30,000	1,81	0,00
1091	10.09.2017 21:46:40,000	1,81	0,00
1092	10.09.2017 21:46:50,000	1,81	0,00
1093	10.09.2017 21:47:00,000	1,81	0,00
1094	10.09.2017 21:47:10,000	1,85	0,00
1095	10.09.2017 21:47:20,000	1,85	0,00
1096	10.09.2017 21:47:30,000	1,85	0,00
1097	10.09.2017 21:47:40,000	1,89	0,00
1098	10.09.2017 21:47:50,000	1,89	0,00
1099	10.09.2017 21:48:00,000	1,89	0,00
1100	10.09.2017 21:48:10,000	1,89	0,00
1101	10.09.2017 21:48:20,000	1,93	0,00
1102	10.09.2017 21:48:30,000	1,93	0,00
1103	10.09.2017 21:48:40,000	1,93	0,00
1104	10.09.2017 21:48:50,000	1,93	0,00
1105	10.09.2017 21:49:00,000	1,97	0,00
1106	10.09.2017 21:49:10,000	1,97	0,00
1107	10.09.2017 21:49:20,000	1,97	0,00
1108	10.09.2017 21:49:30,000	2,01	0,00
1109	10.09.2017 21:49:40,000	2,05	0,00
1110	10.09.2017 21:49:50,000	2,05	0,00
1111	10.09.2017 21:50:00,000	2,09	0,00
1112	10.09.2017 21:50:10,000	2,09	0,00
1113	10.09.2017 21:50:20,000	2,13	0,00
1114	10.09.2017 21:50:30,000	2,16	0,00
1115	10.09.2017 21:50:40,000	2,16	0,00
1116	10.09.2017 21:50:50,000	2,20	0,00
1117	10.09.2017 21:51:00,000	2,24	0,00
1118	10.09.2017 21:51:10,000	2,28	0,00
1119	10.09.2017 21:51:20,000	2,28	0,00
1120	10.09.2017 21:51:30,000	2,32	0,00
1121	10.09.2017 21:51:40,000	2,36	0,00
1122	10.09.2017 21:51:50,000	2,36	0,00
1123	10.09.2017 21:52:00,000	2,40	0,00
1124	10.09.2017 21:52:10,000	2,44	0,00
1125	10.09.2017 21:52:20,000	2,48	0,00
1126	10.09.2017 21:52:30,000	2,52	0,00
1127	10.09.2017 21:52:40,000	2,55	0,00
1128	10.09.2017 21:52:50,000	2,59	0,00
1129	10.09.2017 21:53:00,000	2,63	0,00
1130	10.09.2017 21:53:10,000	2,67	0,00
1131	10.09.2017 21:53:20,000	2,71	0,00
1132	10.09.2017 21:53:30,000	2,71	0,00
1133	10.09.2017 21:53:40,000	2,75	0,00
1134	10.09.2017 21:53:50,000	2,79	0,00
1135	10.09.2017 21:54:00,000	2,82	0,00
1136	10.09.2017 21:54:10,000	2,86	0,00
1137	10.09.2017 21:54:20,000	2,86	0,00
1138	10.09.2017 21:54:30,000	2,90	0,00
1139	10.09.2017 21:54:40,000	2,94	0,00
1140	10.09.2017 21:54:50,000	2,98	0,00
1141	10.09.2017 21:55:00,000	2,98	0,00
1142	10.09.2017 21:55:10,000	3,02	0,00
1143	10.09.2017 21:55:20,000	3,05	0,00
1144	10.09.2017 21:55:30,000	3,09	0,00
1145	10.09.2017 21:55:40,000	3,13	0,00
1146	10.09.2017 21:55:50,000	3,13	0,00
1147	10.09.2017 21:56:00,000	3,17	0,00
1148	10.09.2017 21:56:10,000	3,21	0,00
1149	10.09.2017 21:56:20,000	3,21	0,00
1150	10.09.2017 21:56:30,000	3,24	0,00
1151	10.09.2017 21:56:40,000	3,28	0,00
1152	10.09.2017 21:56:50,000	3,28	0,00
1153	10.09.2017 21:57:00,000	3,32	0,00
1154	10.09.2017 21:57:10,000	3,36	0,00
1155	10.09.2017 21:57:20,000	3,36	0,00
1156	10.09.2017 21:57:30,000	3,40	0,00
1157	10.09.2017 21:57:40,000	3,43	0,00
1158	10.09.2017 21:57:50,000	3,43	0,00
1159	10.09.2017 21:58:00,000	3,47	0,00
1160	10.09.2017 21:58:10,000	3,47	0,00
1161	10.09.2017 21:58:20,000	3,51	0,00
1162	10.09.2017 21:58:30,000	3,51	0,00
1163	10.09.2017 21:58:40,000	3,55	0,00
1164	10.09.2017 21:58:50,000	3,55	0,00
1165	10.09.2017 21:59:00,000	3,59	0,00
1166	10.09.2017 21:59:10,000	3,59	0,00
1167	10.09.2017 21:59:20,000	3,62	0,00
1168	10.09.2017 21:59:30,000	3,66	0,00
1169	10.09.2017 21:59:40,000	3,66	0,00
1170	10.09.2017 21:59:50,000	3,70	0,00
1171	10.09.2017 22:00:00,000	3,70	0,00
1172	10.09.2017 22:00:10,000	3,74	0,00
1173	10.09.2017 22:00:20,000	3,74	0,00
1174	10.09.2017 22:00:30,000	3,77	0,00
1175	10.09.2017 22:00:40,000	3,77	0,00
1176	10.09.2017 22:00:50,000	3,81	0,00
1177	10.09.2017 22:01:00,000	3,81	0,00
1178	10.09.2017 22:01:10,000	3,85	0,00
1179	10.09.2017 22:01:20,000	3,85	0,00
1180	10.09.2017 22:01:30,000	3,89	0,00
1181	10.09.2017 22:01:40,000	3,89	0,00
1182	10.09.2017 22:01:50,000	3,92	0,00
1183	10.09.2017 22:02:00,000	3,92	0,00
1184	10.09.2017 22:02:10,000	3,96	0,00
1185	10.09.2017 22:02:20,000	3,96	0,00
1186	10.09.2017 22:02:30,000	3,96	0,00
1187	10.09.2017 22:02:40,000	4,00	0,00
1188	10.09.2017 22:02:50,000	4,00	0,00
1189	10.09.2017 22:03:00,000	4,04	0,00
1190	10.09.2017 22:03:10,000	4,04	0,00
1191	10.09.2017 22:03:20,000	4,04	0,00
1192	10.09.2017 22:03:30,000	4,07	0,00
1193	10.09.2017 22:03:40,000	4,07	0,00
1194	10.09.2017 22:03:50,000	4,11	0,00
1195	10.09.2017 22:04:00,000	4,11	0,00
1196	10.09.2017 22:04:10,000	4,11	0,00
1197	10.09.2017 22:04:20,000	4,11	0,00
1198	10.09.2017 22:04:30,000	4,15	0,00
1199	10.09.2017 22:04:40,000	4,15	0,00
1200	10.09.2017 22:04:50,000	4,15	0,00
1201	10.09.2017 22:05:00,000	4,19	0,00
1202	10.09.2017 22:05:10,000	4,19	0,00
1203	10.09.2017 22:05:20,000	4,19	0,00
1204	10.09.2017 22:05:30,000	4,22	0,00
1205	10.09.2017 22:05:40,000	4,22	0,00
1206	10.09.2017 22:05:50,000	4,26	0,00
1207	10.09.2017 22:06:00,000	4,26	0,00
1208	10.09.2017 22:06:10,000	4,26	0,00
1209	10.09.2017 22:06:20,000	4,26	0,00
1210	10.09.2017 22:06:30,000	4,30	0,00
1211	10.09.2017 22:06:40,000	4,30	0,00
1212	10.09.2017 22:06:50,000	4,30	0,00
1213	10.09.2017 22:07:00,000	4,33	0,00
1214	10.09.2017 22:07:10,000	4,33	0,00
1215	10.09.2017 22:07:20,000	4,33	0,00
1216	10.09.2017 22:07:30,000	4,37	0,00
1217	10.09.2017 22:07:40,000	4,37	0,00
1218	10.09.2017 22:07:50,000	4,37	0,00
1219	10.09.2017 22:08:00,000	4,41	0,00
1220	10.09.2017 22:08:10,000	4,41	0,00
1221	10.09.2017 22:08:20,000	4,41	0,00
1222	10.09.2017 22:08:30,000	4,41	0,00
1223	10.09.2017 22:08:40,000	4,41	0,00
1224	10.09.2017 22:08:50,000	4,45	0,00
1225	10.09.2017 22:09:00,000	4,45	0,00
1226	10.09.2017 22:09:10,000	4,45	0,00
1227	10.09.2017 22:09:20,000	4,48	0,00
1228	10.09.2017 22:09:30,000	4,48	0,00
1229	10.09.2017 22:09:40,000	4,48	0,00
1230	10.09.2017 22:09:50,000	4,48	0,00
1231	10.09.2017 22:10:00,000	4,48	0,00
1232	10.09.2017 22:10:10,000	4,52	0,00
1233	10.09.2017 22:10:20,000	4,52	0,00
1234	10.09.2017 22:10:30,000	4,52	0,00
1235	10.09.2017 22:10:40,000	4,56	0,00
1236	10.09.2017 22:10:50,000	4,56	0,00
1237	10.09.2017 22:11:00,000	4,56	0,00
1238	10.09.2017 22:11:10,000	4,56	0,00
1239	10.09.2017 22:11:20,000	4,56	0,00
1240	10.09.2017 22:11:30,000	4,59	0,00
1241	10.09.2017 22:11:40,000	4,59	0,00
1242	10.09.2017 22:11:50,000	4,59	0,00
1243	10.09.2017 22:12:00,000	4,59	0,00
1244	10.09.2017 22:12:10,000	4,59	0,00
1245	10.09.2017 22:12:20,000	4,63	0,00
1246	10.09.2017 22:12:30,000	4,63	0,00
1247	10.09.2017 22:12:40,000	4,63	0,00
1248	10.09.2017 22:12:50,000	4,63	0,00
1249	10.09.2017 22:13:00,000	4,63	0,00
1250	10.09.2017 22:13:10,000	4,67	0,00
1251	10.09.2017 22:13:20,000	4,67	0,00
1252	10.09.2017 22:13:30,000	4,67	0,00
1253	10.09.2017 22:13:40,000	4,67	0,00
1254	10.09.2017 22:13:50,000	4,67	0,00
1255	10.09.2017 22:14:00,000	4,70	0,00
1256	10.09.2017 22:14:10,000	4,70	0,00
1257	10.09.2017 22:14:20,000	4,70	0,00
1258	10.09.2017 22:14:30,000	4,70	0,00
1259	10.09.2017 22:14:40,000	4,70	0,00
1260	10.09.2017 22:14:50,000	4,70	0,00
1261	10.09.2017 22:15:00,000	4,70	0,00
1262	10.09.2017 22:15:10,000	4,70	0,00
1263	10.09.2017 22:15:20,000	4,70	0,00
1264	10.09.2017 22:15:30,000	4,74	0,00
1265	10.09.2017 22:15:40,000	4,74	0,00
1266	10.09.2017 22:15:50,000	4,74	0,00
1267	10.09.2017 22:16:00,000	4,74	0,00
1268	10.09.2017 22:16:10,000	4,74	0,00
1269	10.09.2017 22:16:20,000	4,74	0,00
1270	10.09.2017 22:16:30,000	4,74	0,00
1271	10.09.2017 22:16:40,000	4,78	0,00
1272	10.09.2017 22:16:50,000	4,78	0,00
1273	10.09.2017 22:17:00,000	4,78	0,00
1274	10.09.2017 22:17:10,000	4,78	0,00
1275	10.09.2017 22:17:20,000	4,78	0,00
1276	10.09.2017 22:17:30,000	4,78	0,00
1277	10.09.2017 22:17:40,000	4,78	0,00
1278	10.09.2017 22:17:50,000	4,81	0,00
1279	10.09.2017 22:18:00,000	4,81	0,00
1280	10.09.2017 22:18:10,000	4,81	0,00
1281	10.09.2017 22:18:20,000	4,81	0,00
1282	10.09.2017 22:18:30,000	4,81	0,00
1283	10.09.2017 22:18:40,000	4,81	0,00
1284	10.09.2017 22:18:50,000	4,85	0,00
1285	10.09.2017 22:19:00,000	4,85	0,00
1286	10.09.2017 22:19:10,000	4,85	0,00
1287	10.09.2017 22:19:20,000	4,85	0,00
1288	10.09.2017 22:19:30,000	4,85	0,00
1289	10.09.2017 22:19:40,000	4,85	0,00
1290	10.09.2017 22:19:50,000	4,85	0,00
1291	10.09.2017 22:20:00,000	4,85	0,00
1292	10.09.2017 22:20:10,000	4,85	0,00
1293	10.09.2017 22:20:20,000	4,89	0,00
1294	10.09.2017 22:20:30,000	4,89	0,00
1295	10.09.2017 22:20:40,000	4,89	0,00
1296	10.09.2017 22:20:50,000	4,89	0,00
1297	10.09.2017 22:21:00,000	4,89	0,00
1298	10.09.2017 22:21:10,000	4,89	0,00
1299	10.09.2017 22:21:20,000	4,89	0,00
1300	10.09.2017 22:21:30,000	4,92	0,00
1301	10.09.2017 22:21:40,000	4,92	0,00
1302	10.09.2017 22:21:50,000	4,92	0,00
1303	10.09.2017 22:22:00,000	4,92	0,00
1304	10.09.2017 22:22:10,000	4,92	0,00
1305	10.09.2017 22:22:20,000	4,92	0,00
1306	10.09.2017 22:22:30,000	4,92	0,00
1307	10.09.2017 22:22:40,000	4,92	0,00
1308	10.09.2017 22:22:50,000	4,92	0,00
1309	10.09.2017 22:23:00,000	4,92	0,00
1310	10.09.2017 22:23:10,000	4,96	0,00
1311	10.09.2017 22:23:20,000	4,96	0,00
1312	10.09.2017 22:23:30,000	4,96	0,00
1313	10.09.2017 22:23:40,000	4,96	0,00
1314	10.09.2017 22:23:50,000	4,96	0,00
1315	10.09.2017 22:24:00,000	4,96	0,00
1316	10.09.2017 22:24:10,000	4,96	0,00
1317	10.09.2017 22:24:20,000	4,96	0,00
1318	10.09.2017 22:24:30,000	4,96	0,00
1319	10.09.2017 22:24:40,000	5,00	0,00
1320	10.09.2017 22:24:50,000	5,00	0,00
1321	10.09.2017 22:25:00,000	5,00	0,00
1322	10.09.2017 22:25:10,000	5,00	0,00
1323	10.09.2017 22:25:20,000	5,00	0,00
1324	10.09.2017 22:25:30,000	5,00	0,00
1325	10.09.2017 22:25:40,000	5,00	0,00
1326	10.09.2017 22:25:50,000	5,00	0,00
1327	10.09.2017 22:26:00,000	5,00	0,00
1328	10.09.2017 22:26:10,000	5,00	0,00
1329	10.09.2017 22:26:20,000	5,03	0,00
1330	10.09.2017 22:26:30,000	5,00	0,00
1331	10.09.2017 22:26:40,000	5,03	0,00
1332	10.09.2017 22:26:50,000	5,03	0,00
1333	10.09.2017 22:27:00,000	5,03	0,00
1334	10.09.2017 22:27:10,000	5,03	0,00
1335	10.09.2017 22:27:20,000	5,03	0,00
1336	10.09.2017 22:27:30,000	5,03	0,00
1337	10.09.2017 22:27:40,000	5,03	0,00
1338	10.09.2017 22:27:50,000	5,03	0,00
1339	10.09.2017 22:28:00,000	5,07	0,00
1340	10.09.2017 22:28:10,000	5,07	0,00
1341	10.09.2017 22:28:20,000	5,07	0,00
1342	10.09.2017 22:28:30,000	5,07	0,00
1343	10.09.2017 22:28:40,000	5,07	0,00
1344	10.09.2017 22:28:50,000	5,07	0,00
1345	10.09.2017 22:29:00,000	5,07	0,00
1346	10.09.2017 22:29:10,000	5,07	0,00
1347	10.09.2017 22:29:20,000	5,07	0,00
1348	10.09.2017 22:29:30,000	5,07	0,00
1349	10.09.2017 22:29:40,000	5,07	0,00
1350	10.09.2017 22:29:50,000	5,11	0,00
1351	10.09.2017 22:30:00,000	5,11	0,00
1352	10.09.2017 22:30:10,000	5,11	0,00
1353	10.09.2017 22:30:20,000	5,11	0,00
1354	10.09.2017 22:30:30,000	5,11	0,00
1355	10.09.2017 22:30:40,000	5,11	0,00
1356	10.09.2017 22:30:50,000	5,11	0,00
1357	10.09.2017 22:31:00,000	5,11	0,00
1358	10.09.2017 22:31:10,000	5,11	0,00
1359	10.09.2017 22:31:20,000	5,11	0,00
1360	10.09.2017 22:31:30,000	5,11	0,00
1361	10.09.2017 22:31:40,000	5,11	0,00
1362	10.09.2017 22:31:50,000	5,11	0,00
1363	10.09.2017 22:32:00,000	5,14	0,00
1364	10.09.2017 22:32:10,000	5,14	0,00
1365	10.09.2017 22:32:20,000	5,14	0,00
1366	10.09.2017 22:32:30,000	5,14	0,00
1367	10.09.2017 22:32:40,000	5,14	0,00
1368	10.09.2017 22:32:50,000	5,14	0,00
1369	10.09.2017 22:33:00,000	5,14	0,00
1370	10.09.2017 22:33:10,000	5,14	0,00
1371	10.09.2017 22:33:20,000	5,14	0,00
1372	10.09.2017 22:33:30,000	5,14	0,00
1373	10.09.2017 22:33:40,000	5,14	0,00
1374	10.09.2017 22:33:50,000	5,14	0,00
1375	10.09.2017 22:34:00,000	5,14	0,00
1376	10.09.2017 22:34:10,000	5,14	0,00
1377	10.09.2017 22:34:20,000	5,14	0,00
1378	10.09.2017 22:34:30,000	5,14	0,00
1379	10.09.2017 22:34:40,000	5,14	0,00
1380	10.09.2017 22:34:50,000	5,18	0,00
1381	10.09.2017 22:35:00,000	5,18	0,00
1382	10.09.2017 22:35:10,000	5,18	0,00
1383	10.09.2017 22:35:20,000	5,18	0,00
1384	10.09.2017 22:35:30,000	5,18	0,00
1385	10.09.2017 22:35:40,000	5,18	0,00
1386	10.09.2017 22:35:50,000	5,18	0,00
1387	10.09.2017 22:36:00,000	5,18	0,00
1388	10.09.2017 22:36:10,000	5,18	0,00
1389	10.09.2017 22:36:20,000	5,18	0,00
1390	10.09.2017 22:36:30,000	5,18	0,00
1391	10.09.2017 22:36:40,000	5,18	0,00
1392	10.09.2017 22:36:50,000	5,18	0,00
1393	10.09.2017 22:37:00,000	5,18	0,00
1394	10.09.2017 22:37:10,000	5,18	0,00
1395	10.09.2017 22:37:20,000	5,18	0,00
1396	10.09.2017 22:37:30,000	5,22	0,00
1397	10.09.2017 22:37:40,000	5,22	0,00
1398	10.09.2017 22:37:50,000	5,22	0,00
1399	10.09.2017 22:38:00,000	5,22	0,00
1400	10.09.2017 22:38:10,000	5,22	0,00
1401	10.09.2017 22:38:20,000	5,22	0,00
1402	10.09.2017 22:38:30,000	5,22	0,00
1403	10.09.2017 22:38:40,000	5,22	0,00
1404	10.09.2017 22:38:50,000	5,22	0,00
1405	10.09.2017 22:39:00,000	5,22	0,00
1406	10.09.2017 22:39:10,000	5,22	0,00
1407	10.09.2017 22:39:20,000	5,22	0,00
1408	10.09.2017 22:39:30,000	5,22	0,00
1409	10.09.2017 22:39:40,000	5,22	0,00
1410	10.09.2017 22:39:50,000	5,22	0,00
1411	10.09.2017 22:40:00,000	5,22	0,00
1412	10.09.2017 22:40:10,000	5,22	0,00
1413	10.09.2017 22:40:20,000	5,22	0,00
1414	10.09.2017 22:40:30,000	5,22	0,00
1415	10.09.2017 22:40:40,000	5,22	0,00
1416	10.09.2017 22:40:50,000	5,22	0,00
1417	10.09.2017 22:41:00,000	5,22	0,00
1418	10.09.2017 22:41:10,000	5,22	0,00
1419	10.09.2017 22:41:20,000	5,22	0,00
1420	10.09.2017 22:41:30,000	5,22	0,00
1421	10.09.2017 22:41:40,000	5,22	0,00
1422	10.09.2017 22:41:50,000	5,22	0,00
1423	10.09.2017 22:42:00,000	5,22	0,00
1424	10.09.2017 22:42:10,000	5,22	0,00
1425	10.09.2017 22:42:20,000	5,25	0,00
1426	10.09.2017 22:42:30,000	5,25	0,00
1427	10.09.2017 22:42:40,000	5,22	0,00
1428	10.09.2017 22:42:50,000	5,25	0,00
1429	10.09.2017 22:43:00,000	5,25	0,00
1430	10.09.2017 22:43:10,000	5,25	0,00
1431	10.09.2017 22:43:20,000	5,25	0,00
1432	10.09.2017 22:43:30,000	5,25	0,00
1433	10.09.2017 22:43:40,000	5,25	0,00
1434	10.09.2017 22:43:50,000	5,25	0,00
1435	10.09.2017 22:44:00,000	5,25	0,00
1436	10.09.2017 22:44:10,000	5,25	0,00
1437	10.09.2017 22:44:20,000	5,25	0,00
1438	10.09.2017 22:44:30,000	5,25	0,00
1439	10.09.2017 22:44:40,000	5,25	0,00
1440	10.09.2017 22:44:50,000	5,25	0,00
1441	10.09.2017 22:45:00,000	5,25	0,00
1442	10.09.2017 22:45:10,000	5,25	0,00
1443	10.09.2017 22:45:20,000	5,25	0,00
1444	10.09.2017 22:45:30,000	5,25	0,00
1445	10.09.2017 22:45:40,000	5,25	0,00
1446	10.09.2017 22:45:50,000	5,25	0,00
1447	10.09.2017 22:46:00,000	5,25	0,00
1448	10.09.2017 22:46:10,000	5,25	0,00
1449	10.09.2017 22:46:20,000	5,25	0,00
1450	10.09.2017 22:46:30,000	5,25	0,00
1451	10.09.2017 22:46:40,000	5,25	0,00
1452	10.09.2017 22:46:50,000	5,25	0,00
1453	10.09.2017 22:47:00,000	5,25	0,00
1454	10.09.2017 22:47:10,000	5,25	0,00
1455	10.09.2017 22:47:20,000	5,29	0,00
1456	10.09.2017 22:47:30,000	5,29	0,00
1457	10.09.2017 22:47:40,000	5,29	0,00
1458	10.09.2017 22:47:50,000	5,29	0,00
1459	10.09.2017 22:48:00,000	5,29	0,00
1460	10.09.2017 22:48:10,000	5,29	0,00
1461	10.09.2017 22:48:20,000	5,29	0,00
1462	10.09.2017 22:48:30,000	5,29	0,00
1463	10.09.2017 22:48:40,000	5,29	0,00
1464	10.09.2017 22:48:50,000	5,29	0,00
1465	10.09.2017 22:49:00,000	5,29	0,00
1466	10.09.2017 22:49:10,000	5,29	0,00
1467	10.09.2017 22:49:20,000	5,29	0,00
1468	10.09.2017 22:49:30,000	5,29	0,00
1469	10.09.2017 22:49:40,000	5,29	0,00
1470	10.09.2017 22:49:50,000	5,29	0,00
1471	10.09.2017 22:50:00,000	5,29	0,00
1472	10.09.2017 22:50:10,000	5,29	0,00
1473	10.09.2017 22:50:20,000	5,29	0,00
1474	10.09.2017 22:50:30,000	5,29	0,00
1475	10.09.2017 22:50:40,000	5,29	0,00
1476	10.09.2017 22:50:50,000	5,29	0,00
1477	10.09.2017 22:51:00,000	5,29	0,00
1478	10.09.2017 22:51:10,000	5,29	0,00
1479	10.09.2017 22:51:20,000	5,29	0,00
1480	10.09.2017 22:51:30,000	5,29	0,00
1481	10.09.2017 22:51:40,000	5,29	0,00
1482	10.09.2017 22:51:50,000	5,29	0,00
1483	10.09.2017 22:52:00,000	5,29	0,00
1484	10.09.2017 22:52:10,000	5,29	0,00
1485	10.09.2017 22:52:20,000	5,29	0,00
1486	10.09.2017 22:52:30,000	5,29	0,00
1487	10.09.2017 22:52:40,000	5,29	0,00
1488	10.09.2017 22:52:50,000	5,29	0,00
1489	10.09.2017 22:53:00,000	5,29	0,00
1490	10.09.2017 22:53:10,000	5,29	0,00
1491	10.09.2017 22:53:20,000	5,29	0,00
1492	10.09.2017 22:53:30,000	5,29	0,00
1493	10.09.2017 22:53:40,000	5,29	0,00
1494	10.09.2017 22:53:50,000	5,29	0,00
1495	10.09.2017 22:54:00,000	5,29	0,00
1496	10.09.2017 22:54:10,000	5,29	0,00
1497	10.09.2017 22:54:20,000	5,29	0,00
1498	10.09.2017 22:54:30,000	5,29	0,00
1499	10.09.2017 22:54:40,000	5,29	0,00
1500	10.09.2017 22:54:50,000	5,29	0,00
1501	10.09.2017 22:55:00,000	5,29	0,00
1502	10.09.2017 22:55:10,000	5,29	0,00
1503	10.09.2017 22:55:20,000	5,29	0,00
1504	10.09.2017 22:55:30,000	5,29	0,00
1505	10.09.2017 22:55:40,000	5,29	0,00
1506	10.09.2017 22:55:50,000	5,29	0,00
1507	10.09.2017 22:56:00,000	5,29	0,00
1508	10.09.2017 22:56:10,000	5,29	0,00
1509	10.09.2017 22:56:20,000	5,29	0,00
1510	10.09.2017 22:56:30,000	5,29	0,00
1511	10.09.2017 22:56:40,000	5,29	0,00
1512	10.09.2017 22:56:50,000	5,29	0,00
1513	10.09.2017 22:57:00,000	5,29	0,00
1514	10.09.2017 22:57:10,000	5,29	0,00
1515	10.09.2017 22:57:20,000	5,29	0,00
1516	10.09.2017 22:57:30,000	5,29	0,00
1517	10.09.2017 22:57:40,000	5,29	0,00
1518	10.09.2017 22:57:50,000	5,29	0,00
1519	10.09.2017 22:58:00,000	5,29	0,00
1520	10.09.2017 22:58:10,000	5,29	0,00
1521	10.09.2017 22:58:20,000	5,33	0,00
1522	10.09.2017 22:58:30,000	5,29	0,00
1523	10.09.2017 22:58:40,000	5,33	0,00
1524	10.09.2017 22:58:50,000	5,29	0,00
1525	10.09.2017 22:59:00,000	5,29	0,00
1526	10.09.2017 22:59:10,000	5,33	0,00
1527	10.09.2017 22:59:20,000	5,33	0,00
1528	10.09.2017 22:59:30,000	5,33	0,00
1529	10.09.2017 22:59:40,000	5,33	0,00
1530	10.09.2017 22:59:50,000	5,29	0,00
1531	10.09.2017 23:00:00,000	5,33	0,00
1532	10.09.2017 23:00:10,000	5,29	0,00
1533	10.09.2017 23:00:20,000	5,33	0,00
1534	10.09.2017 23:00:30,000	5,33	0,00
1535	10.09.2017 23:00:40,000	5,33	0,00
1536	10.09.2017 23:00:50,000	5,33	0,00
1537	10.09.2017 23:01:00,000	5,33	0,00
1538	10.09.2017 23:01:10,000	5,33	0,00
1539	10.09.2017 23:01:20,000	5,33	0,00
1540	10.09.2017 23:01:30,000	5,33	0,00
1541	10.09.2017 23:01:40,000	5,33	0,00
1542	10.09.2017 23:01:50,000	5,33	0,00
1543	10.09.2017 23:02:00,000	5,33	0,00
1544	10.09.2017 23:02:10,000	5,33	0,00
1545	10.09.2017 23:02:20,000	5,33	0,00
1546	10.09.2017 23:02:30,000	5,33	0,00
1547	10.09.2017 23:02:40,000	5,33	0,00
1548	10.09.2017 23:02:50,000	5,33	0,00
1549	10.09.2017 23:03:00,000	5,33	0,00
1550	10.09.2017 23:03:10,000	5,33	0,00
1551	10.09.2017 23:03:20,000	5,33	0,00
1552	10.09.2017 23:03:30,000	5,33	0,00
1553	10.09.2017 23:03:40,000	5,33	0,00
1554	10.09.2017 23:03:50,000	5,33	0,00
1555	10.09.2017 23:04:00,000	5,33	0,00
1556	10.09.2017 23:04:10,000	5,33	0,00
1557	10.09.2017 23:04:20,000	5,33	0,00
1558	10.09.2017 23:04:30,000	5,33	0,00
1559	10.09.2017 23:04:40,000	5,33	0,00
1560	10.09.2017 23:04:50,000	5,33	0,00
1561	10.09.2017 23:05:00,000	5,33	0,00
1562	10.09.2017 23:05:10,000	5,33	0,00
1563	10.09.2017 23:05:20,000	5,33	0,00
1564	10.09.2017 23:05:30,000	5,33	0,00
1565	10.09.2017 23:05:40,000	5,33	0,00
1566	10.09.2017 23:05:50,000	5,33	0,00
1567	10.09.2017 23:06:00,000	5,33	0,00
1568	10.09.2017 23:06:10,000	5,33	0,00
1569	10.09.2017 23:06:20,000	5,33	0,00
1570	10.09.2017 23:06:30,000	5,33	0,00
1571	10.09.2017 23:06:40,000	5,33	0,00
1572	10.09.2017 23:06:50,000	5,33	0,00
1573	10.09.2017 23:07:00,000	5,33	0,00
1574	10.09.2017 23:07:10,000	5,33	0,00
1575	10.09.2017 23:07:20,000	5,33	0,00
1576	10.09.2017 23:07:30,000	5,33	0,00
1577	10.09.2017 23:07:40,000	5,33	0,00
1578	10.09.2017 23:07:50,000	5,33	0,00
1579	10.09.2017 23:08:00,000	5,33	0,00
1580	10.09.2017 23:08:10,000	5,33	0,00
1581	10.09.2017 23:08:20,000	5,33	0,00
1582	10.09.2017 23:08:30,000	5,33	0,00
1583	10.09.2017 23:08:40,000	5,33	0,00
1584	10.09.2017 23:08:50,000	5,33	0,00
1585	10.09.2017 23:09:00,000	5,33	0,00
1586	10.09.2017 23:09:10,000	5,33	0,00
1587	10.09.2017 23:09:20,000	5,33	0,00
1588	10.09.2017 23:09:30,000	5,33	0,00
1589	10.09.2017 23:09:40,000	5,33	0,00
1590	10.09.2017 23:09:50,000	5,33	0,00
1591	10.09.2017 23:10:00,000	5,33	0,00
1592	10.09.2017 23:10:10,000	5,33	0,00
1593	10.09.2017 23:10:20,000	5,33	0,00
1594	10.09.2017 23:10:30,000	5,33	0,00
1595	10.09.2017 23:10:40,000	5,33	0,00
1596	10.09.2017 23:10:50,000	5,33	0,00
1597	10.09.2017 23:11:00,000	5,33	0,00
1598	10.09.2017 23:11:10,000	5,33	0,00
1599	10.09.2017 23:11:20,000	5,33	0,00
1600	10.09.2017 23:11:30,000	5,33	0,00
1601	10.09.2017 23:11:40,000	5,33	0,00
1602	10.09.2017 23:11:50,000	5,33	0,00
1603	10.09.2017 23:12:00,000	5,33	0,00
1604	10.09.2017 23:12:10,000	5,33	0,00
1605	10.09.2017 23:12:20,000	5,33	0,00
1606	10.09.2017 23:12:30,000	5,33	0,00
1607	10.09.2017 23:12:40,000	5,33	0,00
1608	10.09.2017 23:12:50,000	5,33	0,00
1609	10.09.2017 23:13:00,000	5,33	0,00
1610	10.09.2017 23:13:10,000	5,33	0,00
1611	10.09.2017 23:13:20,000	5,33	0,00
1612	10.09.2017 23:13:30,000	5,33	0,00
1613	10.09.2017 23:13:40,000	5,33	0,00
1614	10.09.2017 23:13:50,000	5,33	0,00
1615	10.09.2017 23:14:00,000	5,33	0,00
1616	10.09.2017 23:14:10,000	5,33	0,00
1617	10.09.2017 23:14:20,000	5,33	0,00
1618	10.09.2017 23:14:30,000	5,33	0,00
1619	10.09.2017 23:14:40,000	5,33	0,00
1620	10.09.2017 23:14:50,000	5,33	0,00
1621	10.09.2017 23:15:00,000	5,33	0,00
1622	10.09.2017 23:15:10,000	5,33	0,00
1623	10.09.2017 23:15:20,000	5,33	0,00
1624	10.09.2017 23:15:30,000	5,33	0,00
1625	10.09.2017 23:15:40,000	5,33	0,00
1626	10.09.2017 23:15:50,000	5,33	0,00
1627	10.09.2017 23:16:00,000	5,36	0,00
1628	10.09.2017 23:16:10,000	5,36	0,00
1629	10.09.2017 23:16:20,000	5,36	0,00
1630	10.09.2017 23:16:30,000	5,36	0,00
1631	10.09.2017 23:16:40,000	5,36	0,00
1632	10.09.2017 23:16:50,000	5,36	0,00
1633	10.09.2017 23:17:00,000	5,36	0,00
1634	10.09.2017 23:17:10,000	5,36	0,00
1635	10.09.2017 23:17:20,000	5,36	0,00
1636	10.09.2017 23:17:30,000	5,36	0,00
1637	10.09.2017 23:17:40,000	5,36	0,00
1638	10.09.2017 23:17:50,000	5,36	0,00
1639	10.09.2017 23:18:00,000	5,36	0,00
1640	10.09.2017 23:18:10,000	5,36	0,00
1641	10.09.2017 23:18:20,000	5,36	0,00
1642	10.09.2017 23:18:30,000	5,36	0,00
1643	10.09.2017 23:18:40,000	5,36	0,00
1644	10.09.2017 23:18:50,000	5,36	0,00
1645	10.09.2017 23:19:00,000	5,36	0,00
1646	10.09.2017 23:19:10,000	5,36	0,00
1647	10.09.2017 23:19:20,000	5,36	0,00
1648	10.09.2017 23:19:30,000	5,36	0,00
1649	10.09.2017 23:19:40,000	5,36	0,00
1650	10.09.2017 23:19:50,000	5,36	0,00
1651	10.09.2017 23:20:00,000	5,36	0,00
1652	10.09.2017 23:20:10,000	5,36	0,00
1653	10.09.2017 23:20:20,000	5,36	0,00
1654	10.09.2017 23:20:30,000	5,36	0,00
1655	10.09.2017 23:20:40,000	5,36	0,00
1656	10.09.2017 23:20:50,000	5,36	0,00
1657	10.09.2017 23:21:00,000	5,36	0,00
1658	10.09.2017 23:21:10,000	5,36	0,00
1659	10.09.2017 23:21:20,000	5,36	0,00
1660	10.09.2017 23:21:30,000	5,36	0,00
1661	10.09.2017 23:21:40,000	5,36	0,00
1662	10.09.2017 23:21:50,000	5,36	0,00
1663	10.09.2017 23:22:00,000	5,36	0,00
1664	10.09.2017 23:22:10,000	5,36	0,00
1665	10.09.2017 23:22:20,000	5,36	0,00
1666	10.09.2017 23:22:30,000	5,36	0,00
1667	10.09.2017 23:22:40,000	5,36	0,00
1668	10.09.2017 23:22:50,000	5,40	0,00
1669	10.09.2017 23:23:00,000	5,40	0,00
1670	10.09.2017 23:23:10,000	5,40	0,00
1671	10.09.2017 23:23:20,000	5,40	0,00
1672	10.09.2017 23:23:30,000	5,40	0,00
1673	10.09.2017 23:23:40,000	5,40	0,00
1674	10.09.2017 23:23:50,000	5,40	0,00
1675	10.09.2017 23:24:00,000	5,40	0,00
1676	10.09.2017 23:24:10,000	5,43	0,00
1677	10.09.2017 23:24:20,000	5,43	0,00
1678	10.09.2017 23:24:30,000	5,43	0,00
1679	10.09.2017 23:24:40,000	5,43	0,00
1680	10.09.2017 23:24:50,000	5,43	0,00
1681	10.09.2017 23:25:00,000	5,43	0,00
1682	10.09.2017 23:25:10,000	5,47	0,00
1683	10.09.2017 23:25:20,000	5,47	0,00
1684	10.09.2017 23:25:30,000	5,47	0,00
1685	10.09.2017 23:25:40,000	5,47	0,00
1686	10.09.2017 23:25:50,000	5,51	0,00
1687	10.09.2017 23:26:00,000	5,51	0,00
1688	10.09.2017 23:26:10,000	5,51	0,00
1689	10.09.2017 23:26:20,000	5,51	0,00
1690	10.09.2017 23:26:30,000	5,54	0,00
1691	10.09.2017 23:26:40,000	5,54	0,00
1692	10.09.2017 23:26:50,000	5,54	0,00
1693	10.09.2017 23:27:00,000	5,58	0,00
1694	10.09.2017 23:27:10,000	5,58	0,00
1695	10.09.2017 23:27:20,000	5,58	0,00
1696	10.09.2017 23:27:30,000	5,58	0,00
1697	10.09.2017 23:27:40,000	5,62	0,00
1698	10.09.2017 23:27:50,000	5,62	0,00
1699	10.09.2017 23:28:00,000	5,65	0,00
1700	10.09.2017 23:28:10,000	5,65	0,00
1701	10.09.2017 23:28:20,000	5,65	0,00
1702	10.09.2017 23:28:30,000	5,69	0,00
1703	10.09.2017 23:28:40,000	5,69	0,00
1704	10.09.2017 23:28:50,000	5,69	0,00
1705	10.09.2017 23:29:00,000	5,72	0,00
1706	10.09.2017 23:29:10,000	5,72	0,00
1707	10.09.2017 23:29:20,000	5,76	0,00
1708	10.09.2017 23:29:30,000	5,76	0,00
1709	10.09.2017 23:29:40,000	5,80	0,00
1710	10.09.2017 23:29:50,000	5,80	0,00
1711	10.09.2017 23:30:00,000	5,80	0,00
1712	10.09.2017 23:30:10,000	5,83	0,00
1713	10.09.2017 23:30:20,000	5,83	0,00
1714	10.09.2017 23:30:30,000	5,87	0,00
1715	10.09.2017 23:30:40,000	5,87	0,00
1716	10.09.2017 23:30:50,000	5,87	0,00
1717	10.09.2017 23:31:00,000	5,90	0,00
1718	10.09.2017 23:31:10,000	5,90	0,00
1719	10.09.2017 23:31:20,000	5,94	0,00
1720	10.09.2017 23:31:30,000	5,94	0,00
1721	10.09.2017 23:31:40,000	5,97	0,00
1722	10.09.2017 23:31:50,000	5,97	0,00
1723	10.09.2017 23:32:00,000	6,01	0,00
1724	10.09.2017 23:32:10,000	6,01	0,00
1725	10.09.2017 23:32:20,000	6,05	0,00
1726	10.09.2017 23:32:30,000	6,08	0,00
1727	10.09.2017 23:32:40,000	6,08	0,00
1728	10.09.2017 23:32:50,000	6,12	0,00
1729	10.09.2017 23:33:00,000	6,12	0,00
1730	10.09.2017 23:33:10,000	6,15	0,00
1731	10.09.2017 23:33:20,000	6,15	0,00
1732	10.09.2017 23:33:30,000	6,19	0,00
1733	10.09.2017 23:33:40,000	6,22	0,00
1734	10.09.2017 23:33:50,000	6,22	0,00
1735	10.09.2017 23:34:00,000	6,26	0,00
1736	10.09.2017 23:34:10,000	6,26	0,00
1737	10.09.2017 23:34:20,000	6,30	0,00
1738	10.09.2017 23:34:30,000	6,30	0,00
1739	10.09.2017 23:34:40,000	6,33	0,00
1740	10.09.2017 23:34:50,000	6,37	0,00
1741	10.09.2017 23:35:00,000	6,37	0,00
1742	10.09.2017 23:35:10,000	6,40	0,00
1743	10.09.2017 23:35:20,000	6,44	0,00
1744	10.09.2017 23:35:30,000	6,44	0,00
1745	10.09.2017 23:35:40,000	6,47	0,00
1746	10.09.2017 23:35:50,000	6,47	0,00
1747	10.09.2017 23:36:00,000	6,51	0,00
1748	10.09.2017 23:36:10,000	6,54	0,00
1749	10.09.2017 23:36:20,000	6,54	0,00
1750	10.09.2017 23:36:30,000	6,58	0,00
1751	10.09.2017 23:36:40,000	6,58	0,00
1752	10.09.2017 23:36:50,000	6,61	0,00
1753	10.09.2017 23:37:00,000	6,65	0,00
1754	10.09.2017 23:37:10,000	6,68	0,00
1755	10.09.2017 23:37:20,000	6,68	0,00
1756	10.09.2017 23:37:30,000	6,72	0,00
1757	10.09.2017 23:37:40,000	6,76	0,00
1758	10.09.2017 23:37:50,000	6,76	0,00
1759	10.09.2017 23:38:00,000	6,79	0,00
1760	10.09.2017 23:38:10,000	6,83	0,00
1761	10.09.2017 23:38:20,000	6,86	0,00
1762	10.09.2017 23:38:30,000	6,86	0,00
1763	10.09.2017 23:38:40,000	6,90	0,00
1764	10.09.2017 23:38:50,000	6,93	0,00
1765	10.09.2017 23:39:00,000	6,93	0,00
1766	10.09.2017 23:39:10,000	6,97	0,00
1767	10.09.2017 23:39:20,000	7,00	0,00
1768	10.09.2017 23:39:30,000	7,00	0,00
1769	10.09.2017 23:39:40,000	7,04	0,00
1770	10.09.2017 23:39:50,000	7,07	0,00
1771	10.09.2017 23:40:00,000	7,11	0,00
1772	10.09.2017 23:40:10,000	7,14	0,00
1773	10.09.2017 23:40:20,000	7,18	0,00
1774	10.09.2017 23:40:30,000	7,21	0,00
1775	10.09.2017 23:40:40,000	7,25	0,00
1776	10.09.2017 23:40:50,000	7,28	0,00
1777	10.09.2017 23:41:00,000	7,32	0,00
1778	10.09.2017 23:41:10,000	7,35	0,00
1779	10.09.2017 23:41:20,000	7,38	0,00
1780	10.09.2017 23:41:30,000	7,42	0,00
1781	10.09.2017 23:41:40,000	7,49	0,00
1782	10.09.2017 23:41:50,000	7,52	0,00
1783	10.09.2017 23:42:00,000	7,56	0,00
1784	10.09.2017 23:42:10,000	7,59	0,00
1785	10.09.2017 23:42:20,000	7,63	0,00
1786	10.09.2017 23:42:30,000	7,66	0,00
1787	10.09.2017 23:42:40,000	7,73	0,00
1788	10.09.2017 23:42:50,000	7,77	0,00
1789	10.09.2017 23:43:00,000	7,80	0,00
1790	10.09.2017 23:43:10,000	7,87	0,00
1791	10.09.2017 23:43:20,000	7,90	0,00
1792	10.09.2017 23:43:30,000	7,94	0,00
1793	10.09.2017 23:43:40,000	7,97	0,00
1794	10.09.2017 23:43:50,000	8,01	0,00
1795	10.09.2017 23:44:00,000	8,04	0,00
1796	10.09.2017 23:44:10,000	8,76	0,00
1797	10.09.2017 23:44:20,000	9,39	0,00
1798	10.09.2017 23:44:30,000	9,79	0,00
1799	10.09.2017 23:44:40,000	10,19	0,00
1800	10.09.2017 23:44:50,000	11,39	0,00
1801	10.09.2017 23:45:00,000	12,89	0,00
1802	10.09.2017 23:45:10,000	21,61	0,00
1803	10.09.2017 23:45:20,000	21,52	0,00
1804	10.09.2017 23:45:30,000	21,46	0,00
1805	10.09.2017 23:45:40,000	21,38	0,00
1806	10.09.2017 23:45:50,000	21,35	0,00
1807	10.09.2017 23:46:00,000	21,32	0,00
1808	10.09.2017 23:46:10,000	21,29	0,00
1809	10.09.2017 23:46:20,000	21,29	0,00
1810	10.09.2017 23:46:30,000	21,29	0,00
1811	10.09.2017 23:46:40,000	21,29	0,00
1812	10.09.2017 23:46:50,000	21,32	0,00
1813	10.09.2017 23:47:00,000	21,32	0,00
1814	10.09.2017 23:47:10,000	21,41	0,00
1815	10.09.2017 23:47:20,000	21,43	0,00
1816	10.09.2017 23:47:30,000	21,46	0,00
1817	10.09.2017 23:47:40,000	21,46	0,00
1818	10.09.2017 23:47:50,000	21,49	0,00
1819	10.09.2017 23:48:00,000	21,52	0,00
1820	10.09.2017 23:48:10,000	21,52	0,00
1821	10.09.2017 23:48:20,000	21,55	0,00
1822	10.09.2017 23:48:30,000	21,58	0,00
1823	10.09.2017 23:48:40,000	21,61	0,00
1824	10.09.2017 23:48:50,000	21,64	0,00
1825	10.09.2017 23:49:00,000	21,67	0,00
