#B	Created:	10.09.2017 23:49:10
##	Version	SeaStar	7.49
#5	Field separation:	0
#2	Date & Time:	1
#6	Decimal point:	,
#7	Date def.:	dd.mm.yyyy	.
#8	Time def.:	:
##	Axis	0	Temperature(°C)	clRed	FALSE
##	Axis	1	Depth(m)	clBlue	TRUE
##	Series	0	Temp(°C)	clRed	0	Temp(°C)	2
##	Series	1	Depth(m)	clBlue	1	Depth(m)	2
##	Recorder	60	DST centi	8047
##	Chart	60C8047DAT	
#D	Data:	1813	10.09.2017 18:45:00	10.09.2017 23:47:00
1	10.09.2017 18:45:00,000	20,36	0,00
2	10.09.2017 18:45:10,000	20,27	0,00
3	10.09.2017 18:45:20,000	20,18	0,00
4	10.09.2017 18:45:30,000	20,12	0,00
5	10.09.2017 18:45:40,000	20,04	0,00
6	10.09.2017 18:45:50,000	19,95	0,00
7	10.09.2017 18:46:00,000	15,09	1,73
8	10.09.2017 18:46:10,000	11,39	1,96
9	10.09.2017 18:46:20,000	10,06	1,05
10	10.09.2017 18:46:30,000	9,23	0,83
11	10.09.2017 18:46:40,000	7,71	1,05
12	10.09.2017 18:46:50,000	6,64	0,60
13	10.09.2017 18:47:00,000	5,97	0,60
14	10.09.2017 18:47:10,000	5,54	0,38
15	10.09.2017 18:47:20,000	5,00	0,38
16	10.09.2017 18:47:30,000	4,42	0,38
17	10.09.2017 18:47:40,000	3,94	0,15
18	10.09.2017 18:47:50,000	3,68	0,15
19	10.09.2017 18:48:00,000	3,45	0,00
20	10.09.2017 18:48:10,000	3,26	0,00
21	10.09.2017 18:48:20,000	3,15	0,00
22	10.09.2017 18:48:30,000	3,11	0,60
23	10.09.2017 18:48:40,000	3,00	1,28
24	10.09.2017 18:48:50,000	2,89	1,73
25	10.09.2017 18:49:00,000	2,58	4,44
26	10.09.2017 18:49:10,000	2,27	6,88
27	10.09.2017 18:49:20,000	1,96	9,62
28	10.09.2017 18:49:30,000	1,81	12,24
29	10.09.2017 18:49:40,000	1,77	14,93
30	10.09.2017 18:49:50,000	1,69	17,59
31	10.09.2017 18:50:00,000	1,38	20,11
32	10.09.2017 18:50:10,000	0,82	22,48
33	10.09.2017 18:50:20,000	0,46	22,93
34	10.09.2017 18:50:30,000	0,30	22,15
35	10.09.2017 18:50:40,000	0,18	21,40
36	10.09.2017 18:50:50,000	0,10	20,67
37	10.09.2017 18:51:00,000	0,02	20,84
38	10.09.2017 18:51:10,000	-0,02	22,18
39	10.09.2017 18:51:20,000	-0,11	23,71
40	10.09.2017 18:51:30,000	-0,11	25,75
41	10.09.2017 18:51:40,000	-0,11	26,20
42	10.09.2017 18:51:50,000	-0,11	25,52
43	10.09.2017 18:52:00,000	-0,11	25,52
44	10.09.2017 18:52:10,000	-0,15	24,82
45	10.09.2017 18:52:20,000	-0,19	24,56
46	10.09.2017 18:52:30,000	-0,19	24,34
47	10.09.2017 18:52:40,000	-0,19	23,66
48	10.09.2017 18:52:50,000	-0,23	23,18
49	10.09.2017 18:53:00,000	-0,23	23,18
50	10.09.2017 18:53:10,000	-0,23	24,54
51	10.09.2017 18:53:20,000	-0,19	26,15
52	10.09.2017 18:53:30,000	-0,11	27,11
53	10.09.2017 18:53:40,000	0,14	28,39
54	10.09.2017 18:53:50,000	0,34	29,20
55	10.09.2017 18:54:00,000	0,38	30,13
56	10.09.2017 18:54:10,000	0,26	31,87
57	10.09.2017 18:54:20,000	0,30	32,12
58	10.09.2017 18:54:30,000	0,38	32,40
59	10.09.2017 18:54:40,000	0,38	32,40
60	10.09.2017 18:54:50,000	0,42	32,19
61	10.09.2017 18:55:00,000	0,50	32,02
62	10.09.2017 18:55:10,000	0,54	31,59
63	10.09.2017 18:55:20,000	0,58	31,39
64	10.09.2017 18:55:30,000	0,58	31,62
65	10.09.2017 18:55:40,000	0,54	31,82
66	10.09.2017 18:55:50,000	0,50	32,02
67	10.09.2017 18:56:00,000	0,42	32,42
68	10.09.2017 18:56:10,000	0,18	32,72
69	10.09.2017 18:56:20,000	0,06	32,65
70	10.09.2017 18:56:30,000	0,02	32,62
71	10.09.2017 18:56:40,000	0,14	32,02
72	10.09.2017 18:56:50,000	0,22	31,84
73	10.09.2017 18:57:00,000	0,22	32,07
74	10.09.2017 18:57:10,000	0,18	32,72
75	10.09.2017 18:57:20,000	0,06	33,55
76	10.09.2017 18:57:30,000	0,02	35,34
77	10.09.2017 18:57:40,000	-0,02	36,68
78	10.09.2017 18:57:50,000	-0,07	36,88
79	10.09.2017 18:58:00,000	-0,07	37,10
80	10.09.2017 18:58:10,000	-0,11	36,62
81	10.09.2017 18:58:20,000	-0,11	36,17
82	10.09.2017 18:58:30,000	-0,07	35,52
83	10.09.2017 18:58:40,000	-0,07	35,06
84	10.09.2017 18:58:50,000	-0,07	34,38
85	10.09.2017 18:59:00,000	-0,11	33,45
86	10.09.2017 18:59:10,000	-0,19	33,17
87	10.09.2017 18:59:20,000	-0,27	32,67
88	10.09.2017 18:59:30,000	-0,27	32,44
89	10.09.2017 18:59:40,000	-0,19	32,27
90	10.09.2017 18:59:50,000	-0,27	32,89
91	10.09.2017 19:00:00,000	-0,31	33,32
92	10.09.2017 19:00:10,000	-0,19	34,08
93	10.09.2017 19:00:20,000	-0,15	34,33
94	10.09.2017 19:00:30,000	-0,11	35,04
95	10.09.2017 19:00:40,000	-0,15	35,92
96	10.09.2017 19:00:50,000	-0,15	37,05
97	10.09.2017 19:01:00,000	-0,19	37,93
98	10.09.2017 19:01:10,000	-0,27	39,24
99	10.09.2017 19:01:20,000	-0,23	40,63
100	10.09.2017 19:01:30,000	-0,19	41,79
101	10.09.2017 19:01:40,000	-0,15	43,18
102	10.09.2017 19:01:50,000	-0,15	44,54
103	10.09.2017 19:02:00,000	-0,11	45,92
104	10.09.2017 19:02:10,000	0,22	47,26
105	10.09.2017 19:02:20,000	0,46	48,55
106	10.09.2017 19:02:30,000	0,66	50,26
107	10.09.2017 19:02:40,000	0,50	51,98
108	10.09.2017 19:02:50,000	0,26	53,87
109	10.09.2017 19:03:00,000	-0,07	55,48
110	10.09.2017 19:03:10,000	-0,27	57,40
111	10.09.2017 19:03:20,000	-0,43	59,57
112	10.09.2017 19:03:30,000	-0,60	61,51
113	10.09.2017 19:03:40,000	-0,77	63,68
114	10.09.2017 19:03:50,000	-0,85	65,90
115	10.09.2017 19:04:00,000	-0,97	68,09
116	10.09.2017 19:04:10,000	-1,06	70,31
117	10.09.2017 19:04:20,000	-1,10	73,01
118	10.09.2017 19:04:30,000	-1,14	75,26
119	10.09.2017 19:04:40,000	-1,18	77,74
120	10.09.2017 19:04:50,000	-1,22	80,44
121	10.09.2017 19:05:00,000	-1,22	82,94
122	10.09.2017 19:05:10,000	-1,27	85,65
123	10.09.2017 19:05:20,000	-1,27	88,15
124	10.09.2017 19:05:30,000	-1,27	90,65
125	10.09.2017 19:05:40,000	-1,27	92,70
126	10.09.2017 19:05:50,000	-1,27	94,98
127	10.09.2017 19:06:00,000	-1,27	97,26
128	10.09.2017 19:06:10,000	-1,22	99,33
129	10.09.2017 19:06:20,000	-1,18	101,41
130	10.09.2017 19:06:30,000	-1,18	103,46
131	10.09.2017 19:06:40,000	-1,18	105,28
132	10.09.2017 19:06:50,000	-1,14	107,13
133	10.09.2017 19:07:00,000	-1,14	109,18
134	10.09.2017 19:07:10,000	-1,14	110,55
135	10.09.2017 19:07:20,000	-1,14	112,37
136	10.09.2017 19:07:30,000	-1,10	113,76
137	10.09.2017 19:07:40,000	-1,06	114,93
138	10.09.2017 19:07:50,000	-1,01	116,32
139	10.09.2017 19:08:00,000	-0,97	117,71
140	10.09.2017 19:08:10,000	-0,97	119,08
141	10.09.2017 19:08:20,000	-0,93	120,47
142	10.09.2017 19:08:30,000	-0,89	121,41
143	10.09.2017 19:08:40,000	-0,85	122,81
144	10.09.2017 19:08:50,000	-0,81	123,97
145	10.09.2017 19:09:00,000	-0,77	124,91
146	10.09.2017 19:09:10,000	-0,77	126,28
147	10.09.2017 19:09:20,000	-0,72	127,44
148	10.09.2017 19:09:30,000	-0,68	128,38
149	10.09.2017 19:09:40,000	-0,64	129,55
150	10.09.2017 19:09:50,000	-0,60	130,71
151	10.09.2017 19:10:00,000	-0,60	131,85
152	10.09.2017 19:10:10,000	-0,56	133,02
153	10.09.2017 19:10:20,000	-0,56	134,16
154	10.09.2017 19:10:30,000	-0,52	135,55
155	10.09.2017 19:10:40,000	-0,52	136,46
156	10.09.2017 19:10:50,000	-0,48	137,40
157	10.09.2017 19:11:00,000	-0,48	138,77
158	10.09.2017 19:11:10,000	-0,43	139,71
159	10.09.2017 19:11:20,000	-0,43	140,85
160	10.09.2017 19:11:30,000	-0,43	141,99
161	10.09.2017 19:11:40,000	-0,39	142,93
162	10.09.2017 19:11:50,000	-0,35	144,09
163	10.09.2017 19:12:00,000	-0,31	145,26
164	10.09.2017 19:12:10,000	-0,27	146,20
165	10.09.2017 19:12:20,000	-0,23	147,36
166	10.09.2017 19:12:30,000	-0,23	148,73
167	10.09.2017 19:12:40,000	-0,19	149,90
168	10.09.2017 19:12:50,000	-0,19	151,04
169	10.09.2017 19:13:00,000	-0,19	152,41
170	10.09.2017 19:13:10,000	-0,15	153,80
171	10.09.2017 19:13:20,000	-0,15	154,94
172	10.09.2017 19:13:30,000	-0,15	156,31
173	10.09.2017 19:13:40,000	-0,15	157,45
174	10.09.2017 19:13:50,000	-0,11	158,84
175	10.09.2017 19:14:00,000	-0,11	159,98
176	10.09.2017 19:14:10,000	-0,11	161,58
177	10.09.2017 19:14:20,000	-0,11	162,95
178	10.09.2017 19:14:30,000	-0,11	164,32
179	10.09.2017 19:14:40,000	-0,11	165,69
180	10.09.2017 19:14:50,000	-0,07	167,08
181	10.09.2017 19:15:00,000	-0,07	168,45
182	10.09.2017 19:15:10,000	-0,02	169,84
183	10.09.2017 19:15:20,000	0,02	171,47
184	10.09.2017 19:15:30,000	0,02	172,84
185	10.09.2017 19:15:40,000	0,06	174,23
186	10.09.2017 19:15:50,000	0,06	175,83
187	10.09.2017 19:16:00,000	0,06	177,20
188	10.09.2017 19:16:10,000	0,10	178,59
189	10.09.2017 19:16:20,000	0,10	179,96
190	10.09.2017 19:16:30,000	0,10	181,33
191	10.09.2017 19:16:40,000	0,10	182,70
192	10.09.2017 19:16:50,000	0,10	184,29
193	10.09.2017 19:17:00,000	0,14	185,92
194	10.09.2017 19:17:10,000	0,14	187,06
195	10.09.2017 19:17:20,000	0,14	188,43
196	10.09.2017 19:17:30,000	0,14	190,02
197	10.09.2017 19:17:40,000	0,14	191,39
198	10.09.2017 19:17:50,000	0,14	192,76
199	10.09.2017 19:18:00,000	0,18	193,93
200	10.09.2017 19:18:10,000	0,18	195,29
201	10.09.2017 19:18:20,000	0,18	196,89
202	10.09.2017 19:18:30,000	0,18	198,03
203	10.09.2017 19:18:40,000	0,22	199,43
204	10.09.2017 19:18:50,000	0,22	200,80
205	10.09.2017 19:19:00,000	0,22	202,16
206	10.09.2017 19:19:10,000	0,26	203,33
207	10.09.2017 19:19:20,000	0,26	204,93
208	10.09.2017 19:19:30,000	0,26	206,30
209	10.09.2017 19:19:40,000	0,30	207,69
210	10.09.2017 19:19:50,000	0,30	209,06
211	10.09.2017 19:20:00,000	0,30	210,43
212	10.09.2017 19:20:10,000	0,30	212,02
213	10.09.2017 19:20:20,000	0,30	213,39
214	10.09.2017 19:20:30,000	0,30	214,76
215	10.09.2017 19:20:40,000	0,34	216,16
216	10.09.2017 19:20:50,000	0,34	217,52
217	10.09.2017 19:21:00,000	0,34	219,12
218	10.09.2017 19:21:10,000	0,38	220,29
219	10.09.2017 19:21:20,000	0,38	221,88
220	10.09.2017 19:21:30,000	0,38	223,02
221	10.09.2017 19:21:40,000	0,38	224,39
222	10.09.2017 19:21:50,000	0,38	225,99
223	10.09.2017 19:22:00,000	0,38	227,13
224	10.09.2017 19:22:10,000	0,42	228,75
225	10.09.2017 19:22:20,000	0,42	230,58
226	10.09.2017 19:22:30,000	0,42	231,72
227	10.09.2017 19:22:40,000	0,42	233,09
228	10.09.2017 19:22:50,000	0,42	234,45
229	10.09.2017 19:23:00,000	0,42	235,82
230	10.09.2017 19:23:10,000	0,46	237,22
231	10.09.2017 19:23:20,000	0,46	238,81
232	10.09.2017 19:23:30,000	0,46	240,41
233	10.09.2017 19:23:40,000	0,46	241,55
234	10.09.2017 19:23:50,000	0,46	243,15
235	10.09.2017 19:24:00,000	0,50	244,77
236	10.09.2017 19:24:10,000	0,50	246,59
237	10.09.2017 19:24:20,000	0,50	247,73
238	10.09.2017 19:24:30,000	0,50	249,33
239	10.09.2017 19:24:40,000	0,50	250,70
240	10.09.2017 19:24:50,000	0,50	252,06
241	10.09.2017 19:25:00,000	0,50	253,66
242	10.09.2017 19:25:10,000	0,50	255,03
243	10.09.2017 19:25:20,000	0,54	256,65
244	10.09.2017 19:25:30,000	0,54	258,02
245	10.09.2017 19:25:40,000	0,54	259,39
246	10.09.2017 19:25:50,000	0,54	261,21
247	10.09.2017 19:26:00,000	0,54	262,58
248	10.09.2017 19:26:10,000	0,54	264,40
249	10.09.2017 19:26:20,000	0,54	265,77
250	10.09.2017 19:26:30,000	0,54	267,59
251	10.09.2017 19:26:40,000	0,54	268,96
252	10.09.2017 19:26:50,000	0,54	270,56
253	10.09.2017 19:27:00,000	0,54	272,15
254	10.09.2017 19:27:10,000	0,58	273,54
255	10.09.2017 19:27:20,000	0,58	275,14
256	10.09.2017 19:27:30,000	0,58	276,51
257	10.09.2017 19:27:40,000	0,58	277,87
258	10.09.2017 19:27:50,000	0,58	279,47
259	10.09.2017 19:28:00,000	0,58	280,84
260	10.09.2017 19:28:10,000	0,58	282,43
261	10.09.2017 19:28:20,000	0,58	283,80
262	10.09.2017 19:28:30,000	0,58	285,17
263	10.09.2017 19:28:40,000	0,58	286,76
264	10.09.2017 19:28:50,000	0,58	287,90
265	10.09.2017 19:29:00,000	0,58	289,50
266	10.09.2017 19:29:10,000	0,58	290,86
267	10.09.2017 19:29:20,000	0,58	292,23
268	10.09.2017 19:29:30,000	0,62	293,62
269	10.09.2017 19:29:40,000	0,62	294,76
270	10.09.2017 19:29:50,000	0,62	296,36
271	10.09.2017 19:30:00,000	0,62	297,72
272	10.09.2017 19:30:10,000	0,62	299,09
273	10.09.2017 19:30:20,000	0,62	300,46
274	10.09.2017 19:30:30,000	0,62	302,05
275	10.09.2017 19:30:40,000	0,62	303,42
276	10.09.2017 19:30:50,000	0,62	304,79
277	10.09.2017 19:31:00,000	0,62	306,38
278	10.09.2017 19:31:10,000	0,62	307,75
279	10.09.2017 19:31:20,000	0,62	309,11
280	10.09.2017 19:31:30,000	0,62	310,71
281	10.09.2017 19:31:40,000	0,62	312,08
282	10.09.2017 19:31:50,000	0,62	313,44
283	10.09.2017 19:32:00,000	0,62	315,04
284	10.09.2017 19:32:10,000	0,62	316,18
285	10.09.2017 19:32:20,000	0,66	317,79
286	10.09.2017 19:32:30,000	0,66	319,62
287	10.09.2017 19:32:40,000	0,66	320,98
288	10.09.2017 19:32:50,000	0,66	322,58
289	10.09.2017 19:33:00,000	0,66	324,17
290	10.09.2017 19:33:10,000	0,66	325,31
291	10.09.2017 19:33:20,000	0,66	325,99
292	10.09.2017 19:33:30,000	0,66	326,68
293	10.09.2017 19:33:40,000	0,66	327,13
294	10.09.2017 19:33:50,000	0,66	327,59
295	10.09.2017 19:34:00,000	0,66	327,81
296	10.09.2017 19:34:10,000	0,66	328,04
297	10.09.2017 19:34:20,000	0,66	328,04
298	10.09.2017 19:34:30,000	0,66	328,04
299	10.09.2017 19:34:40,000	0,66	328,27
300	10.09.2017 19:34:50,000	0,66	328,27
301	10.09.2017 19:35:00,000	0,66	328,27
302	10.09.2017 19:35:10,000	0,66	328,27
303	10.09.2017 19:35:20,000	0,66	328,27
304	10.09.2017 19:35:30,000	0,66	328,04
305	10.09.2017 19:35:40,000	0,66	328,27
306	10.09.2017 19:35:50,000	0,66	328,27
307	10.09.2017 19:36:00,000	0,66	328,04
308	10.09.2017 19:36:10,000	0,66	327,81
309	10.09.2017 19:36:20,000	0,66	327,59
310	10.09.2017 19:36:30,000	0,66	327,36
311	10.09.2017 19:36:40,000	0,66	327,36
312	10.09.2017 19:36:50,000	0,66	327,36
313	10.09.2017 19:37:00,000	0,66	326,90
314	10.09.2017 19:37:10,000	0,66	326,90
315	10.09.2017 19:37:20,000	0,66	326,90
316	10.09.2017 19:37:30,000	0,66	326,68
317	10.09.2017 19:37:40,000	0,66	326,22
318	10.09.2017 19:37:50,000	0,66	325,99
319	10.09.2017 19:38:00,000	0,66	325,54
320	10.09.2017 19:38:10,000	0,66	325,31
321	10.09.2017 19:38:20,000	0,66	325,08
322	10.09.2017 19:38:30,000	0,66	324,85
323	10.09.2017 19:38:40,000	0,66	324,63
324	10.09.2017 19:38:50,000	0,66	324,40
325	10.09.2017 19:39:00,000	0,66	324,17
326	10.09.2017 19:39:10,000	0,66	323,72
327	10.09.2017 19:39:20,000	0,66	323,49
328	10.09.2017 19:39:30,000	0,66	323,26
329	10.09.2017 19:39:40,000	0,66	323,03
330	10.09.2017 19:39:50,000	0,66	323,03
331	10.09.2017 19:40:00,000	0,66	322,58
332	10.09.2017 19:40:10,000	0,66	322,12
333	10.09.2017 19:40:20,000	0,66	321,89
334	10.09.2017 19:40:30,000	0,66	321,67
335	10.09.2017 19:40:40,000	0,66	321,44
336	10.09.2017 19:40:50,000	0,66	321,44
337	10.09.2017 19:41:00,000	0,66	320,98
338	10.09.2017 19:41:10,000	0,66	320,98
339	10.09.2017 19:41:20,000	0,66	320,75
340	10.09.2017 19:41:30,000	0,66	320,30
341	10.09.2017 19:41:40,000	0,66	320,07
342	10.09.2017 19:41:50,000	0,66	319,84
343	10.09.2017 19:42:00,000	0,66	319,84
344	10.09.2017 19:42:10,000	0,66	319,62
345	10.09.2017 19:42:20,000	0,66	319,16
346	10.09.2017 19:42:30,000	0,66	319,16
347	10.09.2017 19:42:40,000	0,66	318,93
348	10.09.2017 19:42:50,000	0,66	318,71
349	10.09.2017 19:43:00,000	0,66	318,48
350	10.09.2017 19:43:10,000	0,66	318,25
351	10.09.2017 19:43:20,000	0,66	318,02
352	10.09.2017 19:43:30,000	0,66	317,79
353	10.09.2017 19:43:40,000	0,66	317,79
354	10.09.2017 19:43:50,000	0,66	317,57
355	10.09.2017 19:44:00,000	0,66	317,57
356	10.09.2017 19:44:10,000	0,66	317,34
357	10.09.2017 19:44:20,000	0,66	317,57
358	10.09.2017 19:44:30,000	0,66	317,11
359	10.09.2017 19:44:40,000	0,62	317,09
360	10.09.2017 19:44:50,000	0,62	316,86
361	10.09.2017 19:45:00,000	0,62	316,86
362	10.09.2017 19:45:10,000	0,62	316,86
363	10.09.2017 19:45:20,000	0,62	316,40
364	10.09.2017 19:45:30,000	0,62	316,63
365	10.09.2017 19:45:40,000	0,62	316,63
366	10.09.2017 19:45:50,000	0,62	316,40
367	10.09.2017 19:46:00,000	0,62	316,86
368	10.09.2017 19:46:10,000	0,62	316,63
369	10.09.2017 19:46:20,000	0,62	316,86
370	10.09.2017 19:46:30,000	0,62	316,63
371	10.09.2017 19:46:40,000	0,62	316,86
372	10.09.2017 19:46:50,000	0,62	316,86
373	10.09.2017 19:47:00,000	0,62	316,63
374	10.09.2017 19:47:10,000	0,62	316,63
375	10.09.2017 19:47:20,000	0,62	316,86
376	10.09.2017 19:47:30,000	0,62	316,63
377	10.09.2017 19:47:40,000	0,62	316,40
378	10.09.2017 19:47:50,000	0,62	316,40
379	10.09.2017 19:48:00,000	0,62	316,40
380	10.09.2017 19:48:10,000	0,62	316,63
381	10.09.2017 19:48:20,000	0,62	316,63
382	10.09.2017 19:48:30,000	0,62	316,63
383	10.09.2017 19:48:40,000	0,62	316,63
384	10.09.2017 19:48:50,000	0,62	317,31
385	10.09.2017 19:49:00,000	0,62	317,77
386	10.09.2017 19:49:10,000	0,62	318,22
387	10.09.2017 19:49:20,000	0,62	318,68
388	10.09.2017 19:49:30,000	0,62	320,05
389	10.09.2017 19:49:40,000	0,62	320,73
390	10.09.2017 19:49:50,000	0,62	321,87
391	10.09.2017 19:50:00,000	0,62	322,55
392	10.09.2017 19:50:10,000	0,62	323,92
393	10.09.2017 19:50:20,000	0,62	324,60
394	10.09.2017 19:50:30,000	0,62	325,51
395	10.09.2017 19:50:40,000	0,62	326,42
396	10.09.2017 19:50:50,000	0,62	327,79
397	10.09.2017 19:51:00,000	0,62	328,70
398	10.09.2017 19:51:10,000	0,62	329,61
399	10.09.2017 19:51:20,000	0,62	330,52
400	10.09.2017 19:51:30,000	0,62	331,66
401	10.09.2017 19:51:40,000	0,62	332,57
402	10.09.2017 19:51:50,000	0,62	333,71
403	10.09.2017 19:52:00,000	0,62	334,39
404	10.09.2017 19:52:10,000	0,62	335,76
405	10.09.2017 19:52:20,000	0,62	336,67
406	10.09.2017 19:52:30,000	0,62	337,81
407	10.09.2017 19:52:40,000	0,62	338,72
408	10.09.2017 19:52:50,000	0,62	339,63
409	10.09.2017 19:53:00,000	0,62	340,76
410	10.09.2017 19:53:10,000	0,62	341,90
411	10.09.2017 19:53:20,000	0,62	343,04
412	10.09.2017 19:53:30,000	0,62	344,18
413	10.09.2017 19:53:40,000	0,62	345,09
414	10.09.2017 19:53:50,000	0,62	346,00
415	10.09.2017 19:54:00,000	0,62	347,14
416	10.09.2017 19:54:10,000	0,66	348,30
417	10.09.2017 19:54:20,000	0,66	349,44
418	10.09.2017 19:54:30,000	0,62	350,55
419	10.09.2017 19:54:40,000	0,62	351,46
420	10.09.2017 19:54:50,000	0,66	352,63
421	10.09.2017 19:55:00,000	0,66	353,31
422	10.09.2017 19:55:10,000	0,66	354,45
423	10.09.2017 19:55:20,000	0,66	355,58
424	10.09.2017 19:55:30,000	0,62	356,47
425	10.09.2017 19:55:40,000	0,66	357,63
426	10.09.2017 19:55:50,000	0,66	358,77
427	10.09.2017 19:56:00,000	0,66	359,68
428	10.09.2017 19:56:10,000	0,66	360,82
429	10.09.2017 19:56:20,000	0,66	361,95
430	10.09.2017 19:56:30,000	0,66	363,09
431	10.09.2017 19:56:40,000	0,66	364,23
432	10.09.2017 19:56:50,000	0,66	365,37
433	10.09.2017 19:57:00,000	0,66	366,05
434	10.09.2017 19:57:10,000	0,66	367,19
435	10.09.2017 19:57:20,000	0,66	368,33
436	10.09.2017 19:57:30,000	0,66	369,46
437	10.09.2017 19:57:40,000	0,66	370,15
438	10.09.2017 19:57:50,000	0,66	371,06
439	10.09.2017 19:58:00,000	0,66	371,74
440	10.09.2017 19:58:10,000	0,66	372,87
441	10.09.2017 19:58:20,000	0,66	373,78
442	10.09.2017 19:58:30,000	0,66	374,69
443	10.09.2017 19:58:40,000	0,66	375,60
444	10.09.2017 19:58:50,000	0,66	376,29
445	10.09.2017 19:59:00,000	0,66	376,74
446	10.09.2017 19:59:10,000	0,66	376,97
447	10.09.2017 19:59:20,000	0,66	377,42
448	10.09.2017 19:59:30,000	0,66	377,65
449	10.09.2017 19:59:40,000	0,66	377,88
450	10.09.2017 19:59:50,000	0,66	377,88
451	10.09.2017 20:00:00,000	0,66	377,88
452	10.09.2017 20:00:10,000	0,66	378,33
453	10.09.2017 20:00:20,000	0,66	378,33
454	10.09.2017 20:00:30,000	0,66	378,33
455	10.09.2017 20:00:40,000	0,62	378,31
456	10.09.2017 20:00:50,000	0,62	378,31
457	10.09.2017 20:01:00,000	0,62	378,31
458	10.09.2017 20:01:10,000	0,66	378,56
459	10.09.2017 20:01:20,000	0,66	378,33
460	10.09.2017 20:01:30,000	0,66	378,33
461	10.09.2017 20:01:40,000	0,66	378,33
462	10.09.2017 20:01:50,000	0,62	378,31
463	10.09.2017 20:02:00,000	0,62	378,31
464	10.09.2017 20:02:10,000	0,62	378,08
465	10.09.2017 20:02:20,000	0,62	378,08
466	10.09.2017 20:02:30,000	0,62	377,85
467	10.09.2017 20:02:40,000	0,62	377,63
468	10.09.2017 20:02:50,000	0,62	377,63
469	10.09.2017 20:03:00,000	0,62	377,63
470	10.09.2017 20:03:10,000	0,62	377,40
471	10.09.2017 20:03:20,000	0,62	377,40
472	10.09.2017 20:03:30,000	0,62	377,40
473	10.09.2017 20:03:40,000	0,62	377,40
474	10.09.2017 20:03:50,000	0,62	376,94
475	10.09.2017 20:04:00,000	0,62	376,94
476	10.09.2017 20:04:10,000	0,66	376,74
477	10.09.2017 20:04:20,000	0,62	376,49
478	10.09.2017 20:04:30,000	0,62	376,49
479	10.09.2017 20:04:40,000	0,62	376,26
480	10.09.2017 20:04:50,000	0,62	376,26
481	10.09.2017 20:05:00,000	0,66	376,06
482	10.09.2017 20:05:10,000	0,66	376,06
483	10.09.2017 20:05:20,000	0,62	375,58
484	10.09.2017 20:05:30,000	0,62	375,35
485	10.09.2017 20:05:40,000	0,62	375,35
486	10.09.2017 20:05:50,000	0,66	375,15
487	10.09.2017 20:06:00,000	0,62	375,12
488	10.09.2017 20:06:10,000	0,62	375,12
489	10.09.2017 20:06:20,000	0,62	374,90
490	10.09.2017 20:06:30,000	0,66	374,69
491	10.09.2017 20:06:40,000	0,66	374,47
492	10.09.2017 20:06:50,000	0,66	374,24
493	10.09.2017 20:07:00,000	0,66	374,24
494	10.09.2017 20:07:10,000	0,66	373,78
495	10.09.2017 20:07:20,000	0,66	373,56
496	10.09.2017 20:07:30,000	0,66	373,56
497	10.09.2017 20:07:40,000	0,66	373,10
498	10.09.2017 20:07:50,000	0,66	373,10
499	10.09.2017 20:08:00,000	0,66	372,87
500	10.09.2017 20:08:10,000	0,66	373,10
501	10.09.2017 20:08:20,000	0,66	372,65
502	10.09.2017 20:08:30,000	0,66	372,65
503	10.09.2017 20:08:40,000	0,66	372,65
504	10.09.2017 20:08:50,000	0,66	372,19
505	10.09.2017 20:09:00,000	0,66	371,97
506	10.09.2017 20:09:10,000	0,66	371,97
507	10.09.2017 20:09:20,000	0,66	371,97
508	10.09.2017 20:09:30,000	0,66	371,97
509	10.09.2017 20:09:40,000	0,66	371,51
510	10.09.2017 20:09:50,000	0,66	371,74
511	10.09.2017 20:10:00,000	0,66	371,51
512	10.09.2017 20:10:10,000	0,66	371,28
513	10.09.2017 20:10:20,000	0,66	371,28
514	10.09.2017 20:10:30,000	0,66	371,06
515	10.09.2017 20:10:40,000	0,66	370,83
516	10.09.2017 20:10:50,000	0,66	370,60
517	10.09.2017 20:11:00,000	0,66	370,60
518	10.09.2017 20:11:10,000	0,66	370,37
519	10.09.2017 20:11:20,000	0,66	370,37
520	10.09.2017 20:11:30,000	0,66	370,15
521	10.09.2017 20:11:40,000	0,66	370,15
522	10.09.2017 20:11:50,000	0,66	369,69
523	10.09.2017 20:12:00,000	0,66	369,69
524	10.09.2017 20:12:10,000	0,66	369,46
525	10.09.2017 20:12:20,000	0,66	369,24
526	10.09.2017 20:12:30,000	0,66	369,24
527	10.09.2017 20:12:40,000	0,66	369,24
528	10.09.2017 20:12:50,000	0,66	368,78
529	10.09.2017 20:13:00,000	0,66	368,78
530	10.09.2017 20:13:10,000	0,66	368,55
531	10.09.2017 20:13:20,000	0,66	368,55
532	10.09.2017 20:13:30,000	0,66	368,33
533	10.09.2017 20:13:40,000	0,66	368,10
534	10.09.2017 20:13:50,000	0,66	368,10
535	10.09.2017 20:14:00,000	0,66	367,87
536	10.09.2017 20:14:10,000	0,66	367,64
537	10.09.2017 20:14:20,000	0,66	367,42
538	10.09.2017 20:14:30,000	0,66	367,42
539	10.09.2017 20:14:40,000	0,66	367,19
540	10.09.2017 20:14:50,000	0,66	367,87
541	10.09.2017 20:15:00,000	0,66	368,10
542	10.09.2017 20:15:10,000	0,66	368,55
543	10.09.2017 20:15:20,000	0,66	369,01
544	10.09.2017 20:15:30,000	0,66	369,92
545	10.09.2017 20:15:40,000	0,66	370,60
546	10.09.2017 20:15:50,000	0,66	371,51
547	10.09.2017 20:16:00,000	0,66	372,42
548	10.09.2017 20:16:10,000	0,66	373,10
549	10.09.2017 20:16:20,000	0,66	374,01
550	10.09.2017 20:16:30,000	0,66	374,92
551	10.09.2017 20:16:40,000	0,66	375,83
552	10.09.2017 20:16:50,000	0,66	376,74
553	10.09.2017 20:17:00,000	0,66	377,65
554	10.09.2017 20:17:10,000	0,66	378,56
555	10.09.2017 20:17:20,000	0,66	379,47
556	10.09.2017 20:17:30,000	0,66	380,38
557	10.09.2017 20:17:40,000	0,66	381,29
558	10.09.2017 20:17:50,000	0,66	382,20
559	10.09.2017 20:18:00,000	0,66	383,11
560	10.09.2017 20:18:10,000	0,66	384,02
561	10.09.2017 20:18:20,000	0,66	385,16
562	10.09.2017 20:18:30,000	0,66	386,07
563	10.09.2017 20:18:40,000	0,66	386,75
564	10.09.2017 20:18:50,000	0,66	387,66
565	10.09.2017 20:19:00,000	0,66	388,80
566	10.09.2017 20:19:10,000	0,66	389,71
567	10.09.2017 20:19:20,000	0,66	390,39
568	10.09.2017 20:19:30,000	0,66	391,53
569	10.09.2017 20:19:40,000	0,66	392,21
570	10.09.2017 20:19:50,000	0,66	393,34
571	10.09.2017 20:20:00,000	0,66	394,03
572	10.09.2017 20:20:10,000	0,66	394,94
573	10.09.2017 20:20:20,000	0,66	395,85
574	10.09.2017 20:20:30,000	0,66	396,75
575	10.09.2017 20:20:40,000	0,66	397,66
576	10.09.2017 20:20:50,000	0,66	398,35
577	10.09.2017 20:21:00,000	0,66	399,48
578	10.09.2017 20:21:10,000	0,66	400,17
579	10.09.2017 20:21:20,000	0,66	401,08
580	10.09.2017 20:21:30,000	0,62	401,73
581	10.09.2017 20:21:40,000	0,66	402,89
582	10.09.2017 20:21:50,000	0,66	403,80
583	10.09.2017 20:22:00,000	0,62	404,69
584	10.09.2017 20:22:10,000	0,62	405,82
585	10.09.2017 20:22:20,000	0,62	406,51
586	10.09.2017 20:22:30,000	0,62	407,42
587	10.09.2017 20:22:40,000	0,62	408,32
588	10.09.2017 20:22:50,000	0,62	409,23
589	10.09.2017 20:23:00,000	0,62	410,37
590	10.09.2017 20:23:10,000	0,62	411,28
591	10.09.2017 20:23:20,000	0,62	412,42
592	10.09.2017 20:23:30,000	0,62	413,55
593	10.09.2017 20:23:40,000	0,62	414,46
594	10.09.2017 20:23:50,000	0,62	415,37
595	10.09.2017 20:24:00,000	0,62	416,51
596	10.09.2017 20:24:10,000	0,62	417,42
597	10.09.2017 20:24:20,000	0,62	418,55
598	10.09.2017 20:24:30,000	0,62	419,46
599	10.09.2017 20:24:40,000	0,62	420,60
600	10.09.2017 20:24:50,000	0,62	421,05
601	10.09.2017 20:25:00,000	0,62	421,51
602	10.09.2017 20:25:10,000	0,62	421,96
603	10.09.2017 20:25:20,000	0,62	422,19
604	10.09.2017 20:25:30,000	0,62	421,96
605	10.09.2017 20:25:40,000	0,62	422,42
606	10.09.2017 20:25:50,000	0,62	422,19
607	10.09.2017 20:26:00,000	0,62	421,96
608	10.09.2017 20:26:10,000	0,62	422,19
609	10.09.2017 20:26:20,000	0,62	421,96
610	10.09.2017 20:26:30,000	0,62	422,19
611	10.09.2017 20:26:40,000	0,62	422,19
612	10.09.2017 20:26:50,000	0,62	422,19
613	10.09.2017 20:27:00,000	0,62	421,96
614	10.09.2017 20:27:10,000	0,62	421,96
615	10.09.2017 20:27:20,000	0,62	421,74
616	10.09.2017 20:27:30,000	0,62	421,74
617	10.09.2017 20:27:40,000	0,62	421,51
618	10.09.2017 20:27:50,000	0,62	421,05
619	10.09.2017 20:28:00,000	0,62	420,60
620	10.09.2017 20:28:10,000	0,62	420,15
621	10.09.2017 20:28:20,000	0,62	419,46
622	10.09.2017 20:28:30,000	0,62	418,55
623	10.09.2017 20:28:40,000	0,62	417,42
624	10.09.2017 20:28:50,000	0,62	416,28
625	10.09.2017 20:29:00,000	0,62	415,37
626	10.09.2017 20:29:10,000	0,62	413,78
627	10.09.2017 20:29:20,000	0,62	412,42
628	10.09.2017 20:29:30,000	0,62	411,05
629	10.09.2017 20:29:40,000	0,62	409,46
630	10.09.2017 20:29:50,000	0,62	407,64
631	10.09.2017 20:30:00,000	0,62	406,05
632	10.09.2017 20:30:10,000	0,62	404,46
633	10.09.2017 20:30:20,000	0,62	402,64
634	10.09.2017 20:30:30,000	0,62	401,05
635	10.09.2017 20:30:40,000	0,62	399,23
636	10.09.2017 20:30:50,000	0,62	397,41
637	10.09.2017 20:31:00,000	0,66	395,85
638	10.09.2017 20:31:10,000	0,66	394,25
639	10.09.2017 20:31:20,000	0,62	392,64
640	10.09.2017 20:31:30,000	0,66	391,30
641	10.09.2017 20:31:40,000	0,66	389,71
642	10.09.2017 20:31:50,000	0,66	388,34
643	10.09.2017 20:32:00,000	0,66	387,20
644	10.09.2017 20:32:10,000	0,66	385,84
645	10.09.2017 20:32:20,000	0,66	384,48
646	10.09.2017 20:32:30,000	0,66	383,11
647	10.09.2017 20:32:40,000	0,66	381,75
648	10.09.2017 20:32:50,000	0,66	380,38
649	10.09.2017 20:33:00,000	0,66	379,02
650	10.09.2017 20:33:10,000	0,66	377,88
651	10.09.2017 20:33:20,000	0,66	376,51
652	10.09.2017 20:33:30,000	0,66	375,15
653	10.09.2017 20:33:40,000	0,66	374,01
654	10.09.2017 20:33:50,000	0,66	372,87
655	10.09.2017 20:34:00,000	0,66	371,74
656	10.09.2017 20:34:10,000	0,66	370,15
657	10.09.2017 20:34:20,000	0,66	369,01
658	10.09.2017 20:34:30,000	0,66	367,64
659	10.09.2017 20:34:40,000	0,66	366,51
660	10.09.2017 20:34:50,000	0,66	365,37
661	10.09.2017 20:35:00,000	0,66	364,00
662	10.09.2017 20:35:10,000	0,66	363,09
663	10.09.2017 20:35:20,000	0,66	361,95
664	10.09.2017 20:35:30,000	0,66	360,82
665	10.09.2017 20:35:40,000	0,66	359,68
666	10.09.2017 20:35:50,000	0,66	358,54
667	10.09.2017 20:36:00,000	0,66	357,63
668	10.09.2017 20:36:10,000	0,66	356,95
669	10.09.2017 20:36:20,000	0,66	355,81
670	10.09.2017 20:36:30,000	0,66	354,67
671	10.09.2017 20:36:40,000	0,66	353,54
672	10.09.2017 20:36:50,000	0,66	352,63
673	10.09.2017 20:37:00,000	0,66	351,71
674	10.09.2017 20:37:10,000	0,66	350,58
675	10.09.2017 20:37:20,000	0,66	349,67
676	10.09.2017 20:37:30,000	0,66	348,76
677	10.09.2017 20:37:40,000	0,66	348,30
678	10.09.2017 20:37:50,000	0,66	347,62
679	10.09.2017 20:38:00,000	0,66	346,94
680	10.09.2017 20:38:10,000	0,66	346,48
681	10.09.2017 20:38:20,000	0,66	345,34
682	10.09.2017 20:38:30,000	0,66	344,89
683	10.09.2017 20:38:40,000	0,66	343,98
684	10.09.2017 20:38:50,000	0,66	343,29
685	10.09.2017 20:39:00,000	0,66	342,84
686	10.09.2017 20:39:10,000	0,66	342,16
687	10.09.2017 20:39:20,000	0,66	341,70
688	10.09.2017 20:39:30,000	0,66	341,25
689	10.09.2017 20:39:40,000	0,66	340,79
690	10.09.2017 20:39:50,000	0,66	340,33
691	10.09.2017 20:40:00,000	0,66	339,88
692	10.09.2017 20:40:10,000	0,66	339,20
693	10.09.2017 20:40:20,000	0,66	338,51
694	10.09.2017 20:40:30,000	0,66	338,06
695	10.09.2017 20:40:40,000	0,66	337,38
696	10.09.2017 20:40:50,000	0,66	336,92
697	10.09.2017 20:41:00,000	0,66	336,47
698	10.09.2017 20:41:10,000	0,66	336,01
699	10.09.2017 20:41:20,000	0,66	335,55
700	10.09.2017 20:41:30,000	0,66	334,87
701	10.09.2017 20:41:40,000	0,66	334,42
702	10.09.2017 20:41:50,000	0,66	333,73
703	10.09.2017 20:42:00,000	0,66	333,28
704	10.09.2017 20:42:10,000	0,66	332,37
705	10.09.2017 20:42:20,000	0,66	331,46
706	10.09.2017 20:42:30,000	0,66	330,55
707	10.09.2017 20:42:40,000	0,66	329,64
708	10.09.2017 20:42:50,000	0,66	328,72
709	10.09.2017 20:43:00,000	0,66	327,36
710	10.09.2017 20:43:10,000	0,66	326,22
711	10.09.2017 20:43:20,000	0,66	325,31
712	10.09.2017 20:43:30,000	0,66	323,94
713	10.09.2017 20:43:40,000	0,66	322,80
714	10.09.2017 20:43:50,000	0,66	321,44
715	10.09.2017 20:44:00,000	0,66	320,75
716	10.09.2017 20:44:10,000	0,66	319,16
717	10.09.2017 20:44:20,000	0,66	318,02
718	10.09.2017 20:44:30,000	0,66	316,88
719	10.09.2017 20:44:40,000	0,66	315,74
720	10.09.2017 20:44:50,000	0,66	314,38
721	10.09.2017 20:45:00,000	0,66	313,24
722	10.09.2017 20:45:10,000	0,66	312,10
723	10.09.2017 20:45:20,000	0,66	310,73
724	10.09.2017 20:45:30,000	0,66	309,37
725	10.09.2017 20:45:40,000	0,66	308,23
726	10.09.2017 20:45:50,000	0,66	307,09
727	10.09.2017 20:46:00,000	0,66	305,95
728	10.09.2017 20:46:10,000	0,66	304,58
729	10.09.2017 20:46:20,000	0,66	303,22
730	10.09.2017 20:46:30,000	0,66	301,85
731	10.09.2017 20:46:40,000	0,66	301,17
732	10.09.2017 20:46:50,000	0,66	299,80
733	10.09.2017 20:47:00,000	0,66	298,43
734	10.09.2017 20:47:10,000	0,62	297,27
735	10.09.2017 20:47:20,000	0,66	296,15
736	10.09.2017 20:47:30,000	0,66	294,79
737	10.09.2017 20:47:40,000	0,62	293,62
738	10.09.2017 20:47:50,000	0,62	292,48
739	10.09.2017 20:48:00,000	0,62	291,34
740	10.09.2017 20:48:10,000	0,62	290,21
741	10.09.2017 20:48:20,000	0,62	289,07
742	10.09.2017 20:48:30,000	0,62	287,93
743	10.09.2017 20:48:40,000	0,62	286,79
744	10.09.2017 20:48:50,000	0,62	285,42
745	10.09.2017 20:49:00,000	0,62	284,05
746	10.09.2017 20:49:10,000	0,62	282,91
747	10.09.2017 20:49:20,000	0,62	281,55
748	10.09.2017 20:49:30,000	0,62	280,18
749	10.09.2017 20:49:40,000	0,62	278,81
750	10.09.2017 20:49:50,000	0,62	277,44
751	10.09.2017 20:50:00,000	0,62	276,08
752	10.09.2017 20:50:10,000	0,62	274,71
753	10.09.2017 20:50:20,000	0,62	273,34
754	10.09.2017 20:50:30,000	0,62	272,20
755	10.09.2017 20:50:40,000	0,62	270,83
756	10.09.2017 20:50:50,000	0,62	269,47
757	10.09.2017 20:51:00,000	0,62	268,10
758	10.09.2017 20:51:10,000	0,62	266,96
759	10.09.2017 20:51:20,000	0,62	265,82
760	10.09.2017 20:51:30,000	0,58	264,65
761	10.09.2017 20:51:40,000	0,58	263,29
762	10.09.2017 20:51:50,000	0,58	262,37
763	10.09.2017 20:52:00,000	0,58	260,78
764	10.09.2017 20:52:10,000	0,58	259,64
765	10.09.2017 20:52:20,000	0,58	258,50
766	10.09.2017 20:52:30,000	0,58	257,36
767	10.09.2017 20:52:40,000	0,58	256,22
768	10.09.2017 20:52:50,000	0,58	255,08
769	10.09.2017 20:53:00,000	0,58	253,94
770	10.09.2017 20:53:10,000	0,58	252,57
771	10.09.2017 20:53:20,000	0,58	251,66
772	10.09.2017 20:53:30,000	0,58	250,29
773	10.09.2017 20:53:40,000	0,58	249,15
774	10.09.2017 20:53:50,000	0,58	247,78
775	10.09.2017 20:54:00,000	0,58	246,64
776	10.09.2017 20:54:10,000	0,58	245,50
777	10.09.2017 20:54:20,000	0,58	243,68
778	10.09.2017 20:54:30,000	0,54	242,51
779	10.09.2017 20:54:40,000	0,54	241,14
780	10.09.2017 20:54:50,000	0,54	240,00
781	10.09.2017 20:55:00,000	0,54	238,41
782	10.09.2017 20:55:10,000	0,54	237,49
783	10.09.2017 20:55:20,000	0,54	236,13
784	10.09.2017 20:55:30,000	0,54	234,99
785	10.09.2017 20:55:40,000	0,54	233,62
786	10.09.2017 20:55:50,000	0,50	232,68
787	10.09.2017 20:56:00,000	0,50	231,54
788	10.09.2017 20:56:10,000	0,50	229,94
789	10.09.2017 20:56:20,000	0,50	228,57
790	10.09.2017 20:56:30,000	0,50	227,66
791	10.09.2017 20:56:40,000	0,50	226,29
792	10.09.2017 20:56:50,000	0,50	225,15
793	10.09.2017 20:57:00,000	0,46	224,22
794	10.09.2017 20:57:10,000	0,46	222,85
795	10.09.2017 20:57:20,000	0,46	221,48
796	10.09.2017 20:57:30,000	0,46	220,57
797	10.09.2017 20:57:40,000	0,46	218,97
798	10.09.2017 20:57:50,000	0,46	218,06
799	10.09.2017 20:58:00,000	0,46	216,92
800	10.09.2017 20:58:10,000	0,46	215,55
801	10.09.2017 20:58:20,000	0,42	214,15
802	10.09.2017 20:58:30,000	0,42	213,24
803	10.09.2017 20:58:40,000	0,42	211,87
804	10.09.2017 20:58:50,000	0,42	210,50
805	10.09.2017 20:59:00,000	0,42	209,36
806	10.09.2017 20:59:10,000	0,38	208,20
807	10.09.2017 20:59:20,000	0,38	207,06
808	10.09.2017 20:59:30,000	0,38	205,69
809	10.09.2017 20:59:40,000	0,38	204,55
810	10.09.2017 20:59:50,000	0,38	203,18
811	10.09.2017 21:00:00,000	0,34	202,24
812	10.09.2017 21:00:10,000	0,34	200,87
813	10.09.2017 21:00:20,000	0,34	199,73
814	10.09.2017 21:00:30,000	0,34	198,59
815	10.09.2017 21:00:40,000	0,34	197,45
816	10.09.2017 21:00:50,000	0,30	196,51
817	10.09.2017 21:01:00,000	0,30	195,37
818	10.09.2017 21:01:10,000	0,30	194,23
819	10.09.2017 21:01:20,000	0,30	193,32
820	10.09.2017 21:01:30,000	0,26	192,15
821	10.09.2017 21:01:40,000	0,26	191,01
822	10.09.2017 21:01:50,000	0,26	190,33
823	10.09.2017 21:02:00,000	0,22	189,16
824	10.09.2017 21:02:10,000	0,22	188,02
825	10.09.2017 21:02:20,000	0,22	187,34
826	10.09.2017 21:02:30,000	0,22	186,42
827	10.09.2017 21:02:40,000	0,18	185,26
828	10.09.2017 21:02:50,000	0,18	184,34
829	10.09.2017 21:03:00,000	0,18	183,20
830	10.09.2017 21:03:10,000	0,18	182,52
831	10.09.2017 21:03:20,000	0,18	181,38
832	10.09.2017 21:03:30,000	0,14	180,44
833	10.09.2017 21:03:40,000	0,14	179,76
834	10.09.2017 21:03:50,000	0,14	178,62
835	10.09.2017 21:04:00,000	0,14	177,48
836	10.09.2017 21:04:10,000	0,10	176,54
837	10.09.2017 21:04:20,000	0,10	175,62
838	10.09.2017 21:04:30,000	0,10	174,48
839	10.09.2017 21:04:40,000	0,10	173,34
840	10.09.2017 21:04:50,000	0,06	172,18
841	10.09.2017 21:05:00,000	0,06	171,04
842	10.09.2017 21:05:10,000	0,06	169,44
843	10.09.2017 21:05:20,000	0,06	168,30
844	10.09.2017 21:05:30,000	0,02	166,68
845	10.09.2017 21:05:40,000	0,02	165,54
846	10.09.2017 21:05:50,000	0,02	164,40
847	10.09.2017 21:06:00,000	-0,02	162,77
848	10.09.2017 21:06:10,000	-0,07	161,61
849	10.09.2017 21:06:20,000	-0,07	160,24
850	10.09.2017 21:06:30,000	-0,11	159,07
851	10.09.2017 21:06:40,000	-0,11	157,93
852	10.09.2017 21:06:50,000	-0,11	156,56
853	10.09.2017 21:07:00,000	-0,11	155,65
854	10.09.2017 21:07:10,000	-0,15	154,26
855	10.09.2017 21:07:20,000	-0,15	153,12
856	10.09.2017 21:07:30,000	-0,15	152,43
857	10.09.2017 21:07:40,000	-0,19	150,81
858	10.09.2017 21:07:50,000	-0,19	149,67
859	10.09.2017 21:08:00,000	-0,19	148,53
860	10.09.2017 21:08:10,000	-0,19	147,62
861	10.09.2017 21:08:20,000	-0,23	146,45
862	10.09.2017 21:08:30,000	-0,23	145,31
863	10.09.2017 21:08:40,000	-0,23	144,63
864	10.09.2017 21:08:50,000	-0,27	143,23
865	10.09.2017 21:09:00,000	-0,27	142,32
866	10.09.2017 21:09:10,000	-0,31	141,15
867	10.09.2017 21:09:20,000	-0,31	140,01
868	10.09.2017 21:09:30,000	-0,35	138,85
869	10.09.2017 21:09:40,000	-0,35	137,94
870	10.09.2017 21:09:50,000	-0,39	136,31
871	10.09.2017 21:10:00,000	-0,39	135,17
872	10.09.2017 21:10:10,000	-0,39	134,03
873	10.09.2017 21:10:20,000	-0,43	133,10
874	10.09.2017 21:10:30,000	-0,43	131,73
875	10.09.2017 21:10:40,000	-0,43	130,59
876	10.09.2017 21:10:50,000	-0,48	129,20
877	10.09.2017 21:11:00,000	-0,48	128,51
878	10.09.2017 21:11:10,000	-0,48	127,14
879	10.09.2017 21:11:20,000	-0,52	125,98
880	10.09.2017 21:11:30,000	-0,52	125,07
881	10.09.2017 21:11:40,000	-0,52	123,93
882	10.09.2017 21:11:50,000	-0,52	123,01
883	10.09.2017 21:12:00,000	-0,56	122,31
884	10.09.2017 21:12:10,000	-0,56	120,71
885	10.09.2017 21:12:20,000	-0,56	119,80
886	10.09.2017 21:12:30,000	-0,60	118,63
887	10.09.2017 21:12:40,000	-0,60	117,49
888	10.09.2017 21:12:50,000	-0,64	116,56
889	10.09.2017 21:13:00,000	-0,64	115,19
890	10.09.2017 21:13:10,000	-0,68	114,25
891	10.09.2017 21:13:20,000	-0,68	113,34
892	10.09.2017 21:13:30,000	-0,68	112,43
893	10.09.2017 21:13:40,000	-0,72	111,26
894	10.09.2017 21:13:50,000	-0,72	110,35
895	10.09.2017 21:14:00,000	-0,77	109,41
896	10.09.2017 21:14:10,000	-0,77	108,50
897	10.09.2017 21:14:20,000	-0,77	107,36
898	10.09.2017 21:14:30,000	-0,77	106,23
899	10.09.2017 21:14:40,000	-0,81	105,29
900	10.09.2017 21:14:50,000	-0,81	104,38
901	10.09.2017 21:15:00,000	-0,81	103,24
902	10.09.2017 21:15:10,000	-0,85	102,53
903	10.09.2017 21:15:20,000	-0,89	101,59
904	10.09.2017 21:15:30,000	-0,89	100,68
905	10.09.2017 21:15:40,000	-0,93	99,97
906	10.09.2017 21:15:50,000	-0,93	98,61
907	10.09.2017 21:16:00,000	-0,89	97,95
908	10.09.2017 21:16:10,000	-0,93	97,01
909	10.09.2017 21:16:20,000	-0,93	95,65
910	10.09.2017 21:16:30,000	-0,93	94,96
911	10.09.2017 21:16:40,000	-0,93	94,05
912	10.09.2017 21:16:50,000	-0,93	92,91
913	10.09.2017 21:17:00,000	-0,93	91,77
914	10.09.2017 21:17:10,000	-0,93	90,86
915	10.09.2017 21:17:20,000	-0,93	89,95
916	10.09.2017 21:17:30,000	-0,93	89,04
917	10.09.2017 21:17:40,000	-0,97	87,88
918	10.09.2017 21:17:50,000	-0,97	86,97
919	10.09.2017 21:18:00,000	-0,97	85,83
920	10.09.2017 21:18:10,000	-0,97	84,92
921	10.09.2017 21:18:20,000	-0,97	83,78
922	10.09.2017 21:18:30,000	-0,97	82,87
923	10.09.2017 21:18:40,000	-0,97	81,28
924	10.09.2017 21:18:50,000	-0,97	80,60
925	10.09.2017 21:19:00,000	-0,97	79,46
926	10.09.2017 21:19:10,000	-1,01	78,30
927	10.09.2017 21:19:20,000	-1,06	77,36
928	10.09.2017 21:19:30,000	-1,10	76,20
929	10.09.2017 21:19:40,000	-1,14	75,03
930	10.09.2017 21:19:50,000	-1,18	73,87
931	10.09.2017 21:20:00,000	-1,18	72,51
932	10.09.2017 21:20:10,000	-1,18	71,60
933	10.09.2017 21:20:20,000	-1,18	70,23
934	10.09.2017 21:20:30,000	-1,14	68,90
935	10.09.2017 21:20:40,000	-1,10	67,56
936	10.09.2017 21:20:50,000	-1,10	65,97
937	10.09.2017 21:21:00,000	-1,06	64,63
938	10.09.2017 21:21:10,000	-1,01	63,29
939	10.09.2017 21:21:20,000	-0,97	61,73
940	10.09.2017 21:21:30,000	-0,93	60,39
941	10.09.2017 21:21:40,000	-0,93	58,80
942	10.09.2017 21:21:50,000	-0,93	57,66
943	10.09.2017 21:22:00,000	-0,93	56,30
944	10.09.2017 21:22:10,000	-0,93	55,39
945	10.09.2017 21:22:20,000	-0,85	53,86
946	10.09.2017 21:22:30,000	-0,77	52,32
947	10.09.2017 21:22:40,000	-0,68	51,01
948	10.09.2017 21:22:50,000	-0,64	49,67
949	10.09.2017 21:23:00,000	-0,60	48,11
950	10.09.2017 21:23:10,000	-0,48	47,05
951	10.09.2017 21:23:20,000	-0,31	46,02
952	10.09.2017 21:23:30,000	-0,23	45,17
953	10.09.2017 21:23:40,000	-0,19	44,06
954	10.09.2017 21:23:50,000	-0,19	43,15
955	10.09.2017 21:24:00,000	-0,19	42,24
956	10.09.2017 21:24:10,000	-0,19	42,24
957	10.09.2017 21:24:20,000	-0,19	42,02
958	10.09.2017 21:24:30,000	-0,19	41,56
959	10.09.2017 21:24:40,000	-0,19	41,11
960	10.09.2017 21:24:50,000	-0,15	40,68
961	10.09.2017 21:25:00,000	-0,15	40,00
962	10.09.2017 21:25:10,000	-0,11	39,34
963	10.09.2017 21:25:20,000	-0,11	38,44
964	10.09.2017 21:25:30,000	-0,07	37,56
965	10.09.2017 21:25:40,000	0,02	36,25
966	10.09.2017 21:25:50,000	0,10	35,39
967	10.09.2017 21:26:00,000	0,14	34,06
968	10.09.2017 21:26:10,000	0,22	32,75
969	10.09.2017 21:26:20,000	0,22	31,39
970	10.09.2017 21:26:30,000	0,14	29,98
971	10.09.2017 21:26:40,000	0,06	28,79
972	10.09.2017 21:26:50,000	-0,07	27,13
973	10.09.2017 21:27:00,000	-0,15	25,50
974	10.09.2017 21:27:10,000	-0,19	24,34
975	10.09.2017 21:27:20,000	-0,15	22,78
976	10.09.2017 21:27:30,000	0,02	21,75
977	10.09.2017 21:27:40,000	0,14	20,92
978	10.09.2017 21:27:50,000	0,30	20,57
979	10.09.2017 21:28:00,000	0,50	20,47
980	10.09.2017 21:28:10,000	0,66	20,12
981	10.09.2017 21:28:20,000	0,90	20,04
982	10.09.2017 21:28:30,000	1,06	19,46
983	10.09.2017 21:28:40,000	1,18	19,54
984	10.09.2017 21:28:50,000	1,26	19,13
985	10.09.2017 21:29:00,000	1,34	19,18
986	10.09.2017 21:29:10,000	1,38	18,75
987	10.09.2017 21:29:20,000	1,42	18,33
988	10.09.2017 21:29:30,000	1,42	18,10
989	10.09.2017 21:29:40,000	1,46	17,67
990	10.09.2017 21:29:50,000	1,50	17,70
991	10.09.2017 21:30:00,000	1,50	17,24
992	10.09.2017 21:30:10,000	1,53	17,04
993	10.09.2017 21:30:20,000	1,53	16,82
994	10.09.2017 21:30:30,000	1,57	16,61
995	10.09.2017 21:30:40,000	1,57	15,94
996	10.09.2017 21:30:50,000	1,61	15,96
997	10.09.2017 21:31:00,000	1,65	15,08
998	10.09.2017 21:31:10,000	1,65	14,63
999	10.09.2017 21:31:20,000	1,65	13,72
1000	10.09.2017 21:31:30,000	1,61	12,57
1001	10.09.2017 21:31:40,000	1,69	11,49
1002	10.09.2017 21:31:50,000	1,73	11,06
1003	10.09.2017 21:32:00,000	1,73	10,83
1004	10.09.2017 21:32:10,000	1,77	10,40
1005	10.09.2017 21:32:20,000	1,77	10,18
1006	10.09.2017 21:32:30,000	1,81	9,98
1007	10.09.2017 21:32:40,000	1,81	9,75
1008	10.09.2017 21:32:50,000	1,77	9,27
1009	10.09.2017 21:33:00,000	1,77	8,82
1010	10.09.2017 21:33:10,000	1,73	8,57
1011	10.09.2017 21:33:20,000	1,73	9,02
1012	10.09.2017 21:33:30,000	1,73	9,02
1013	10.09.2017 21:33:40,000	1,69	9,45
1014	10.09.2017 21:33:50,000	1,65	9,65
1015	10.09.2017 21:34:00,000	1,65	8,98
1016	10.09.2017 21:34:10,000	1,61	8,50
1017	10.09.2017 21:34:20,000	1,57	8,02
1018	10.09.2017 21:34:30,000	1,53	7,55
1019	10.09.2017 21:34:40,000	1,50	7,30
1020	10.09.2017 21:34:50,000	1,50	7,30
1021	10.09.2017 21:35:00,000	1,46	7,50
1022	10.09.2017 21:35:10,000	1,42	7,70
1023	10.09.2017 21:35:20,000	1,42	7,47
1024	10.09.2017 21:35:30,000	1,42	7,92
1025	10.09.2017 21:35:40,000	1,42	7,25
1026	10.09.2017 21:35:50,000	1,46	7,27
1027	10.09.2017 21:36:00,000	1,46	7,04
1028	10.09.2017 21:36:10,000	1,46	7,27
1029	10.09.2017 21:36:20,000	1,46	7,50
1030	10.09.2017 21:36:30,000	1,46	7,50
1031	10.09.2017 21:36:40,000	1,46	7,50
1032	10.09.2017 21:36:50,000	1,50	7,97
1033	10.09.2017 21:37:00,000	1,50	7,75
1034	10.09.2017 21:37:10,000	1,50	7,75
1035	10.09.2017 21:37:20,000	1,50	7,75
1036	10.09.2017 21:37:30,000	1,50	7,75
1037	10.09.2017 21:37:40,000	1,50	7,52
1038	10.09.2017 21:37:50,000	1,50	7,75
1039	10.09.2017 21:38:00,000	1,50	7,75
1040	10.09.2017 21:38:10,000	1,46	7,72
1041	10.09.2017 21:38:20,000	1,46	7,95
1042	10.09.2017 21:38:30,000	1,42	7,70
1043	10.09.2017 21:38:40,000	1,46	7,95
1044	10.09.2017 21:38:50,000	1,42	7,92
1045	10.09.2017 21:39:00,000	1,38	7,90
1046	10.09.2017 21:39:10,000	1,38	7,67
1047	10.09.2017 21:39:20,000	1,42	7,70
1048	10.09.2017 21:39:30,000	1,46	7,72
1049	10.09.2017 21:39:40,000	1,34	7,65
1050	10.09.2017 21:39:50,000	1,30	7,62
1051	10.09.2017 21:40:00,000	1,30	6,04
1052	10.09.2017 21:40:10,000	1,38	5,19
1053	10.09.2017 21:40:20,000	1,38	4,44
1054	10.09.2017 21:40:30,000	1,34	4,22
1055	10.09.2017 21:40:40,000	1,34	3,99
1056	10.09.2017 21:40:50,000	1,34	4,22
1057	10.09.2017 21:41:00,000	1,38	4,74
1058	10.09.2017 21:41:10,000	1,34	5,16
1059	10.09.2017 21:41:20,000	1,34	5,16
1060	10.09.2017 21:41:30,000	1,34	5,39
1061	10.09.2017 21:41:40,000	1,34	5,39
1062	10.09.2017 21:41:50,000	1,34	5,16
1063	10.09.2017 21:42:00,000	1,30	5,14
1064	10.09.2017 21:42:10,000	1,30	5,14
1065	10.09.2017 21:42:20,000	1,26	5,34
1066	10.09.2017 21:42:30,000	1,26	5,11
1067	10.09.2017 21:42:40,000	1,22	4,86
1068	10.09.2017 21:42:50,000	1,18	3,76
1069	10.09.2017 21:43:00,000	1,18	3,31
1070	10.09.2017 21:43:10,000	1,18	2,41
1071	10.09.2017 21:43:20,000	1,22	1,51
1072	10.09.2017 21:43:30,000	1,46	1,05
1073	10.09.2017 21:43:40,000	1,69	0,00
1074	10.09.2017 21:43:50,000	1,92	0,00
1075	10.09.2017 21:44:00,000	2,04	0,00
1076	10.09.2017 21:44:10,000	2,23	0,00
1077	10.09.2017 21:44:20,000	2,31	0,00
1078	10.09.2017 21:44:30,000	2,39	0,00
1079	10.09.2017 21:44:40,000	2,43	0,00
1080	10.09.2017 21:44:50,000	2,43	0,00
1081	10.09.2017 21:45:00,000	2,43	0,00
1082	10.09.2017 21:45:10,000	2,43	0,00
1083	10.09.2017 21:45:20,000	2,43	0,00
1084	10.09.2017 21:45:30,000	2,43	0,00
1085	10.09.2017 21:45:40,000	2,43	0,00
1086	10.09.2017 21:45:50,000	2,43	0,00
1087	10.09.2017 21:46:00,000	2,43	0,00
1088	10.09.2017 21:46:10,000	2,43	0,00
1089	10.09.2017 21:46:20,000	2,43	0,00
1090	10.09.2017 21:46:30,000	2,43	0,00
1091	10.09.2017 21:46:40,000	2,43	0,00
1092	10.09.2017 21:46:50,000	2,43	0,00
1093	10.09.2017 21:47:00,000	2,43	0,00
1094	10.09.2017 21:47:10,000	2,43	0,00
1095	10.09.2017 21:47:20,000	2,43	0,00
1096	10.09.2017 21:47:30,000	2,43	0,00
1097	10.09.2017 21:47:40,000	2,43	0,00
1098	10.09.2017 21:47:50,000	2,43	0,00
1099	10.09.2017 21:48:00,000	2,43	0,00
1100	10.09.2017 21:48:10,000	2,47	0,00
1101	10.09.2017 21:48:20,000	2,47	0,00
1102	10.09.2017 21:48:30,000	2,47	0,00
1103	10.09.2017 21:48:40,000	2,47	0,00
1104	10.09.2017 21:48:50,000	2,50	0,00
1105	10.09.2017 21:49:00,000	2,50	0,00
1106	10.09.2017 21:49:10,000	2,54	0,00
1107	10.09.2017 21:49:20,000	2,54	0,00
1108	10.09.2017 21:49:30,000	2,54	0,00
1109	10.09.2017 21:49:40,000	2,58	0,00
1110	10.09.2017 21:49:50,000	2,58	0,00
1111	10.09.2017 21:50:00,000	2,62	0,00
1112	10.09.2017 21:50:10,000	2,62	0,00
1113	10.09.2017 21:50:20,000	2,66	0,00
1114	10.09.2017 21:50:30,000	2,66	0,00
1115	10.09.2017 21:50:40,000	2,66	0,00
1116	10.09.2017 21:50:50,000	2,70	0,00
1117	10.09.2017 21:51:00,000	2,70	0,00
1118	10.09.2017 21:51:10,000	2,73	0,00
1119	10.09.2017 21:51:20,000	2,73	0,00
1120	10.09.2017 21:51:30,000	2,77	0,00
1121	10.09.2017 21:51:40,000	2,81	0,00
1122	10.09.2017 21:51:50,000	2,81	0,00
1123	10.09.2017 21:52:00,000	2,85	0,00
1124	10.09.2017 21:52:10,000	2,85	0,00
1125	10.09.2017 21:52:20,000	2,89	0,00
1126	10.09.2017 21:52:30,000	2,89	0,00
1127	10.09.2017 21:52:40,000	2,92	0,00
1128	10.09.2017 21:52:50,000	2,92	0,00
1129	10.09.2017 21:53:00,000	2,96	0,00
1130	10.09.2017 21:53:10,000	2,96	0,00
1131	10.09.2017 21:53:20,000	3,00	0,00
1132	10.09.2017 21:53:30,000	3,04	0,00
1133	10.09.2017 21:53:40,000	3,04	0,00
1134	10.09.2017 21:53:50,000	3,08	0,00
1135	10.09.2017 21:54:00,000	3,08	0,00
1136	10.09.2017 21:54:10,000	3,11	0,00
1137	10.09.2017 21:54:20,000	3,15	0,00
1138	10.09.2017 21:54:30,000	3,15	0,00
1139	10.09.2017 21:54:40,000	3,19	0,00
1140	10.09.2017 21:54:50,000	3,19	0,00
1141	10.09.2017 21:55:00,000	3,23	0,00
1142	10.09.2017 21:55:10,000	3,26	0,00
1143	10.09.2017 21:55:20,000	3,26	0,00
1144	10.09.2017 21:55:30,000	3,26	0,00
1145	10.09.2017 21:55:40,000	3,30	0,00
1146	10.09.2017 21:55:50,000	3,30	0,00
1147	10.09.2017 21:56:00,000	3,34	0,00
1148	10.09.2017 21:56:10,000	3,34	0,00
1149	10.09.2017 21:56:20,000	3,38	0,00
1150	10.09.2017 21:56:30,000	3,41	0,00
1151	10.09.2017 21:56:40,000	3,41	0,00
1152	10.09.2017 21:56:50,000	3,45	0,00
1153	10.09.2017 21:57:00,000	3,45	0,00
1154	10.09.2017 21:57:10,000	3,49	0,00
1155	10.09.2017 21:57:20,000	3,49	0,00
1156	10.09.2017 21:57:30,000	3,53	0,00
1157	10.09.2017 21:57:40,000	3,53	0,00
1158	10.09.2017 21:57:50,000	3,56	0,00
1159	10.09.2017 21:58:00,000	3,56	0,00
1160	10.09.2017 21:58:10,000	3,60	0,00
1161	10.09.2017 21:58:20,000	3,60	0,00
1162	10.09.2017 21:58:30,000	3,64	0,00
1163	10.09.2017 21:58:40,000	3,64	0,00
1164	10.09.2017 21:58:50,000	3,64	0,00
1165	10.09.2017 21:59:00,000	3,68	0,00
1166	10.09.2017 21:59:10,000	3,68	0,00
1167	10.09.2017 21:59:20,000	3,71	0,00
1168	10.09.2017 21:59:30,000	3,71	0,00
1169	10.09.2017 21:59:40,000	3,75	0,00
1170	10.09.2017 21:59:50,000	3,75	0,00
1171	10.09.2017 22:00:00,000	3,79	0,00
1172	10.09.2017 22:00:10,000	3,79	0,00
1173	10.09.2017 22:00:20,000	3,79	0,00
1174	10.09.2017 22:00:30,000	3,83	0,00
1175	10.09.2017 22:00:40,000	3,83	0,00
1176	10.09.2017 22:00:50,000	3,86	0,00
1177	10.09.2017 22:01:00,000	3,86	0,00
1178	10.09.2017 22:01:10,000	3,90	0,00
1179	10.09.2017 22:01:20,000	3,90	0,00
1180	10.09.2017 22:01:30,000	3,90	0,00
1181	10.09.2017 22:01:40,000	3,94	0,00
1182	10.09.2017 22:01:50,000	3,94	0,00
1183	10.09.2017 22:02:00,000	3,97	0,00
1184	10.09.2017 22:02:10,000	3,97	0,00
1185	10.09.2017 22:02:20,000	4,01	0,00
1186	10.09.2017 22:02:30,000	4,01	0,00
1187	10.09.2017 22:02:40,000	4,01	0,00
1188	10.09.2017 22:02:50,000	4,05	0,00
1189	10.09.2017 22:03:00,000	4,05	0,00
1190	10.09.2017 22:03:10,000	4,05	0,00
1191	10.09.2017 22:03:20,000	4,08	0,00
1192	10.09.2017 22:03:30,000	4,08	0,00
1193	10.09.2017 22:03:40,000	4,12	0,00
1194	10.09.2017 22:03:50,000	4,12	0,00
1195	10.09.2017 22:04:00,000	4,12	0,00
1196	10.09.2017 22:04:10,000	4,16	0,00
1197	10.09.2017 22:04:20,000	4,16	0,00
1198	10.09.2017 22:04:30,000	4,16	0,00
1199	10.09.2017 22:04:40,000	4,20	0,00
1200	10.09.2017 22:04:50,000	4,20	0,00
1201	10.09.2017 22:05:00,000	4,20	0,00
1202	10.09.2017 22:05:10,000	4,23	0,00
1203	10.09.2017 22:05:20,000	4,23	0,00
1204	10.09.2017 22:05:30,000	4,23	0,00
1205	10.09.2017 22:05:40,000	4,23	0,00
1206	10.09.2017 22:05:50,000	4,27	0,00
1207	10.09.2017 22:06:00,000	4,27	0,00
1208	10.09.2017 22:06:10,000	4,27	0,00
1209	10.09.2017 22:06:20,000	4,31	0,00
1210	10.09.2017 22:06:30,000	4,31	0,00
1211	10.09.2017 22:06:40,000	4,31	0,00
1212	10.09.2017 22:06:50,000	4,31	0,00
1213	10.09.2017 22:07:00,000	4,34	0,00
1214	10.09.2017 22:07:10,000	4,34	0,00
1215	10.09.2017 22:07:20,000	4,34	0,00
1216	10.09.2017 22:07:30,000	4,38	0,00
1217	10.09.2017 22:07:40,000	4,38	0,00
1218	10.09.2017 22:07:50,000	4,38	0,00
1219	10.09.2017 22:08:00,000	4,42	0,00
1220	10.09.2017 22:08:10,000	4,42	0,00
1221	10.09.2017 22:08:20,000	4,42	0,00
1222	10.09.2017 22:08:30,000	4,45	0,00
1223	10.09.2017 22:08:40,000	4,45	0,00
1224	10.09.2017 22:08:50,000	4,45	0,00
1225	10.09.2017 22:09:00,000	4,45	0,00
1226	10.09.2017 22:09:10,000	4,49	0,00
1227	10.09.2017 22:09:20,000	4,49	0,00
1228	10.09.2017 22:09:30,000	4,49	0,00
1229	10.09.2017 22:09:40,000	4,53	0,00
1230	10.09.2017 22:09:50,000	4,53	0,00
1231	10.09.2017 22:10:00,000	4,53	0,00
1232	10.09.2017 22:10:10,000	4,53	0,00
1233	10.09.2017 22:10:20,000	4,53	0,00
1234	10.09.2017 22:10:30,000	4,56	0,00
1235	10.09.2017 22:10:40,000	4,56	0,00
1236	10.09.2017 22:10:50,000	4,56	0,00
1237	10.09.2017 22:11:00,000	4,60	0,00
1238	10.09.2017 22:11:10,000	4,60	0,00
1239	10.09.2017 22:11:20,000	4,60	0,00
1240	10.09.2017 22:11:30,000	4,60	0,00
1241	10.09.2017 22:11:40,000	4,64	0,00
1242	10.09.2017 22:11:50,000	4,64	0,00
1243	10.09.2017 22:12:00,000	4,64	0,00
1244	10.09.2017 22:12:10,000	4,67	0,00
1245	10.09.2017 22:12:20,000	4,67	0,00
1246	10.09.2017 22:12:30,000	4,67	0,00
1247	10.09.2017 22:12:40,000	4,67	0,00
1248	10.09.2017 22:12:50,000	4,71	0,00
1249	10.09.2017 22:13:00,000	4,71	0,00
1250	10.09.2017 22:13:10,000	4,71	0,00
1251	10.09.2017 22:13:20,000	4,71	0,00
1252	10.09.2017 22:13:30,000	4,75	0,00
1253	10.09.2017 22:13:40,000	4,75	0,00
1254	10.09.2017 22:13:50,000	4,75	0,00
1255	10.09.2017 22:14:00,000	4,75	0,00
1256	10.09.2017 22:14:10,000	4,75	0,00
1257	10.09.2017 22:14:20,000	4,78	0,00
1258	10.09.2017 22:14:30,000	4,78	0,00
1259	10.09.2017 22:14:40,000	4,78	0,00
1260	10.09.2017 22:14:50,000	4,82	0,00
1261	10.09.2017 22:15:00,000	4,82	0,00
1262	10.09.2017 22:15:10,000	4,82	0,00
1263	10.09.2017 22:15:20,000	4,82	0,00
1264	10.09.2017 22:15:30,000	4,82	0,00
1265	10.09.2017 22:15:40,000	4,82	0,00
1266	10.09.2017 22:15:50,000	4,82	0,00
1267	10.09.2017 22:16:00,000	4,85	0,00
1268	10.09.2017 22:16:10,000	4,85	0,00
1269	10.09.2017 22:16:20,000	4,85	0,00
1270	10.09.2017 22:16:30,000	4,85	0,00
1271	10.09.2017 22:16:40,000	4,85	0,00
1272	10.09.2017 22:16:50,000	4,85	0,00
1273	10.09.2017 22:17:00,000	4,89	0,00
1274	10.09.2017 22:17:10,000	4,89	0,00
1275	10.09.2017 22:17:20,000	4,89	0,00
1276	10.09.2017 22:17:30,000	4,89	0,00
1277	10.09.2017 22:17:40,000	4,89	0,00
1278	10.09.2017 22:17:50,000	4,93	0,00
1279	10.09.2017 22:18:00,000	4,93	0,00
1280	10.09.2017 22:18:10,000	4,93	0,00
1281	10.09.2017 22:18:20,000	4,93	0,00
1282	10.09.2017 22:18:30,000	4,93	0,00
1283	10.09.2017 22:18:40,000	4,96	0,00
1284	10.09.2017 22:18:50,000	4,96	0,00
1285	10.09.2017 22:19:00,000	4,96	0,00
1286	10.09.2017 22:19:10,000	4,96	0,00
1287	10.09.2017 22:19:20,000	4,96	0,00
1288	10.09.2017 22:19:30,000	5,00	0,00
1289	10.09.2017 22:19:40,000	5,00	0,00
1290	10.09.2017 22:19:50,000	5,00	0,00
1291	10.09.2017 22:20:00,000	5,00	0,00
1292	10.09.2017 22:20:10,000	5,00	0,00
1293	10.09.2017 22:20:20,000	5,04	0,00
1294	10.09.2017 22:20:30,000	5,04	0,00
1295	10.09.2017 22:20:40,000	5,04	0,00
1296	10.09.2017 22:20:50,000	5,04	0,00
1297	10.09.2017 22:21:00,000	5,04	0,00
1298	10.09.2017 22:21:10,000	5,04	0,00
1299	10.09.2017 22:21:20,000	5,07	0,00
1300	10.09.2017 22:21:30,000	5,07	0,00
1301	10.09.2017 22:21:40,000	5,07	0,00
1302	10.09.2017 22:21:50,000	5,07	0,00
1303	10.09.2017 22:22:00,000	5,07	0,00
1304	10.09.2017 22:22:10,000	5,11	0,00
1305	10.09.2017 22:22:20,000	5,11	0,00
1306	10.09.2017 22:22:30,000	5,11	0,00
1307	10.09.2017 22:22:40,000	5,11	0,00
1308	10.09.2017 22:22:50,000	5,11	0,00
1309	10.09.2017 22:23:00,000	5,11	0,00
1310	10.09.2017 22:23:10,000	5,11	0,00
1311	10.09.2017 22:23:20,000	5,14	0,00
1312	10.09.2017 22:23:30,000	5,14	0,00
1313	10.09.2017 22:23:40,000	5,14	0,00
1314	10.09.2017 22:23:50,000	5,14	0,00
1315	10.09.2017 22:24:00,000	5,14	0,00
1316	10.09.2017 22:24:10,000	5,18	0,00
1317	10.09.2017 22:24:20,000	5,18	0,00
1318	10.09.2017 22:24:30,000	5,18	0,00
1319	10.09.2017 22:24:40,000	5,18	0,00
1320	10.09.2017 22:24:50,000	5,18	0,00
1321	10.09.2017 22:25:00,000	5,18	0,00
1322	10.09.2017 22:25:10,000	5,18	0,00
1323	10.09.2017 22:25:20,000	5,22	0,00
1324	10.09.2017 22:25:30,000	5,22	0,00
1325	10.09.2017 22:25:40,000	5,22	0,00
1326	10.09.2017 22:25:50,000	5,22	0,00
1327	10.09.2017 22:26:00,000	5,22	0,00
1328	10.09.2017 22:26:10,000	5,22	0,00
1329	10.09.2017 22:26:20,000	5,22	0,00
1330	10.09.2017 22:26:30,000	5,25	0,00
1331	10.09.2017 22:26:40,000	5,25	0,00
1332	10.09.2017 22:26:50,000	5,25	0,00
1333	10.09.2017 22:27:00,000	5,25	0,00
1334	10.09.2017 22:27:10,000	5,25	0,00
1335	10.09.2017 22:27:20,000	5,25	0,00
1336	10.09.2017 22:27:30,000	5,25	0,00
1337	10.09.2017 22:27:40,000	5,25	0,00
1338	10.09.2017 22:27:50,000	5,29	0,00
1339	10.09.2017 22:28:00,000	5,29	0,00
1340	10.09.2017 22:28:10,000	5,29	0,00
1341	10.09.2017 22:28:20,000	5,29	0,00
1342	10.09.2017 22:28:30,000	5,29	0,00
1343	10.09.2017 22:28:40,000	5,29	0,00
1344	10.09.2017 22:28:50,000	5,29	0,00
1345	10.09.2017 22:29:00,000	5,32	0,00
1346	10.09.2017 22:29:10,000	5,32	0,00
1347	10.09.2017 22:29:20,000	5,32	0,00
1348	10.09.2017 22:29:30,000	5,32	0,00
1349	10.09.2017 22:29:40,000	5,32	0,00
1350	10.09.2017 22:29:50,000	5,32	0,00
1351	10.09.2017 22:30:00,000	5,32	0,00
1352	10.09.2017 22:30:10,000	5,32	0,00
1353	10.09.2017 22:30:20,000	5,36	0,00
1354	10.09.2017 22:30:30,000	5,36	0,00
1355	10.09.2017 22:30:40,000	5,36	0,00
1356	10.09.2017 22:30:50,000	5,36	0,00
1357	10.09.2017 22:31:00,000	5,36	0,00
1358	10.09.2017 22:31:10,000	5,36	0,00
1359	10.09.2017 22:31:20,000	5,36	0,00
1360	10.09.2017 22:31:30,000	5,36	0,00
1361	10.09.2017 22:31:40,000	5,40	0,00
1362	10.09.2017 22:31:50,000	5,40	0,00
1363	10.09.2017 22:32:00,000	5,40	0,00
1364	10.09.2017 22:32:10,000	5,40	0,00
1365	10.09.2017 22:32:20,000	5,40	0,00
1366	10.09.2017 22:32:30,000	5,40	0,00
1367	10.09.2017 22:32:40,000	5,40	0,00
1368	10.09.2017 22:32:50,000	5,40	0,00
1369	10.09.2017 22:33:00,000	5,40	0,00
1370	10.09.2017 22:33:10,000	5,40	0,00
1371	10.09.2017 22:33:20,000	5,40	0,00
1372	10.09.2017 22:33:30,000	5,40	0,00
1373	10.09.2017 22:33:40,000	5,43	0,00
1374	10.09.2017 22:33:50,000	5,43	0,00
1375	10.09.2017 22:34:00,000	5,43	0,00
1376	10.09.2017 22:34:10,000	5,43	0,00
1377	10.09.2017 22:34:20,000	5,43	0,00
1378	10.09.2017 22:34:30,000	5,43	0,00
1379	10.09.2017 22:34:40,000	5,43	0,00
1380	10.09.2017 22:34:50,000	5,43	0,00
1381	10.09.2017 22:35:00,000	5,43	0,00
1382	10.09.2017 22:35:10,000	5,43	0,00
1383	10.09.2017 22:35:20,000	5,43	0,00
1384	10.09.2017 22:35:30,000	5,43	0,00
1385	10.09.2017 22:35:40,000	5,47	0,00
1386	10.09.2017 22:35:50,000	5,47	0,00
1387	10.09.2017 22:36:00,000	5,47	0,00
1388	10.09.2017 22:36:10,000	5,47	0,00
1389	10.09.2017 22:36:20,000	5,47	0,00
1390	10.09.2017 22:36:30,000	5,47	0,00
1391	10.09.2017 22:36:40,000	5,47	0,00
1392	10.09.2017 22:36:50,000	5,47	0,00
1393	10.09.2017 22:37:00,000	5,47	0,00
1394	10.09.2017 22:37:10,000	5,47	0,00
1395	10.09.2017 22:37:20,000	5,47	0,00
1396	10.09.2017 22:37:30,000	5,50	0,00
1397	10.09.2017 22:37:40,000	5,50	0,00
1398	10.09.2017 22:37:50,000	5,50	0,00
1399	10.09.2017 22:38:00,000	5,50	0,00
1400	10.09.2017 22:38:10,000	5,50	0,00
1401	10.09.2017 22:38:20,000	5,50	0,00
1402	10.09.2017 22:38:30,000	5,50	0,00
1403	10.09.2017 22:38:40,000	5,50	0,00
1404	10.09.2017 22:38:50,000	5,50	0,00
1405	10.09.2017 22:39:00,000	5,54	0,00
1406	10.09.2017 22:39:10,000	5,50	0,00
1407	10.09.2017 22:39:20,000	5,54	0,00
1408	10.09.2017 22:39:30,000	5,54	0,00
1409	10.09.2017 22:39:40,000	5,54	0,00
1410	10.09.2017 22:39:50,000	5,54	0,00
1411	10.09.2017 22:40:00,000	5,54	0,00
1412	10.09.2017 22:40:10,000	5,54	0,00
1413	10.09.2017 22:40:20,000	5,54	0,00
1414	10.09.2017 22:40:30,000	5,54	0,00
1415	10.09.2017 22:40:40,000	5,54	0,00
1416	10.09.2017 22:40:50,000	5,54	0,00
1417	10.09.2017 22:41:00,000	5,54	0,00
1418	10.09.2017 22:41:10,000	5,54	0,00
1419	10.09.2017 22:41:20,000	5,58	0,00
1420	10.09.2017 22:41:30,000	5,58	0,00
1421	10.09.2017 22:41:40,000	5,58	0,00
1422	10.09.2017 22:41:50,000	5,58	0,00
1423	10.09.2017 22:42:00,000	5,58	0,00
1424	10.09.2017 22:42:10,000	5,58	0,00
1425	10.09.2017 22:42:20,000	5,58	0,00
1426	10.09.2017 22:42:30,000	5,58	0,00
1427	10.09.2017 22:42:40,000	5,58	0,00
1428	10.09.2017 22:42:50,000	5,58	0,00
1429	10.09.2017 22:43:00,000	5,58	0,00
1430	10.09.2017 22:43:10,000	5,58	0,00
1431	10.09.2017 22:43:20,000	5,58	0,00
1432	10.09.2017 22:43:30,000	5,61	0,00
1433	10.09.2017 22:43:40,000	5,61	0,00
1434	10.09.2017 22:43:50,000	5,61	0,00
1435	10.09.2017 22:44:00,000	5,61	0,00
1436	10.09.2017 22:44:10,000	5,61	0,00
1437	10.09.2017 22:44:20,000	5,61	0,00
1438	10.09.2017 22:44:30,000	5,61	0,00
1439	10.09.2017 22:44:40,000	5,61	0,00
1440	10.09.2017 22:44:50,000	5,61	0,00
1441	10.09.2017 22:45:00,000	5,61	0,00
1442	10.09.2017 22:45:10,000	5,61	0,00
1443	10.09.2017 22:45:20,000	5,61	0,00
1444	10.09.2017 22:45:30,000	5,61	0,00
1445	10.09.2017 22:45:40,000	5,61	0,00
1446	10.09.2017 22:45:50,000	5,61	0,00
1447	10.09.2017 22:46:00,000	5,65	0,00
1448	10.09.2017 22:46:10,000	5,65	0,00
1449	10.09.2017 22:46:20,000	5,65	0,00
1450	10.09.2017 22:46:30,000	5,65	0,00
1451	10.09.2017 22:46:40,000	5,65	0,00
1452	10.09.2017 22:46:50,000	5,65	0,00
1453	10.09.2017 22:47:00,000	5,65	0,00
1454	10.09.2017 22:47:10,000	5,65	0,00
1455	10.09.2017 22:47:20,000	5,65	0,00
1456	10.09.2017 22:47:30,000	5,65	0,00
1457	10.09.2017 22:47:40,000	5,65	0,00
1458	10.09.2017 22:47:50,000	5,65	0,00
1459	10.09.2017 22:48:00,000	5,65	0,00
1460	10.09.2017 22:48:10,000	5,65	0,00
1461	10.09.2017 22:48:20,000	5,65	0,00
1462	10.09.2017 22:48:30,000	5,68	0,00
1463	10.09.2017 22:48:40,000	5,68	0,00
1464	10.09.2017 22:48:50,000	5,68	0,00
1465	10.09.2017 22:49:00,000	5,68	0,00
1466	10.09.2017 22:49:10,000	5,68	0,00
1467	10.09.2017 22:49:20,000	5,68	0,00
1468	10.09.2017 22:49:30,000	5,68	0,00
1469	10.09.2017 22:49:40,000	5,68	0,00
1470	10.09.2017 22:49:50,000	5,68	0,00
1471	10.09.2017 22:50:00,000	5,68	0,00
1472	10.09.2017 22:50:10,000	5,68	0,00
1473	10.09.2017 22:50:20,000	5,68	0,00
1474	10.09.2017 22:50:30,000	5,68	0,00
1475	10.09.2017 22:50:40,000	5,68	0,00
1476	10.09.2017 22:50:50,000	5,68	0,00
1477	10.09.2017 22:51:00,000	5,68	0,00
1478	10.09.2017 22:51:10,000	5,68	0,00
1479	10.09.2017 22:51:20,000	5,68	0,00
1480	10.09.2017 22:51:30,000	5,68	0,00
1481	10.09.2017 22:51:40,000	5,72	0,00
1482	10.09.2017 22:51:50,000	5,72	0,00
1483	10.09.2017 22:52:00,000	5,72	0,00
1484	10.09.2017 22:52:10,000	5,72	0,00
1485	10.09.2017 22:52:20,000	5,72	0,00
1486	10.09.2017 22:52:30,000	5,72	0,00
1487	10.09.2017 22:52:40,000	5,72	0,00
1488	10.09.2017 22:52:50,000	5,72	0,00
1489	10.09.2017 22:53:00,000	5,72	0,00
1490	10.09.2017 22:53:10,000	5,72	0,00
1491	10.09.2017 22:53:20,000	5,72	0,00
1492	10.09.2017 22:53:30,000	5,72	0,00
1493	10.09.2017 22:53:40,000	5,72	0,00
1494	10.09.2017 22:53:50,000	5,72	0,00
1495	10.09.2017 22:54:00,000	5,72	0,00
1496	10.09.2017 22:54:10,000	5,72	0,00
1497	10.09.2017 22:54:20,000	5,72	0,00
1498	10.09.2017 22:54:30,000	5,72	0,00
1499	10.09.2017 22:54:40,000	5,75	0,00
1500	10.09.2017 22:54:50,000	5,75	0,00
1501	10.09.2017 22:55:00,000	5,75	0,00
1502	10.09.2017 22:55:10,000	5,75	0,00
1503	10.09.2017 22:55:20,000	5,75	0,00
1504	10.09.2017 22:55:30,000	5,75	0,00
1505	10.09.2017 22:55:40,000	5,75	0,00
1506	10.09.2017 22:55:50,000	5,75	0,00
1507	10.09.2017 22:56:00,000	5,75	0,00
1508	10.09.2017 22:56:10,000	5,75	0,00
1509	10.09.2017 22:56:20,000	5,75	0,00
1510	10.09.2017 22:56:30,000	5,75	0,00
1511	10.09.2017 22:56:40,000	5,75	0,00
1512	10.09.2017 22:56:50,000	5,75	0,00
1513	10.09.2017 22:57:00,000	5,75	0,00
1514	10.09.2017 22:57:10,000	5,75	0,00
1515	10.09.2017 22:57:20,000	5,75	0,00
1516	10.09.2017 22:57:30,000	5,75	0,00
1517	10.09.2017 22:57:40,000	5,75	0,00
1518	10.09.2017 22:57:50,000	5,75	0,00
1519	10.09.2017 22:58:00,000	5,75	0,00
1520	10.09.2017 22:58:10,000	5,75	0,00
1521	10.09.2017 22:58:20,000	5,75	0,00
1522	10.09.2017 22:58:30,000	5,79	0,00
1523	10.09.2017 22:58:40,000	5,79	0,00
1524	10.09.2017 22:58:50,000	5,79	0,00
1525	10.09.2017 22:59:00,000	5,79	0,00
1526	10.09.2017 22:59:10,000	5,79	0,00
1527	10.09.2017 22:59:20,000	5,79	0,00
1528	10.09.2017 22:59:30,000	5,79	0,00
1529	10.09.2017 22:59:40,000	5,79	0,00
1530	10.09.2017 22:59:50,000	5,79	0,00
1531	10.09.2017 23:00:00,000	5,79	0,00
1532	10.09.2017 23:00:10,000	5,79	0,00
1533	10.09.2017 23:00:20,000	5,79	0,00
1534	10.09.2017 23:00:30,000	5,79	0,00
1535	10.09.2017 23:00:40,000	5,79	0,00
1536	10.09.2017 23:00:50,000	5,79	0,00
1537	10.09.2017 23:01:00,000	5,79	0,00
1538	10.09.2017 23:01:10,000	5,79	0,00
1539	10.09.2017 23:01:20,000	5,79	0,00
1540	10.09.2017 23:01:30,000	5,79	0,00
1541	10.09.2017 23:01:40,000	5,79	0,00
1542	10.09.2017 23:01:50,000	5,79	0,00
1543	10.09.2017 23:02:00,000	5,79	0,00
1544	10.09.2017 23:02:10,000	5,79	0,00
1545	10.09.2017 23:02:20,000	5,83	0,00
1546	10.09.2017 23:02:30,000	5,83	0,00
1547	10.09.2017 23:02:40,000	5,83	0,00
1548	10.09.2017 23:02:50,000	5,83	0,00
1549	10.09.2017 23:03:00,000	5,83	0,00
1550	10.09.2017 23:03:10,000	5,83	0,00
1551	10.09.2017 23:03:20,000	5,83	0,00
1552	10.09.2017 23:03:30,000	5,83	0,00
1553	10.09.2017 23:03:40,000	5,83	0,00
1554	10.09.2017 23:03:50,000	5,83	0,00
1555	10.09.2017 23:04:00,000	5,83	0,00
1556	10.09.2017 23:04:10,000	5,83	0,00
1557	10.09.2017 23:04:20,000	5,83	0,00
1558	10.09.2017 23:04:30,000	5,83	0,00
1559	10.09.2017 23:04:40,000	5,83	0,00
1560	10.09.2017 23:04:50,000	5,83	0,00
1561	10.09.2017 23:05:00,000	5,83	0,00
1562	10.09.2017 23:05:10,000	5,83	0,00
1563	10.09.2017 23:05:20,000	5,83	0,00
1564	10.09.2017 23:05:30,000	5,83	0,00
1565	10.09.2017 23:05:40,000	5,83	0,00
1566	10.09.2017 23:05:50,000	5,83	0,00
1567	10.09.2017 23:06:00,000	5,83	0,00
1568	10.09.2017 23:06:10,000	5,83	0,00
1569	10.09.2017 23:06:20,000	5,83	0,00
1570	10.09.2017 23:06:30,000	5,83	0,00
1571	10.09.2017 23:06:40,000	5,83	0,00
1572	10.09.2017 23:06:50,000	5,83	0,00
1573	10.09.2017 23:07:00,000	5,83	0,00
1574	10.09.2017 23:07:10,000	5,83	0,00
1575	10.09.2017 23:07:20,000	5,83	0,00
1576	10.09.2017 23:07:30,000	5,83	0,00
1577	10.09.2017 23:07:40,000	5,86	0,00
1578	10.09.2017 23:07:50,000	5,86	0,00
1579	10.09.2017 23:08:00,000	5,86	0,00
1580	10.09.2017 23:08:10,000	5,86	0,00
1581	10.09.2017 23:08:20,000	5,86	0,00
1582	10.09.2017 23:08:30,000	5,86	0,00
1583	10.09.2017 23:08:40,000	5,86	0,00
1584	10.09.2017 23:08:50,000	5,86	0,00
1585	10.09.2017 23:09:00,000	5,86	0,00
1586	10.09.2017 23:09:10,000	5,86	0,00
1587	10.09.2017 23:09:20,000	5,86	0,00
1588	10.09.2017 23:09:30,000	5,86	0,00
1589	10.09.2017 23:09:40,000	5,86	0,00
1590	10.09.2017 23:09:50,000	5,86	0,00
1591	10.09.2017 23:10:00,000	5,86	0,00
1592	10.09.2017 23:10:10,000	5,86	0,00
1593	10.09.2017 23:10:20,000	5,86	0,00
1594	10.09.2017 23:10:30,000	5,86	0,00
1595	10.09.2017 23:10:40,000	5,86	0,00
1596	10.09.2017 23:10:50,000	5,86	0,00
1597	10.09.2017 23:11:00,000	5,86	0,00
1598	10.09.2017 23:11:10,000	5,86	0,00
1599	10.09.2017 23:11:20,000	5,86	0,00
1600	10.09.2017 23:11:30,000	5,86	0,00
1601	10.09.2017 23:11:40,000	5,86	0,00
1602	10.09.2017 23:11:50,000	5,86	0,00
1603	10.09.2017 23:12:00,000	5,86	0,00
1604	10.09.2017 23:12:10,000	5,86	0,00
1605	10.09.2017 23:12:20,000	5,86	0,00
1606	10.09.2017 23:12:30,000	5,86	0,00
1607	10.09.2017 23:12:40,000	5,86	0,00
1608	10.09.2017 23:12:50,000	5,86	0,00
1609	10.09.2017 23:13:00,000	5,86	0,00
1610	10.09.2017 23:13:10,000	5,90	0,00
1611	10.09.2017 23:13:20,000	5,90	0,00
1612	10.09.2017 23:13:30,000	5,90	0,00
1613	10.09.2017 23:13:40,000	5,90	0,00
1614	10.09.2017 23:13:50,000	5,90	0,00
1615	10.09.2017 23:14:00,000	5,90	0,00
1616	10.09.2017 23:14:10,000	5,90	0,00
1617	10.09.2017 23:14:20,000	5,90	0,00
1618	10.09.2017 23:14:30,000	5,90	0,00
1619	10.09.2017 23:14:40,000	5,90	0,00
1620	10.09.2017 23:14:50,000	5,90	0,00
1621	10.09.2017 23:15:00,000	5,90	0,00
1622	10.09.2017 23:15:10,000	5,90	0,00
1623	10.09.2017 23:15:20,000	5,90	0,00
1624	10.09.2017 23:15:30,000	5,90	0,00
1625	10.09.2017 23:15:40,000	5,90	0,00
1626	10.09.2017 23:15:50,000	5,90	0,00
1627	10.09.2017 23:16:00,000	5,90	0,00
1628	10.09.2017 23:16:10,000	5,90	0,00
1629	10.09.2017 23:16:20,000	5,90	0,00
1630	10.09.2017 23:16:30,000	5,90	0,00
1631	10.09.2017 23:16:40,000	5,90	0,00
1632	10.09.2017 23:16:50,000	5,90	0,00
1633	10.09.2017 23:17:00,000	5,90	0,00
1634	10.09.2017 23:17:10,000	5,90	0,00
1635	10.09.2017 23:17:20,000	5,90	0,00
1636	10.09.2017 23:17:30,000	5,90	0,00
1637	10.09.2017 23:17:40,000	5,90	0,00
1638	10.09.2017 23:17:50,000	5,90	0,00
1639	10.09.2017 23:18:00,000	5,90	0,00
1640	10.09.2017 23:18:10,000	5,90	0,00
1641	10.09.2017 23:18:20,000	5,90	0,00
1642	10.09.2017 23:18:30,000	5,90	0,00
1643	10.09.2017 23:18:40,000	5,90	0,00
1644	10.09.2017 23:18:50,000	5,90	0,00
1645	10.09.2017 23:19:00,000	5,90	0,00
1646	10.09.2017 23:19:10,000	5,90	0,00
1647	10.09.2017 23:19:20,000	5,90	0,00
1648	10.09.2017 23:19:30,000	5,90	0,00
1649	10.09.2017 23:19:40,000	5,90	0,00
1650	10.09.2017 23:19:50,000	5,90	0,00
1651	10.09.2017 23:20:00,000	5,90	0,00
1652	10.09.2017 23:20:10,000	5,90	0,00
1653	10.09.2017 23:20:20,000	5,90	0,00
1654	10.09.2017 23:20:30,000	5,90	0,00
1655	10.09.2017 23:20:40,000	5,90	0,00
1656	10.09.2017 23:20:50,000	5,90	0,00
1657	10.09.2017 23:21:00,000	5,90	0,00
1658	10.09.2017 23:21:10,000	5,90	0,00
1659	10.09.2017 23:21:20,000	5,90	0,00
1660	10.09.2017 23:21:30,000	5,90	0,00
1661	10.09.2017 23:21:40,000	5,93	0,00
1662	10.09.2017 23:21:50,000	5,93	0,00
1663	10.09.2017 23:22:00,000	5,93	0,00
1664	10.09.2017 23:22:10,000	5,93	0,00
1665	10.09.2017 23:22:20,000	5,93	0,00
1666	10.09.2017 23:22:30,000	5,93	0,00
1667	10.09.2017 23:22:40,000	5,93	0,00
1668	10.09.2017 23:22:50,000	5,93	0,00
1669	10.09.2017 23:23:00,000	5,93	0,00
1670	10.09.2017 23:23:10,000	5,93	0,00
1671	10.09.2017 23:23:20,000	5,93	0,00
1672	10.09.2017 23:23:30,000	5,93	0,00
1673	10.09.2017 23:23:40,000	5,97	0,00
1674	10.09.2017 23:23:50,000	5,97	0,00
1675	10.09.2017 23:24:00,000	5,97	0,00
1676	10.09.2017 23:24:10,000	5,97	0,00
1677	10.09.2017 23:24:20,000	5,97	0,00
1678	10.09.2017 23:24:30,000	5,97	0,00
1679	10.09.2017 23:24:40,000	5,97	0,00
1680	10.09.2017 23:24:50,000	5,97	0,00
1681	10.09.2017 23:25:00,000	5,97	0,00
1682	10.09.2017 23:25:10,000	5,97	0,00
1683	10.09.2017 23:25:20,000	5,97	0,00
1684	10.09.2017 23:25:30,000	6,00	0,00
1685	10.09.2017 23:25:40,000	6,00	0,00
1686	10.09.2017 23:25:50,000	6,00	0,00
1687	10.09.2017 23:26:00,000	6,00	0,00
1688	10.09.2017 23:26:10,000	6,00	0,00
1689	10.09.2017 23:26:20,000	6,04	0,00
1690	10.09.2017 23:26:30,000	6,04	0,00
1691	10.09.2017 23:26:40,000	6,04	0,00
1692	10.09.2017 23:26:50,000	6,04	0,00
1693	10.09.2017 23:27:00,000	6,04	0,00
1694	10.09.2017 23:27:10,000	6,07	0,00
1695	10.09.2017 23:27:20,000	6,07	0,00
1696	10.09.2017 23:27:30,000	6,07	0,00
1697	10.09.2017 23:27:40,000	6,07	0,00
1698	10.09.2017 23:27:50,000	6,11	0,00
1699	10.09.2017 23:28:00,000	6,11	0,00
1700	10.09.2017 23:28:10,000	6,11	0,00
1701	10.09.2017 23:28:20,000	6,11	0,00
1702	10.09.2017 23:28:30,000	6,15	0,00
1703	10.09.2017 23:28:40,000	6,15	0,00
1704	10.09.2017 23:28:50,000	6,15	0,00
1705	10.09.2017 23:29:00,000	6,18	0,00
1706	10.09.2017 23:29:10,000	6,18	0,00
1707	10.09.2017 23:29:20,000	6,18	0,00
1708	10.09.2017 23:29:30,000	6,22	0,00
1709	10.09.2017 23:29:40,000	6,22	0,00
1710	10.09.2017 23:29:50,000	6,22	0,00
1711	10.09.2017 23:30:00,000	6,25	0,00
1712	10.09.2017 23:30:10,000	6,25	0,00
1713	10.09.2017 23:30:20,000	6,25	0,00
1714	10.09.2017 23:30:30,000	6,29	0,00
1715	10.09.2017 23:30:40,000	6,29	0,00
1716	10.09.2017 23:30:50,000	6,29	0,00
1717	10.09.2017 23:31:00,000	6,32	0,00
1718	10.09.2017 23:31:10,000	6,32	0,00
1719	10.09.2017 23:31:20,000	6,32	0,00
1720	10.09.2017 23:31:30,000	6,36	0,00
1721	10.09.2017 23:31:40,000	6,36	0,00
1722	10.09.2017 23:31:50,000	6,39	0,00
1723	10.09.2017 23:32:00,000	6,39	0,00
1724	10.09.2017 23:32:10,000	6,39	0,00
1725	10.09.2017 23:32:20,000	6,43	0,00
1726	10.09.2017 23:32:30,000	6,43	0,00
1727	10.09.2017 23:32:40,000	6,46	0,00
1728	10.09.2017 23:32:50,000	6,46	0,00
1729	10.09.2017 23:33:00,000	6,46	0,00
1730	10.09.2017 23:33:10,000	6,50	0,00
1731	10.09.2017 23:33:20,000	6,53	0,00
1732	10.09.2017 23:33:30,000	6,53	0,00
1733	10.09.2017 23:33:40,000	6,53	0,00
1734	10.09.2017 23:33:50,000	6,53	0,00
1735	10.09.2017 23:34:00,000	6,57	0,00
1736	10.09.2017 23:34:10,000	6,57	0,00
1737	10.09.2017 23:34:20,000	6,60	0,00
1738	10.09.2017 23:34:30,000	6,60	0,00
1739	10.09.2017 23:34:40,000	6,64	0,00
1740	10.09.2017 23:34:50,000	6,64	0,00
1741	10.09.2017 23:35:00,000	6,67	0,00
1742	10.09.2017 23:35:10,000	6,67	0,00
1743	10.09.2017 23:35:20,000	6,71	0,00
1744	10.09.2017 23:35:30,000	6,71	0,00
1745	10.09.2017 23:35:40,000	6,74	0,00
1746	10.09.2017 23:35:50,000	6,74	0,00
1747	10.09.2017 23:36:00,000	6,78	0,00
1748	10.09.2017 23:36:10,000	6,78	0,00
1749	10.09.2017 23:36:20,000	6,81	0,00
1750	10.09.2017 23:36:30,000	6,81	0,00
1751	10.09.2017 23:36:40,000	6,85	0,00
1752	10.09.2017 23:36:50,000	6,85	0,00
1753	10.09.2017 23:37:00,000	6,88	0,00
1754	10.09.2017 23:37:10,000	6,92	0,00
1755	10.09.2017 23:37:20,000	6,92	0,00
1756	10.09.2017 23:37:30,000	6,95	0,00
1757	10.09.2017 23:37:40,000	6,95	0,00
1758	10.09.2017 23:37:50,000	6,99	0,00
1759	10.09.2017 23:38:00,000	6,99	0,00
1760	10.09.2017 23:38:10,000	7,02	0,00
1761	10.09.2017 23:38:20,000	7,02	0,00
1762	10.09.2017 23:38:30,000	7,06	0,00
1763	10.09.2017 23:38:40,000	7,09	0,00
1764	10.09.2017 23:38:50,000	7,09	0,00
1765	10.09.2017 23:39:00,000	7,09	0,00
1766	10.09.2017 23:39:10,000	7,13	0,00
1767	10.09.2017 23:39:20,000	7,13	0,00
1768	10.09.2017 23:39:30,000	7,16	0,00
1769	10.09.2017 23:39:40,000	7,19	0,00
1770	10.09.2017 23:39:50,000	7,19	0,00
1771	10.09.2017 23:40:00,000	7,19	0,00
1772	10.09.2017 23:40:10,000	7,23	0,00
1773	10.09.2017 23:40:20,000	7,23	0,00
1774	10.09.2017 23:40:30,000	7,26	0,00
1775	10.09.2017 23:40:40,000	7,26	0,00
1776	10.09.2017 23:40:50,000	7,30	0,00
1777	10.09.2017 23:41:00,000	7,33	0,00
1778	10.09.2017 23:41:10,000	7,37	0,00
1779	10.09.2017 23:41:20,000	7,37	0,00
1780	10.09.2017 23:41:30,000	7,40	0,00
1781	10.09.2017 23:41:40,000	7,44	0,00
1782	10.09.2017 23:41:50,000	7,47	0,00
1783	10.09.2017 23:42:00,000	7,51	0,00
1784	10.09.2017 23:42:10,000	7,54	0,00
1785	10.09.2017 23:42:20,000	7,57	0,00
1786	10.09.2017 23:42:30,000	7,61	0,00
1787	10.09.2017 23:42:40,000	7,64	0,00
1788	10.09.2017 23:42:50,000	7,68	0,00
1789	10.09.2017 23:43:00,000	7,71	0,00
1790	10.09.2017 23:43:10,000	7,75	0,00
1791	10.09.2017 23:43:20,000	7,78	0,00
1792	10.09.2017 23:43:30,000	7,85	0,00
1793	10.09.2017 23:43:40,000	7,88	0,00
1794	10.09.2017 23:43:50,000	7,92	0,00
1795	10.09.2017 23:44:00,000	7,95	0,00
1796	10.09.2017 23:44:10,000	7,99	0,00
1797	10.09.2017 23:44:20,000	7,99	0,00
1798	10.09.2017 23:44:30,000	8,05	0,00
1799	10.09.2017 23:44:40,000	9,83	0,00
1800	10.09.2017 23:44:50,000	12,61	0,00
1801	10.09.2017 23:45:00,000	14,14	0,00
1802	10.09.2017 23:45:10,000	15,83	0,00
1803	10.09.2017 23:45:20,000	16,86	0,00
1804	10.09.2017 23:45:30,000	17,61	0,00
1805	10.09.2017 23:45:40,000	17,79	0,00
1806	10.09.2017 23:45:50,000	17,81	0,00
1807	10.09.2017 23:46:00,000	17,84	0,00
1808	10.09.2017 23:46:10,000	17,87	0,00
1809	10.09.2017 23:46:20,000	17,93	0,00
1810	10.09.2017 23:46:30,000	17,96	0,00
1811	10.09.2017 23:46:40,000	18,02	0,00
1812	10.09.2017 23:46:50,000	18,08	0,00
