#B	Created:	11.09.2017 16:37:10
##	Version	SeaStar	7.49
#5	Field separation:	0
#2	Date & Time:	1
#6	Decimal point:	,
#7	Date def.:	dd.mm.yyyy	.
#8	Time def.:	:
##	Axis	0	Temperature(°C)	clRed	FALSE
##	Axis	1	Depth(m)	clBlue	TRUE
##	Series	0	Temp(°C)	clRed	0	Temp(°C)	2
##	Series	1	Depth(m)	clBlue	1	Depth(m)	2
##	Recorder	28	DST centi	8762
##	Chart	28C8762DAT	
#D	Data:	933	11.09.2017 14:00:00	11.09.2017 16:35:20
1	11.09.2017 14:00:00,000	23,58	0,91
2	11.09.2017 14:00:10,000	23,50	0,81
3	11.09.2017 14:00:20,000	23,41	0,70
4	11.09.2017 14:00:30,000	23,32	0,84
5	11.09.2017 14:00:40,000	23,24	0,74
6	11.09.2017 14:00:50,000	23,15	0,88
7	11.09.2017 14:01:00,000	23,06	0,78
8	11.09.2017 14:01:10,000	22,98	0,92
9	11.09.2017 14:01:20,000	22,89	0,82
10	11.09.2017 14:01:30,000	22,80	0,95
11	11.09.2017 14:01:40,000	22,71	1,09
12	11.09.2017 14:01:50,000	22,60	0,96
13	11.09.2017 14:02:00,000	22,51	0,85
14	11.09.2017 14:02:10,000	22,42	0,75
15	11.09.2017 14:02:20,000	22,34	0,89
16	11.09.2017 14:02:30,000	22,22	0,99
17	11.09.2017 14:02:40,000	22,13	0,89
18	11.09.2017 14:02:50,000	22,02	1,00
19	11.09.2017 14:03:00,000	21,93	1,13
20	11.09.2017 14:03:10,000	21,84	1,03
21	11.09.2017 14:03:20,000	21,73	0,89
22	11.09.2017 14:03:30,000	21,61	1,00
23	11.09.2017 14:03:40,000	21,52	0,89
24	11.09.2017 14:03:50,000	21,41	1,00
25	11.09.2017 14:04:00,000	21,29	1,10
26	11.09.2017 14:04:10,000	21,20	1,00
27	11.09.2017 14:04:20,000	21,08	0,86
28	11.09.2017 14:04:30,000	20,97	0,96
29	11.09.2017 14:04:40,000	20,88	0,86
30	11.09.2017 14:04:50,000	20,76	0,96
31	11.09.2017 14:05:00,000	20,65	0,82
32	11.09.2017 14:05:10,000	20,56	0,96
33	11.09.2017 14:05:20,000	20,44	0,82
34	11.09.2017 14:05:30,000	20,32	0,92
35	11.09.2017 14:05:40,000	20,21	1,02
36	11.09.2017 14:05:50,000	20,12	0,92
37	11.09.2017 14:06:00,000	20,03	1,06
38	11.09.2017 14:06:10,000	19,91	0,92
39	11.09.2017 14:06:20,000	19,80	1,26
40	11.09.2017 14:06:30,000	19,68	0,88
41	11.09.2017 14:06:40,000	19,59	1,26
42	11.09.2017 14:06:50,000	19,47	1,12
43	11.09.2017 14:07:00,000	19,38	1,01
44	11.09.2017 14:07:10,000	19,27	0,87
45	11.09.2017 14:07:20,000	19,15	0,97
46	11.09.2017 14:07:30,000	19,06	0,86
47	11.09.2017 14:07:40,000	18,97	0,76
48	11.09.2017 14:07:50,000	18,85	0,86
49	11.09.2017 14:08:00,000	18,73	1,20
50	11.09.2017 14:08:10,000	18,65	1,09
51	11.09.2017 14:08:20,000	18,56	1,23
52	11.09.2017 14:08:30,000	18,44	0,85
53	11.09.2017 14:08:40,000	18,35	0,98
54	11.09.2017 14:08:50,000	18,26	1,11
55	11.09.2017 14:09:00,000	18,17	1,01
56	11.09.2017 14:09:10,000	18,08	1,14
57	11.09.2017 14:09:20,000	17,96	1,00
58	11.09.2017 14:09:30,000	17,87	0,89
59	11.09.2017 14:09:40,000	17,78	1,02
60	11.09.2017 14:09:50,000	17,70	0,92
61	11.09.2017 14:10:00,000	17,61	1,05
62	11.09.2017 14:10:10,000	17,52	1,18
63	11.09.2017 14:10:20,000	17,43	1,08
64	11.09.2017 14:10:30,000	17,34	0,97
65	11.09.2017 14:10:40,000	17,22	1,07
66	11.09.2017 14:10:50,000	17,13	0,96
67	11.09.2017 14:11:00,000	17,04	1,09
68	11.09.2017 14:11:10,000	16,95	1,22
69	11.09.2017 14:11:20,000	16,86	0,87
70	11.09.2017 14:11:30,000	16,77	1,00
71	11.09.2017 14:11:40,000	16,71	1,17
72	11.09.2017 14:11:50,000	16,59	1,03
73	11.09.2017 14:12:00,000	16,50	0,92
74	11.09.2017 14:12:10,000	16,40	1,05
75	11.09.2017 14:12:20,000	16,34	0,98
76	11.09.2017 14:12:30,000	16,25	1,11
77	11.09.2017 14:12:40,000	13,18	6,99
78	11.09.2017 14:12:50,000	9,99	6,21
79	11.09.2017 14:13:00,000	8,31	4,38
80	11.09.2017 14:13:10,000	7,11	4,08
81	11.09.2017 14:13:20,000	6,19	4,15
82	11.09.2017 14:13:30,000	5,43	2,74
83	11.09.2017 14:13:40,000	4,96	2,88
84	11.09.2017 14:13:50,000	4,56	3,82
85	11.09.2017 14:14:00,000	4,04	4,63
86	11.09.2017 14:14:10,000	3,74	6,42
87	11.09.2017 14:14:20,000	3,47	6,34
88	11.09.2017 14:14:30,000	3,24	7,50
89	11.09.2017 14:14:40,000	3,13	10,01
90	11.09.2017 14:14:50,000	2,86	12,09
91	11.09.2017 14:15:00,000	2,71	14,07
92	11.09.2017 14:15:10,000	2,32	16,24
93	11.09.2017 14:15:20,000	2,01	18,75
94	11.09.2017 14:15:30,000	1,46	21,21
95	11.09.2017 14:15:40,000	0,98	23,28
96	11.09.2017 14:15:50,000	0,81	25,01
97	11.09.2017 14:16:00,000	0,69	23,42
98	11.09.2017 14:16:10,000	0,61	22,12
99	11.09.2017 14:16:20,000	0,25	21,68
100	11.09.2017 14:16:30,000	0,08	20,76
101	11.09.2017 14:16:40,000	0,04	20,47
102	11.09.2017 14:16:50,000	0,00	21,38
103	11.09.2017 14:17:00,000	0,04	23,12
104	11.09.2017 14:17:10,000	0,12	24,42
105	11.09.2017 14:17:20,000	0,20	24,76
106	11.09.2017 14:17:30,000	0,16	24,47
107	11.09.2017 14:17:40,000	0,25	24,09
108	11.09.2017 14:17:50,000	0,29	23,41
109	11.09.2017 14:18:00,000	0,29	22,93
110	11.09.2017 14:18:10,000	0,37	22,55
111	11.09.2017 14:18:20,000	0,37	21,82
112	11.09.2017 14:18:30,000	0,41	21,87
113	11.09.2017 14:18:40,000	0,45	21,68
114	11.09.2017 14:18:50,000	0,41	21,87
115	11.09.2017 14:19:00,000	0,45	22,89
116	11.09.2017 14:19:10,000	0,33	24,67
117	11.09.2017 14:19:20,000	0,20	25,48
118	11.09.2017 14:19:30,000	0,20	26,45
119	11.09.2017 14:19:40,000	0,33	27,80
120	11.09.2017 14:19:50,000	0,29	29,44
121	11.09.2017 14:20:00,000	0,20	30,54
122	11.09.2017 14:20:10,000	0,08	31,36
123	11.09.2017 14:20:20,000	0,04	31,31
124	11.09.2017 14:20:30,000	0,00	31,50
125	11.09.2017 14:20:40,000	-0,04	31,45
126	11.09.2017 14:20:50,000	-0,08	31,40
127	11.09.2017 14:21:00,000	-0,12	31,35
128	11.09.2017 14:21:10,000	-0,21	31,25
129	11.09.2017 14:21:20,000	-0,21	31,25
130	11.09.2017 14:21:30,000	-0,21	31,25
131	11.09.2017 14:21:40,000	-0,21	31,25
132	11.09.2017 14:21:50,000	-0,21	31,25
133	11.09.2017 14:22:00,000	-0,21	31,74
134	11.09.2017 14:22:10,000	-0,25	32,65
135	11.09.2017 14:22:20,000	-0,21	33,18
136	11.09.2017 14:22:30,000	-0,25	33,62
137	11.09.2017 14:22:40,000	-0,29	33,57
138	11.09.2017 14:22:50,000	-0,29	34,29
139	11.09.2017 14:23:00,000	-0,33	35,45
140	11.09.2017 14:23:10,000	-0,33	36,41
141	11.09.2017 14:23:20,000	-0,37	37,32
142	11.09.2017 14:23:30,000	-0,37	38,05
143	11.09.2017 14:23:40,000	-0,37	38,05
144	11.09.2017 14:23:50,000	-0,41	38,72
145	11.09.2017 14:24:00,000	-0,41	39,69
146	11.09.2017 14:24:10,000	-0,46	39,64
147	11.09.2017 14:24:20,000	-0,50	39,59
148	11.09.2017 14:24:30,000	-0,54	39,78
149	11.09.2017 14:24:40,000	-0,54	40,02
150	11.09.2017 14:24:50,000	-0,54	40,26
151	11.09.2017 14:25:00,000	-0,58	40,93
152	11.09.2017 14:25:10,000	-0,58	40,93
153	11.09.2017 14:25:20,000	-0,62	41,37
154	11.09.2017 14:25:30,000	-0,62	41,85
155	11.09.2017 14:25:40,000	-0,67	42,28
156	11.09.2017 14:25:50,000	-0,67	42,52
157	11.09.2017 14:26:00,000	-0,62	42,57
158	11.09.2017 14:26:10,000	-0,58	42,86
159	11.09.2017 14:26:20,000	-0,58	43,35
160	11.09.2017 14:26:30,000	-0,58	43,35
161	11.09.2017 14:26:40,000	-0,58	43,59
162	11.09.2017 14:26:50,000	-0,54	44,12
163	11.09.2017 14:27:00,000	-0,54	44,36
164	11.09.2017 14:27:10,000	-0,54	44,84
165	11.09.2017 14:27:20,000	-0,54	45,08
166	11.09.2017 14:27:30,000	-0,54	45,33
167	11.09.2017 14:27:40,000	-0,54	45,57
168	11.09.2017 14:27:50,000	-0,54	46,05
169	11.09.2017 14:28:00,000	-0,54	46,29
170	11.09.2017 14:28:10,000	-0,54	46,53
171	11.09.2017 14:28:20,000	-0,54	47,01
172	11.09.2017 14:28:30,000	-0,54	47,50
173	11.09.2017 14:28:40,000	-0,54	47,74
174	11.09.2017 14:28:50,000	-0,54	48,46
175	11.09.2017 14:29:00,000	-0,54	48,94
176	11.09.2017 14:29:10,000	-0,54	49,43
177	11.09.2017 14:29:20,000	-0,54	49,91
178	11.09.2017 14:29:30,000	-0,54	50,39
179	11.09.2017 14:29:40,000	-0,54	51,36
180	11.09.2017 14:29:50,000	-0,50	51,89
181	11.09.2017 14:30:00,000	-0,50	52,61
182	11.09.2017 14:30:10,000	-0,50	53,10
183	11.09.2017 14:30:20,000	-0,50	53,82
184	11.09.2017 14:30:30,000	-0,50	54,78
185	11.09.2017 14:30:40,000	-0,50	55,51
186	11.09.2017 14:30:50,000	-0,50	56,47
187	11.09.2017 14:31:00,000	-0,50	57,44
188	11.09.2017 14:31:10,000	-0,50	58,16
189	11.09.2017 14:31:20,000	-0,50	59,13
190	11.09.2017 14:31:30,000	-0,50	60,09
191	11.09.2017 14:31:40,000	-0,46	61,59
192	11.09.2017 14:31:50,000	-0,46	62,56
193	11.09.2017 14:32:00,000	-0,50	63,96
194	11.09.2017 14:32:10,000	-0,54	65,11
195	11.09.2017 14:32:20,000	-0,62	66,22
196	11.09.2017 14:32:30,000	-0,75	68,00
197	11.09.2017 14:32:40,000	-0,83	69,11
198	11.09.2017 14:32:50,000	-0,88	70,99
199	11.09.2017 14:33:00,000	-0,92	72,88
200	11.09.2017 14:33:10,000	-0,96	74,52
201	11.09.2017 14:33:20,000	-0,96	76,69
202	11.09.2017 14:33:30,000	-0,96	77,90
203	11.09.2017 14:33:40,000	-0,96	79,35
204	11.09.2017 14:33:50,000	-1,00	80,26
205	11.09.2017 14:34:00,000	-1,00	81,47
206	11.09.2017 14:34:10,000	-1,00	82,20
207	11.09.2017 14:34:20,000	-1,04	82,87
208	11.09.2017 14:34:30,000	-1,04	84,08
209	11.09.2017 14:34:40,000	-1,04	84,80
210	11.09.2017 14:34:50,000	-1,04	85,53
211	11.09.2017 14:35:00,000	-1,04	86,01
212	11.09.2017 14:35:10,000	-1,04	86,50
213	11.09.2017 14:35:20,000	-1,09	87,17
214	11.09.2017 14:35:30,000	-1,09	87,17
215	11.09.2017 14:35:40,000	-1,13	88,09
216	11.09.2017 14:35:50,000	-1,17	88,52
217	11.09.2017 14:36:00,000	-1,17	89,24
218	11.09.2017 14:36:10,000	-1,21	89,68
219	11.09.2017 14:36:20,000	-1,21	90,40
220	11.09.2017 14:36:30,000	-1,26	90,59
221	11.09.2017 14:36:40,000	-1,26	91,08
222	11.09.2017 14:36:50,000	-1,26	91,56
223	11.09.2017 14:37:00,000	-1,26	92,04
224	11.09.2017 14:37:10,000	-1,30	92,48
225	11.09.2017 14:37:20,000	-1,30	92,96
226	11.09.2017 14:37:30,000	-1,30	93,69
227	11.09.2017 14:37:40,000	-1,30	94,17
228	11.09.2017 14:37:50,000	-1,30	94,89
229	11.09.2017 14:38:00,000	-1,30	94,89
230	11.09.2017 14:38:10,000	-1,30	95,38
231	11.09.2017 14:38:20,000	-1,30	95,86
232	11.09.2017 14:38:30,000	-1,30	96,59
233	11.09.2017 14:38:40,000	-1,30	97,07
234	11.09.2017 14:38:50,000	-1,30	97,31
235	11.09.2017 14:39:00,000	-1,30	97,79
236	11.09.2017 14:39:10,000	-1,30	98,28
237	11.09.2017 14:39:20,000	-1,30	99,25
238	11.09.2017 14:39:30,000	-1,30	99,49
239	11.09.2017 14:39:40,000	-1,30	100,45
240	11.09.2017 14:39:50,000	-1,30	100,94
241	11.09.2017 14:40:00,000	-1,30	101,90
242	11.09.2017 14:40:10,000	-1,30	102,63
243	11.09.2017 14:40:20,000	-1,30	103,36
244	11.09.2017 14:40:30,000	-1,30	104,32
245	11.09.2017 14:40:40,000	-1,30	105,29
246	11.09.2017 14:40:50,000	-1,30	105,77
247	11.09.2017 14:41:00,000	-1,30	106,50
248	11.09.2017 14:41:10,000	-1,30	107,47
249	11.09.2017 14:41:20,000	-1,30	108,19
250	11.09.2017 14:41:30,000	-1,30	108,92
251	11.09.2017 14:41:40,000	-1,30	109,40
252	11.09.2017 14:41:50,000	-1,30	110,13
253	11.09.2017 14:42:00,000	-1,30	110,61
254	11.09.2017 14:42:10,000	-1,34	110,80
255	11.09.2017 14:42:20,000	-1,34	111,53
256	11.09.2017 14:42:30,000	-1,34	112,01
257	11.09.2017 14:42:40,000	-1,34	112,74
258	11.09.2017 14:42:50,000	-1,34	113,22
259	11.09.2017 14:43:00,000	-1,30	113,75
260	11.09.2017 14:43:10,000	-1,30	114,00
261	11.09.2017 14:43:20,000	-1,30	114,72
262	11.09.2017 14:43:30,000	-1,30	115,20
263	11.09.2017 14:43:40,000	-1,30	115,93
264	11.09.2017 14:43:50,000	-1,30	116,41
265	11.09.2017 14:44:00,000	-1,30	117,14
266	11.09.2017 14:44:10,000	-1,30	117,62
267	11.09.2017 14:44:20,000	-1,30	118,11
268	11.09.2017 14:44:30,000	-1,30	118,59
269	11.09.2017 14:44:40,000	-1,30	119,56
270	11.09.2017 14:44:50,000	-1,30	120,04
271	11.09.2017 14:45:00,000	-1,30	120,77
272	11.09.2017 14:45:10,000	-1,30	121,25
273	11.09.2017 14:45:20,000	-1,30	122,22
274	11.09.2017 14:45:30,000	-1,30	123,19
275	11.09.2017 14:45:40,000	-1,26	124,20
276	11.09.2017 14:45:50,000	-1,21	125,22
277	11.09.2017 14:46:00,000	-1,21	126,19
278	11.09.2017 14:46:10,000	-1,21	127,16
279	11.09.2017 14:46:20,000	-1,21	128,37
280	11.09.2017 14:46:30,000	-1,13	129,44
281	11.09.2017 14:46:40,000	-1,13	130,89
282	11.09.2017 14:46:50,000	-1,13	132,10
283	11.09.2017 14:47:00,000	-1,09	133,36
284	11.09.2017 14:47:10,000	-1,04	134,86
285	11.09.2017 14:47:20,000	-1,04	135,83
286	11.09.2017 14:47:30,000	-1,00	137,09
287	11.09.2017 14:47:40,000	-1,00	138,54
288	11.09.2017 14:47:50,000	-0,96	139,56
289	11.09.2017 14:48:00,000	-0,96	141,25
290	11.09.2017 14:48:10,000	-0,96	141,98
291	11.09.2017 14:48:20,000	-0,92	143,00
292	11.09.2017 14:48:30,000	-0,88	144,26
293	11.09.2017 14:48:40,000	-0,83	145,03
294	11.09.2017 14:48:50,000	-0,83	145,52
295	11.09.2017 14:49:00,000	-0,83	145,76
296	11.09.2017 14:49:10,000	-0,83	145,76
297	11.09.2017 14:49:20,000	-0,83	145,52
298	11.09.2017 14:49:30,000	-0,83	145,27
299	11.09.2017 14:49:40,000	-0,83	145,03
300	11.09.2017 14:49:50,000	-0,83	144,79
301	11.09.2017 14:50:00,000	-0,83	144,55
302	11.09.2017 14:50:10,000	-0,83	144,06
303	11.09.2017 14:50:20,000	-0,83	143,34
304	11.09.2017 14:50:30,000	-0,83	143,34
305	11.09.2017 14:50:40,000	-0,83	142,61
306	11.09.2017 14:50:50,000	-0,83	142,37
307	11.09.2017 14:51:00,000	-0,83	141,89
308	11.09.2017 14:51:10,000	-0,88	141,11
309	11.09.2017 14:51:20,000	-0,88	140,63
310	11.09.2017 14:51:30,000	-0,88	139,90
311	11.09.2017 14:51:40,000	-0,88	139,66
312	11.09.2017 14:51:50,000	-0,88	138,93
313	11.09.2017 14:52:00,000	-0,92	138,40
314	11.09.2017 14:52:10,000	-0,92	137,91
315	11.09.2017 14:52:20,000	-0,92	137,43
316	11.09.2017 14:52:30,000	-0,96	136,65
317	11.09.2017 14:52:40,000	-0,96	136,17
318	11.09.2017 14:52:50,000	-0,96	135,44
319	11.09.2017 14:53:00,000	-0,96	134,96
320	11.09.2017 14:53:10,000	-0,96	134,48
321	11.09.2017 14:53:20,000	-0,96	133,99
322	11.09.2017 14:53:30,000	-0,96	133,27
323	11.09.2017 14:53:40,000	-0,96	133,02
324	11.09.2017 14:53:50,000	-1,00	132,01
325	11.09.2017 14:54:00,000	-1,00	131,52
326	11.09.2017 14:54:10,000	-1,00	130,80
327	11.09.2017 14:54:20,000	-1,04	130,50
328	11.09.2017 14:54:30,000	-1,04	129,78
329	11.09.2017 14:54:40,000	-1,09	129,24
330	11.09.2017 14:54:50,000	-1,09	128,76
331	11.09.2017 14:55:00,000	-1,13	128,23
332	11.09.2017 14:55:10,000	-1,13	127,74
333	11.09.2017 14:55:20,000	-1,13	127,26
334	11.09.2017 14:55:30,000	-1,13	126,78
335	11.09.2017 14:55:40,000	-1,17	126,48
336	11.09.2017 14:55:50,000	-1,17	126,00
337	11.09.2017 14:56:00,000	-1,21	125,46
338	11.09.2017 14:56:10,000	-1,21	124,98
339	11.09.2017 14:56:20,000	-1,21	124,50
340	11.09.2017 14:56:30,000	-1,17	124,31
341	11.09.2017 14:56:40,000	-1,17	124,06
342	11.09.2017 14:56:50,000	-1,17	123,82
343	11.09.2017 14:57:00,000	-1,17	123,58
344	11.09.2017 14:57:10,000	-1,17	123,34
345	11.09.2017 14:57:20,000	-1,17	123,10
346	11.09.2017 14:57:30,000	-1,21	123,05
347	11.09.2017 14:57:40,000	-1,21	123,05
348	11.09.2017 14:57:50,000	-1,21	122,80
349	11.09.2017 14:58:00,000	-1,21	123,05
350	11.09.2017 14:58:10,000	-1,21	123,05
351	11.09.2017 14:58:20,000	-1,21	123,53
352	11.09.2017 14:58:30,000	-1,21	123,77
353	11.09.2017 14:58:40,000	-1,21	124,01
354	11.09.2017 14:58:50,000	-1,21	124,74
355	11.09.2017 14:59:00,000	-1,21	125,71
356	11.09.2017 14:59:10,000	-1,21	126,19
357	11.09.2017 14:59:20,000	-1,17	126,72
358	11.09.2017 14:59:30,000	-1,17	127,21
359	11.09.2017 14:59:40,000	-1,17	127,93
360	11.09.2017 14:59:50,000	-1,17	128,42
361	11.09.2017 15:00:00,000	-1,17	128,90
362	11.09.2017 15:00:10,000	-1,13	129,44
363	11.09.2017 15:00:20,000	-1,13	129,92
364	11.09.2017 15:00:30,000	-1,13	130,40
365	11.09.2017 15:00:40,000	-1,13	131,13
366	11.09.2017 15:00:50,000	-1,09	131,91
367	11.09.2017 15:01:00,000	-1,09	132,39
368	11.09.2017 15:01:10,000	-1,09	133,12
369	11.09.2017 15:01:20,000	-1,09	133,60
370	11.09.2017 15:01:30,000	-1,09	134,33
371	11.09.2017 15:01:40,000	-1,04	135,10
372	11.09.2017 15:01:50,000	-1,04	135,83
373	11.09.2017 15:02:00,000	-1,04	136,31
374	11.09.2017 15:02:10,000	-1,04	137,04
375	11.09.2017 15:02:20,000	-1,04	137,52
376	11.09.2017 15:02:30,000	-1,00	138,54
377	11.09.2017 15:02:40,000	-0,96	139,07
378	11.09.2017 15:02:50,000	-0,96	139,80
379	11.09.2017 15:03:00,000	-0,96	140,77
380	11.09.2017 15:03:10,000	-0,92	141,79
381	11.09.2017 15:03:20,000	-0,92	142,03
382	11.09.2017 15:03:30,000	-0,88	142,56
383	11.09.2017 15:03:40,000	-0,88	143,05
384	11.09.2017 15:03:50,000	-0,88	143,29
385	11.09.2017 15:04:00,000	-0,88	143,77
386	11.09.2017 15:04:10,000	-0,83	144,31
387	11.09.2017 15:04:20,000	-0,83	144,79
388	11.09.2017 15:04:30,000	-0,79	145,33
389	11.09.2017 15:04:40,000	-0,79	145,57
390	11.09.2017 15:04:50,000	-0,75	145,86
391	11.09.2017 15:05:00,000	-0,75	146,34
392	11.09.2017 15:05:10,000	-0,75	146,59
393	11.09.2017 15:05:20,000	-0,75	147,07
394	11.09.2017 15:05:30,000	-0,71	147,85
395	11.09.2017 15:05:40,000	-0,71	148,33
396	11.09.2017 15:05:50,000	-0,71	148,81
397	11.09.2017 15:06:00,000	-0,71	149,54
398	11.09.2017 15:06:10,000	-0,71	149,78
399	11.09.2017 15:06:20,000	-0,71	150,51
400	11.09.2017 15:06:30,000	-0,71	150,99
401	11.09.2017 15:06:40,000	-0,71	151,48
402	11.09.2017 15:06:50,000	-0,71	152,20
403	11.09.2017 15:07:00,000	-0,71	152,44
404	11.09.2017 15:07:10,000	-0,67	152,98
405	11.09.2017 15:07:20,000	-0,67	153,46
406	11.09.2017 15:07:30,000	-0,62	154,00
407	11.09.2017 15:07:40,000	-0,62	154,24
408	11.09.2017 15:07:50,000	-0,62	154,96
409	11.09.2017 15:08:00,000	-0,58	155,50
410	11.09.2017 15:08:10,000	-0,58	155,26
411	11.09.2017 15:08:20,000	-0,58	155,98
412	11.09.2017 15:08:30,000	-0,54	156,52
413	11.09.2017 15:08:40,000	-0,54	156,76
414	11.09.2017 15:08:50,000	-0,54	157,24
415	11.09.2017 15:09:00,000	-0,50	157,78
416	11.09.2017 15:09:10,000	-0,50	158,02
417	11.09.2017 15:09:20,000	-0,46	158,55
418	11.09.2017 15:09:30,000	-0,46	159,28
419	11.09.2017 15:09:40,000	-0,46	159,52
420	11.09.2017 15:09:50,000	-0,46	160,01
421	11.09.2017 15:10:00,000	-0,41	160,54
422	11.09.2017 15:10:10,000	-0,41	161,02
423	11.09.2017 15:10:20,000	-0,41	161,51
424	11.09.2017 15:10:30,000	-0,41	161,75
425	11.09.2017 15:10:40,000	-0,41	162,23
426	11.09.2017 15:10:50,000	-0,41	162,48
427	11.09.2017 15:11:00,000	-0,37	162,53
428	11.09.2017 15:11:10,000	-0,37	163,01
429	11.09.2017 15:11:20,000	-0,37	163,01
430	11.09.2017 15:11:30,000	-0,37	163,25
431	11.09.2017 15:11:40,000	-0,37	163,25
432	11.09.2017 15:11:50,000	-0,37	163,25
433	11.09.2017 15:12:00,000	-0,37	163,74
434	11.09.2017 15:12:10,000	-0,33	164,27
435	11.09.2017 15:12:20,000	-0,33	164,76
436	11.09.2017 15:12:30,000	-0,33	165,24
437	11.09.2017 15:12:40,000	-0,33	165,97
438	11.09.2017 15:12:50,000	-0,29	166,74
439	11.09.2017 15:13:00,000	-0,29	167,71
440	11.09.2017 15:13:10,000	-0,29	168,44
441	11.09.2017 15:13:20,000	-0,29	169,41
442	11.09.2017 15:13:30,000	-0,25	170,18
443	11.09.2017 15:13:40,000	-0,25	171,15
444	11.09.2017 15:13:50,000	-0,25	171,88
445	11.09.2017 15:14:00,000	-0,25	172,84
446	11.09.2017 15:14:10,000	-0,21	173,86
447	11.09.2017 15:14:20,000	-0,21	175,07
448	11.09.2017 15:14:30,000	-0,17	176,09
449	11.09.2017 15:14:40,000	-0,12	177,35
450	11.09.2017 15:14:50,000	-0,12	178,80
451	11.09.2017 15:15:00,000	-0,12	179,53
452	11.09.2017 15:15:10,000	-0,08	180,79
453	11.09.2017 15:15:20,000	-0,08	181,76
454	11.09.2017 15:15:30,000	-0,08	182,49
455	11.09.2017 15:15:40,000	-0,04	183,26
456	11.09.2017 15:15:50,000	-0,04	184,23
457	11.09.2017 15:16:00,000	-0,04	184,96
458	11.09.2017 15:16:10,000	-0,04	185,68
459	11.09.2017 15:16:20,000	0,00	186,46
460	11.09.2017 15:16:30,000	0,00	187,43
461	11.09.2017 15:16:40,000	0,00	188,15
462	11.09.2017 15:16:50,000	0,00	188,88
463	11.09.2017 15:17:00,000	0,00	189,61
464	11.09.2017 15:17:10,000	0,04	190,38
465	11.09.2017 15:17:20,000	0,04	191,11
466	11.09.2017 15:17:30,000	0,04	191,84
467	11.09.2017 15:17:40,000	0,04	192,56
468	11.09.2017 15:17:50,000	0,04	193,05
469	11.09.2017 15:18:00,000	0,04	193,77
470	11.09.2017 15:18:10,000	0,04	194,26
471	11.09.2017 15:18:20,000	0,08	195,03
472	11.09.2017 15:18:30,000	0,08	195,76
473	11.09.2017 15:18:40,000	0,08	196,49
474	11.09.2017 15:18:50,000	0,08	196,97
475	11.09.2017 15:19:00,000	0,08	197,46
476	11.09.2017 15:19:10,000	0,12	198,47
477	11.09.2017 15:19:20,000	0,12	198,72
478	11.09.2017 15:19:30,000	0,12	199,20
479	11.09.2017 15:19:40,000	0,12	199,93
480	11.09.2017 15:19:50,000	0,12	200,41
481	11.09.2017 15:20:00,000	0,12	201,14
482	11.09.2017 15:20:10,000	0,12	201,86
483	11.09.2017 15:20:20,000	0,12	202,35
484	11.09.2017 15:20:30,000	0,16	202,88
485	11.09.2017 15:20:40,000	0,16	203,37
486	11.09.2017 15:20:50,000	0,16	203,85
487	11.09.2017 15:21:00,000	0,16	204,34
488	11.09.2017 15:21:10,000	0,16	205,30
489	11.09.2017 15:21:20,000	0,16	205,79
490	11.09.2017 15:21:30,000	0,16	206,27
491	11.09.2017 15:21:40,000	0,16	207,00
492	11.09.2017 15:21:50,000	0,16	207,48
493	11.09.2017 15:22:00,000	0,16	207,97
494	11.09.2017 15:22:10,000	0,16	208,45
495	11.09.2017 15:22:20,000	0,20	208,99
496	11.09.2017 15:22:30,000	0,20	209,47
497	11.09.2017 15:22:40,000	0,20	209,95
498	11.09.2017 15:22:50,000	0,20	210,20
499	11.09.2017 15:23:00,000	0,20	210,92
500	11.09.2017 15:23:10,000	0,20	211,17
501	11.09.2017 15:23:20,000	0,20	211,65
502	11.09.2017 15:23:30,000	0,20	212,13
503	11.09.2017 15:23:40,000	0,20	212,13
504	11.09.2017 15:23:50,000	0,20	212,62
505	11.09.2017 15:24:00,000	0,20	213,10
506	11.09.2017 15:24:10,000	0,20	213,59
507	11.09.2017 15:24:20,000	0,20	213,83
508	11.09.2017 15:24:30,000	0,20	214,31
509	11.09.2017 15:24:40,000	0,20	214,80
510	11.09.2017 15:24:50,000	0,20	215,04
511	11.09.2017 15:25:00,000	0,25	215,33
512	11.09.2017 15:25:10,000	0,25	215,82
513	11.09.2017 15:25:20,000	0,25	216,30
514	11.09.2017 15:25:30,000	0,25	216,79
515	11.09.2017 15:25:40,000	0,25	217,27
516	11.09.2017 15:25:50,000	0,25	217,75
517	11.09.2017 15:26:00,000	0,25	218,72
518	11.09.2017 15:26:10,000	0,25	219,45
519	11.09.2017 15:26:20,000	0,25	220,18
520	11.09.2017 15:26:30,000	0,29	221,19
521	11.09.2017 15:26:40,000	0,29	222,16
522	11.09.2017 15:26:50,000	0,29	222,89
523	11.09.2017 15:27:00,000	0,29	223,86
524	11.09.2017 15:27:10,000	0,29	224,58
525	11.09.2017 15:27:20,000	0,33	225,60
526	11.09.2017 15:27:30,000	0,33	226,33
527	11.09.2017 15:27:40,000	0,33	227,54
528	11.09.2017 15:27:50,000	0,33	228,02
529	11.09.2017 15:28:00,000	0,33	228,99
530	11.09.2017 15:28:10,000	0,33	229,72
531	11.09.2017 15:28:20,000	0,33	230,45
532	11.09.2017 15:28:30,000	0,33	231,17
533	11.09.2017 15:28:40,000	0,33	232,14
534	11.09.2017 15:28:50,000	0,37	232,68
535	11.09.2017 15:29:00,000	0,37	233,16
536	11.09.2017 15:29:10,000	0,37	233,89
537	11.09.2017 15:29:20,000	0,37	234,61
538	11.09.2017 15:29:30,000	0,37	235,10
539	11.09.2017 15:29:40,000	0,37	235,58
540	11.09.2017 15:29:50,000	0,37	236,07
541	11.09.2017 15:30:00,000	0,37	236,31
542	11.09.2017 15:30:10,000	0,37	236,31
543	11.09.2017 15:30:20,000	0,37	236,55
544	11.09.2017 15:30:30,000	0,37	236,79
545	11.09.2017 15:30:40,000	0,37	236,79
546	11.09.2017 15:30:50,000	0,37	236,55
547	11.09.2017 15:31:00,000	0,37	236,55
548	11.09.2017 15:31:10,000	0,37	236,31
549	11.09.2017 15:31:20,000	0,37	236,07
550	11.09.2017 15:31:30,000	0,37	235,58
551	11.09.2017 15:31:40,000	0,37	235,58
552	11.09.2017 15:31:50,000	0,37	234,85
553	11.09.2017 15:32:00,000	0,37	234,61
554	11.09.2017 15:32:10,000	0,37	233,89
555	11.09.2017 15:32:20,000	0,37	233,40
556	11.09.2017 15:32:30,000	0,37	232,92
557	11.09.2017 15:32:40,000	0,37	232,19
558	11.09.2017 15:32:50,000	0,37	231,46
559	11.09.2017 15:33:00,000	0,37	230,50
560	11.09.2017 15:33:10,000	0,37	230,01
561	11.09.2017 15:33:20,000	0,37	228,80
562	11.09.2017 15:33:30,000	0,33	227,78
563	11.09.2017 15:33:40,000	0,33	226,81
564	11.09.2017 15:33:50,000	0,33	225,84
565	11.09.2017 15:34:00,000	0,33	224,39
566	11.09.2017 15:34:10,000	0,33	222,94
567	11.09.2017 15:34:20,000	0,33	221,73
568	11.09.2017 15:34:30,000	0,33	220,03
569	11.09.2017 15:34:40,000	0,33	218,58
570	11.09.2017 15:34:50,000	0,29	216,83
571	11.09.2017 15:35:00,000	0,29	215,38
572	11.09.2017 15:35:10,000	0,29	213,69
573	11.09.2017 15:35:20,000	0,29	211,99
574	11.09.2017 15:35:30,000	0,25	210,25
575	11.09.2017 15:35:40,000	0,25	208,79
576	11.09.2017 15:35:50,000	0,20	207,29
577	11.09.2017 15:36:00,000	0,20	205,35
578	11.09.2017 15:36:10,000	0,16	204,09
579	11.09.2017 15:36:20,000	0,16	202,40
580	11.09.2017 15:36:30,000	0,12	201,14
581	11.09.2017 15:36:40,000	0,12	199,20
582	11.09.2017 15:36:50,000	0,12	197,99
583	11.09.2017 15:37:00,000	0,12	196,29
584	11.09.2017 15:37:10,000	0,12	194,60
585	11.09.2017 15:37:20,000	0,08	193,10
586	11.09.2017 15:37:30,000	0,08	191,40
587	11.09.2017 15:37:40,000	0,08	189,95
588	11.09.2017 15:37:50,000	0,08	188,50
589	11.09.2017 15:38:00,000	0,04	186,75
590	11.09.2017 15:38:10,000	0,04	185,30
591	11.09.2017 15:38:20,000	0,04	184,33
592	11.09.2017 15:38:30,000	0,00	183,31
593	11.09.2017 15:38:40,000	0,00	182,10
594	11.09.2017 15:38:50,000	0,00	181,37
595	11.09.2017 15:39:00,000	-0,04	180,84
596	11.09.2017 15:39:10,000	-0,04	180,11
597	11.09.2017 15:39:20,000	-0,08	179,82
598	11.09.2017 15:39:30,000	-0,08	179,10
599	11.09.2017 15:39:40,000	-0,08	178,85
600	11.09.2017 15:39:50,000	-0,08	178,37
601	11.09.2017 15:40:00,000	-0,08	178,13
602	11.09.2017 15:40:10,000	-0,08	177,89
603	11.09.2017 15:40:20,000	-0,08	177,64
604	11.09.2017 15:40:30,000	-0,08	177,40
605	11.09.2017 15:40:40,000	-0,08	177,16
606	11.09.2017 15:40:50,000	-0,08	177,16
607	11.09.2017 15:41:00,000	-0,08	176,92
608	11.09.2017 15:41:10,000	-0,08	176,68
609	11.09.2017 15:41:20,000	-0,08	176,68
610	11.09.2017 15:41:30,000	-0,08	176,43
611	11.09.2017 15:41:40,000	-0,08	176,43
612	11.09.2017 15:41:50,000	-0,08	176,43
613	11.09.2017 15:42:00,000	-0,08	176,19
614	11.09.2017 15:42:10,000	-0,08	176,19
615	11.09.2017 15:42:20,000	-0,08	176,19
616	11.09.2017 15:42:30,000	-0,08	176,19
617	11.09.2017 15:42:40,000	-0,08	176,43
618	11.09.2017 15:42:50,000	-0,08	176,43
619	11.09.2017 15:43:00,000	-0,08	176,19
620	11.09.2017 15:43:10,000	-0,08	176,43
621	11.09.2017 15:43:20,000	-0,08	176,43
622	11.09.2017 15:43:30,000	-0,08	176,43
623	11.09.2017 15:43:40,000	-0,08	176,19
624	11.09.2017 15:43:50,000	-0,08	175,95
625	11.09.2017 15:44:00,000	-0,08	175,71
626	11.09.2017 15:44:10,000	-0,08	175,71
627	11.09.2017 15:44:20,000	-0,08	175,46
628	11.09.2017 15:44:30,000	-0,08	174,98
629	11.09.2017 15:44:40,000	-0,12	174,45
630	11.09.2017 15:44:50,000	-0,12	174,20
631	11.09.2017 15:45:00,000	-0,12	173,96
632	11.09.2017 15:45:10,000	-0,17	173,43
633	11.09.2017 15:45:20,000	-0,17	172,94
634	11.09.2017 15:45:30,000	-0,17	172,46
635	11.09.2017 15:45:40,000	-0,17	171,98
636	11.09.2017 15:45:50,000	-0,17	171,25
637	11.09.2017 15:46:00,000	-0,17	170,28
638	11.09.2017 15:46:10,000	-0,17	169,55
639	11.09.2017 15:46:20,000	-0,17	169,07
640	11.09.2017 15:46:30,000	-0,17	168,10
641	11.09.2017 15:46:40,000	-0,21	167,33
642	11.09.2017 15:46:50,000	-0,21	166,60
643	11.09.2017 15:47:00,000	-0,21	165,39
644	11.09.2017 15:47:10,000	-0,21	164,42
645	11.09.2017 15:47:20,000	-0,21	163,45
646	11.09.2017 15:47:30,000	-0,25	162,43
647	11.09.2017 15:47:40,000	-0,25	161,22
648	11.09.2017 15:47:50,000	-0,29	159,96
649	11.09.2017 15:48:00,000	-0,29	158,75
650	11.09.2017 15:48:10,000	-0,29	157,54
651	11.09.2017 15:48:20,000	-0,29	156,09
652	11.09.2017 15:48:30,000	-0,33	154,35
653	11.09.2017 15:48:40,000	-0,33	153,14
654	11.09.2017 15:48:50,000	-0,37	151,63
655	11.09.2017 15:49:00,000	-0,41	150,13
656	11.09.2017 15:49:10,000	-0,41	148,44
657	11.09.2017 15:49:20,000	-0,46	147,18
658	11.09.2017 15:49:30,000	-0,46	145,73
659	11.09.2017 15:49:40,000	-0,50	143,98
660	11.09.2017 15:49:50,000	-0,54	142,48
661	11.09.2017 15:50:00,000	-0,54	140,54
662	11.09.2017 15:50:10,000	-0,54	138,85
663	11.09.2017 15:50:20,000	-0,58	137,35
664	11.09.2017 15:50:30,000	-0,62	135,36
665	11.09.2017 15:50:40,000	-0,67	133,86
666	11.09.2017 15:50:50,000	-0,71	132,36
667	11.09.2017 15:51:00,000	-0,71	130,18
668	11.09.2017 15:51:10,000	-0,79	128,63
669	11.09.2017 15:51:20,000	-0,79	126,69
670	11.09.2017 15:51:30,000	-0,88	124,66
671	11.09.2017 15:51:40,000	-0,92	122,91
672	11.09.2017 15:51:50,000	-0,92	120,74
673	11.09.2017 15:52:00,000	-0,96	118,75
674	11.09.2017 15:52:10,000	-0,96	116,33
675	11.09.2017 15:52:20,000	-1,04	114,30
676	11.09.2017 15:52:30,000	-1,09	112,07
677	11.09.2017 15:52:40,000	-1,13	110,09
678	11.09.2017 15:52:50,000	-1,17	107,86
679	11.09.2017 15:53:00,000	-1,26	105,34
680	11.09.2017 15:53:10,000	-1,26	102,92
681	11.09.2017 15:53:20,000	-1,26	100,50
682	11.09.2017 15:53:30,000	-1,30	98,04
683	11.09.2017 15:53:40,000	-1,26	95,19
684	11.09.2017 15:53:50,000	-1,30	92,24
685	11.09.2017 15:54:00,000	-1,34	89,28
686	11.09.2017 15:54:10,000	-1,34	86,14
687	11.09.2017 15:54:20,000	-1,30	82,81
688	11.09.2017 15:54:30,000	-1,30	79,67
689	11.09.2017 15:54:40,000	-1,30	76,77
690	11.09.2017 15:54:50,000	-1,26	73,92
691	11.09.2017 15:55:00,000	-1,26	71,51
692	11.09.2017 15:55:10,000	-1,26	69,09
693	11.09.2017 15:55:20,000	-1,21	67,21
694	11.09.2017 15:55:30,000	-1,21	65,28
695	11.09.2017 15:55:40,000	-1,17	63,64
696	11.09.2017 15:55:50,000	-1,13	62,48
697	11.09.2017 15:56:00,000	-1,09	61,08
698	11.09.2017 15:56:10,000	-1,04	59,69
699	11.09.2017 15:56:20,000	-1,00	58,77
700	11.09.2017 15:56:30,000	-0,96	58,10
701	11.09.2017 15:56:40,000	-0,96	57,13
702	11.09.2017 15:56:50,000	-0,92	56,22
703	11.09.2017 15:57:00,000	-0,88	55,30
704	11.09.2017 15:57:10,000	-0,83	54,63
705	11.09.2017 15:57:20,000	-0,79	53,47
706	11.09.2017 15:57:30,000	-0,75	53,04
707	11.09.2017 15:57:40,000	-0,71	52,12
708	11.09.2017 15:57:50,000	-0,67	51,21
709	11.09.2017 15:58:00,000	-0,62	50,29
710	11.09.2017 15:58:10,000	-0,58	49,38
711	11.09.2017 15:58:20,000	-0,54	48,22
712	11.09.2017 15:58:30,000	-0,50	47,30
713	11.09.2017 15:58:40,000	-0,46	46,39
714	11.09.2017 15:58:50,000	-0,46	45,67
715	11.09.2017 15:59:00,000	-0,41	44,75
716	11.09.2017 15:59:10,000	-0,41	44,03
717	11.09.2017 15:59:20,000	-0,37	43,11
718	11.09.2017 15:59:30,000	-0,37	42,39
719	11.09.2017 15:59:40,000	-0,37	41,66
720	11.09.2017 15:59:50,000	-0,29	41,04
721	11.09.2017 16:00:00,000	-0,29	40,32
722	11.09.2017 16:00:10,000	-0,17	39,74
723	11.09.2017 16:00:20,000	-0,04	39,41
724	11.09.2017 16:00:30,000	0,04	38,78
725	11.09.2017 16:00:40,000	0,08	37,87
726	11.09.2017 16:00:50,000	0,20	37,29
727	11.09.2017 16:01:00,000	0,20	36,57
728	11.09.2017 16:01:10,000	0,20	36,09
729	11.09.2017 16:01:20,000	0,20	35,61
730	11.09.2017 16:01:30,000	0,16	34,83
731	11.09.2017 16:01:40,000	0,08	34,25
732	11.09.2017 16:01:50,000	0,04	33,48
733	11.09.2017 16:02:00,000	0,00	32,95
734	11.09.2017 16:02:10,000	-0,12	32,32
735	11.09.2017 16:02:20,000	-0,25	31,93
736	11.09.2017 16:02:30,000	-0,25	31,21
737	11.09.2017 16:02:40,000	-0,29	30,43
738	11.09.2017 16:02:50,000	-0,29	29,95
739	11.09.2017 16:03:00,000	-0,25	29,52
740	11.09.2017 16:03:10,000	-0,17	28,65
741	11.09.2017 16:03:20,000	-0,12	28,46
742	11.09.2017 16:03:30,000	-0,12	28,46
743	11.09.2017 16:03:40,000	-0,12	28,70
744	11.09.2017 16:03:50,000	-0,12	28,94
745	11.09.2017 16:04:00,000	-0,17	29,38
746	11.09.2017 16:04:10,000	-0,21	30,05
747	11.09.2017 16:04:20,000	-0,29	30,43
748	11.09.2017 16:04:30,000	-0,29	30,91
749	11.09.2017 16:04:40,000	-0,33	31,83
750	11.09.2017 16:04:50,000	-0,33	32,55
751	11.09.2017 16:05:00,000	-0,33	33,28
752	11.09.2017 16:05:10,000	-0,33	33,76
753	11.09.2017 16:05:20,000	-0,25	34,10
754	11.09.2017 16:05:30,000	-0,12	34,25
755	11.09.2017 16:05:40,000	-0,08	34,30
756	11.09.2017 16:05:50,000	-0,04	34,35
757	11.09.2017 16:06:00,000	0,00	34,15
758	11.09.2017 16:06:10,000	-0,04	33,86
759	11.09.2017 16:06:20,000	-0,08	33,81
760	11.09.2017 16:06:30,000	-0,25	33,62
761	11.09.2017 16:06:40,000	-0,33	32,79
762	11.09.2017 16:06:50,000	-0,37	31,78
763	11.09.2017 16:07:00,000	-0,37	31,30
764	11.09.2017 16:07:10,000	-0,37	30,82
765	11.09.2017 16:07:20,000	-0,33	30,14
766	11.09.2017 16:07:30,000	-0,33	29,42
767	11.09.2017 16:07:40,000	-0,29	29,23
768	11.09.2017 16:07:50,000	-0,29	29,23
769	11.09.2017 16:08:00,000	-0,29	29,71
770	11.09.2017 16:08:10,000	-0,29	29,95
771	11.09.2017 16:08:20,000	-0,33	30,38
772	11.09.2017 16:08:30,000	-0,33	30,62
773	11.09.2017 16:08:40,000	-0,37	30,57
774	11.09.2017 16:08:50,000	-0,37	30,57
775	11.09.2017 16:09:00,000	-0,37	30,57
776	11.09.2017 16:09:10,000	-0,37	30,33
777	11.09.2017 16:09:20,000	-0,37	29,85
778	11.09.2017 16:09:30,000	-0,37	29,85
779	11.09.2017 16:09:40,000	-0,37	29,85
780	11.09.2017 16:09:50,000	-0,37	29,61
781	11.09.2017 16:10:00,000	-0,37	29,61
782	11.09.2017 16:10:10,000	-0,37	29,61
783	11.09.2017 16:10:20,000	-0,37	29,61
784	11.09.2017 16:10:30,000	-0,37	29,37
785	11.09.2017 16:10:40,000	-0,37	29,37
786	11.09.2017 16:10:50,000	-0,37	29,37
787	11.09.2017 16:11:00,000	-0,37	29,37
788	11.09.2017 16:11:10,000	-0,37	29,13
789	11.09.2017 16:11:20,000	-0,37	28,89
790	11.09.2017 16:11:30,000	-0,33	28,21
791	11.09.2017 16:11:40,000	-0,33	27,49
792	11.09.2017 16:11:50,000	-0,29	26,58
793	11.09.2017 16:12:00,000	-0,29	25,85
794	11.09.2017 16:12:10,000	-0,25	25,18
795	11.09.2017 16:12:20,000	-0,21	24,75
796	11.09.2017 16:12:30,000	-0,12	23,88
797	11.09.2017 16:12:40,000	0,04	23,12
798	11.09.2017 16:12:50,000	0,00	22,59
799	11.09.2017 16:13:00,000	0,00	22,10
800	11.09.2017 16:13:10,000	0,04	21,67
801	11.09.2017 16:13:20,000	0,12	21,05
802	11.09.2017 16:13:30,000	0,16	20,86
803	11.09.2017 16:13:40,000	0,12	20,32
804	11.09.2017 16:13:50,000	0,12	20,57
805	11.09.2017 16:14:00,000	0,12	20,81
806	11.09.2017 16:14:10,000	0,16	21,10
807	11.09.2017 16:14:20,000	0,20	21,39
808	11.09.2017 16:14:30,000	0,20	21,63
809	11.09.2017 16:14:40,000	0,12	22,01
810	11.09.2017 16:14:50,000	0,08	21,72
811	11.09.2017 16:15:00,000	0,08	21,48
812	11.09.2017 16:15:10,000	0,16	20,86
813	11.09.2017 16:15:20,000	0,20	20,66
814	11.09.2017 16:15:30,000	0,16	20,13
815	11.09.2017 16:15:40,000	0,16	19,41
816	11.09.2017 16:15:50,000	0,16	19,41
817	11.09.2017 16:16:00,000	0,12	19,60
818	11.09.2017 16:16:10,000	0,16	19,89
819	11.09.2017 16:16:20,000	0,20	20,18
820	11.09.2017 16:16:30,000	0,20	19,94
821	11.09.2017 16:16:40,000	0,20	19,94
822	11.09.2017 16:16:50,000	0,16	19,89
823	11.09.2017 16:17:00,000	0,16	19,65
824	11.09.2017 16:17:10,000	0,16	19,41
825	11.09.2017 16:17:20,000	0,16	18,93
826	11.09.2017 16:17:30,000	0,12	18,64
827	11.09.2017 16:17:40,000	0,12	18,88
828	11.09.2017 16:17:50,000	0,12	19,12
829	11.09.2017 16:18:00,000	0,12	18,64
830	11.09.2017 16:18:10,000	0,12	18,64
831	11.09.2017 16:18:20,000	0,12	18,40
832	11.09.2017 16:18:30,000	0,16	18,69
833	11.09.2017 16:18:40,000	0,12	18,88
834	11.09.2017 16:18:50,000	0,12	18,88
835	11.09.2017 16:19:00,000	0,12	18,64
836	11.09.2017 16:19:10,000	0,12	18,40
837	11.09.2017 16:19:20,000	0,12	18,64
838	11.09.2017 16:19:30,000	0,12	18,88
839	11.09.2017 16:19:40,000	0,12	19,36
840	11.09.2017 16:19:50,000	0,04	19,26
841	11.09.2017 16:20:00,000	0,00	19,45
842	11.09.2017 16:20:10,000	-0,04	19,40
843	11.09.2017 16:20:20,000	-0,04	19,16
844	11.09.2017 16:20:30,000	-0,04	19,40
845	11.09.2017 16:20:40,000	-0,04	19,40
846	11.09.2017 16:20:50,000	-0,04	19,65
847	11.09.2017 16:21:00,000	-0,08	19,84
848	11.09.2017 16:21:10,000	-0,12	19,55
849	11.09.2017 16:21:20,000	-0,12	19,55
850	11.09.2017 16:21:30,000	-0,12	19,55
851	11.09.2017 16:21:40,000	-0,12	19,55
852	11.09.2017 16:21:50,000	-0,17	19,50
853	11.09.2017 16:22:00,000	-0,17	19,74
854	11.09.2017 16:22:10,000	-0,17	18,77
855	11.09.2017 16:22:20,000	-0,04	16,76
856	11.09.2017 16:22:30,000	0,12	15,51
857	11.09.2017 16:22:40,000	0,33	14,79
858	11.09.2017 16:22:50,000	0,45	14,22
859	11.09.2017 16:23:00,000	0,53	15,52
860	11.09.2017 16:23:10,000	0,37	16,28
861	11.09.2017 16:23:20,000	0,29	16,67
862	11.09.2017 16:23:30,000	0,29	16,91
863	11.09.2017 16:23:40,000	0,25	17,34
864	11.09.2017 16:23:50,000	0,20	17,53
865	11.09.2017 16:24:00,000	0,16	17,72
866	11.09.2017 16:24:10,000	0,12	17,92
867	11.09.2017 16:24:20,000	0,08	17,38
868	11.09.2017 16:24:30,000	0,08	15,94
869	11.09.2017 16:24:40,000	0,16	14,35
870	11.09.2017 16:24:50,000	0,37	12,91
871	11.09.2017 16:25:00,000	0,81	12,01
872	11.09.2017 16:25:10,000	1,22	10,81
873	11.09.2017 16:25:20,000	1,65	10,62
874	11.09.2017 16:25:30,000	1,97	10,52
875	11.09.2017 16:25:40,000	2,09	9,94
876	11.09.2017 16:25:50,000	2,16	9,31
877	11.09.2017 16:26:00,000	2,28	8,25
878	11.09.2017 16:26:10,000	2,40	7,67
879	11.09.2017 16:26:20,000	2,48	6,80
880	11.09.2017 16:26:30,000	2,55	5,93
881	11.09.2017 16:26:40,000	2,59	4,30
882	11.09.2017 16:26:50,000	2,59	2,37
883	11.09.2017 16:27:00,000	2,63	2,66
884	11.09.2017 16:27:10,000	2,67	1,02
885	11.09.2017 16:27:20,000	2,67	0,00
886	11.09.2017 16:27:30,000	2,67	0,00
887	11.09.2017 16:27:40,000	2,67	0,00
888	11.09.2017 16:27:50,000	2,67	0,00
889	11.09.2017 16:28:00,000	2,67	0,00
890	11.09.2017 16:28:10,000	2,67	0,00
891	11.09.2017 16:28:20,000	2,67	0,00
892	11.09.2017 16:28:30,000	2,67	0,00
893	11.09.2017 16:28:40,000	2,67	0,00
894	11.09.2017 16:28:50,000	2,67	0,00
895	11.09.2017 16:29:00,000	2,67	0,00
896	11.09.2017 16:29:10,000	2,67	0,00
897	11.09.2017 16:29:20,000	2,67	0,00
898	11.09.2017 16:29:30,000	2,67	0,00
899	11.09.2017 16:29:40,000	2,67	0,00
900	11.09.2017 16:29:50,000	2,67	0,00
901	11.09.2017 16:30:00,000	2,67	0,00
902	11.09.2017 16:30:10,000	2,67	0,00
903	11.09.2017 16:30:20,000	2,71	0,00
904	11.09.2017 16:30:30,000	2,71	0,00
905	11.09.2017 16:30:40,000	2,71	0,00
906	11.09.2017 16:30:50,000	2,75	0,00
907	11.09.2017 16:31:00,000	2,75	0,00
908	11.09.2017 16:31:10,000	2,75	0,00
909	11.09.2017 16:31:20,000	2,79	0,00
910	11.09.2017 16:31:30,000	2,79	0,00
911	11.09.2017 16:31:40,000	2,82	0,00
912	11.09.2017 16:31:50,000	2,82	0,00
913	11.09.2017 16:32:00,000	2,86	0,00
914	11.09.2017 16:32:10,000	2,86	0,00
915	11.09.2017 16:32:20,000	2,90	0,00
916	11.09.2017 16:32:30,000	2,90	0,00
917	11.09.2017 16:32:40,000	2,94	0,00
918	11.09.2017 16:32:50,000	2,94	0,00
919	11.09.2017 16:33:00,000	2,98	0,00
920	11.09.2017 16:33:10,000	2,98	0,00
921	11.09.2017 16:33:20,000	3,02	0,00
922	11.09.2017 16:33:30,000	3,05	0,00
923	11.09.2017 16:33:40,000	3,09	0,00
924	11.09.2017 16:33:50,000	3,13	0,00
925	11.09.2017 16:34:00,000	3,17	0,00
926	11.09.2017 16:34:10,000	3,21	0,00
927	11.09.2017 16:34:20,000	3,24	0,00
928	11.09.2017 16:34:30,000	3,32	0,00
929	11.09.2017 16:34:40,000	5,87	0,00
930	11.09.2017 16:34:50,000	8,52	0,00
931	11.09.2017 16:35:00,000	10,32	0,00
932	11.09.2017 16:35:10,000	11,01	0,00
