#B	Created:	11.09.2017 16:45:25
##	Version	SeaStar	7.49
#5	Field separation:	0
#2	Date & Time:	1
#6	Decimal point:	,
#7	Date def.:	dd.mm.yyyy	.
#8	Time def.:	:
##	Axis	0	Temperature(°C)	clRed	FALSE
##	Axis	1	Depth(m)	clBlue	TRUE
##	Series	0	Temp(°C)	clRed	0	Temp(°C)	2
##	Series	1	Depth(m)	clBlue	1	Depth(m)	2
##	Recorder	61	DST centi	8047
##	Chart	61C8047DAT	
#D	Data:	989	11.09.2017 14:00:00	11.09.2017 16:44:40
1	11.09.2017 14:00:00,000	23,33	0,00
2	11.09.2017 14:00:10,000	23,24	0,00
3	11.09.2017 14:00:20,000	23,16	0,00
4	11.09.2017 14:00:30,000	23,07	0,00
5	11.09.2017 14:00:40,000	22,98	0,00
6	11.09.2017 14:00:50,000	22,89	0,00
7	11.09.2017 14:01:00,000	22,81	0,00
8	11.09.2017 14:01:10,000	22,69	0,00
9	11.09.2017 14:01:20,000	22,58	0,00
10	11.09.2017 14:01:30,000	22,49	0,00
11	11.09.2017 14:01:40,000	22,37	0,00
12	11.09.2017 14:01:50,000	22,29	0,00
13	11.09.2017 14:02:00,000	22,17	0,00
14	11.09.2017 14:02:10,000	22,08	0,00
15	11.09.2017 14:02:20,000	21,99	0,00
16	11.09.2017 14:02:30,000	21,88	0,00
17	11.09.2017 14:02:40,000	21,76	0,00
18	11.09.2017 14:02:50,000	21,64	0,00
19	11.09.2017 14:03:00,000	21,56	0,00
20	11.09.2017 14:03:10,000	21,44	0,00
21	11.09.2017 14:03:20,000	21,32	0,00
22	11.09.2017 14:03:30,000	21,24	0,00
23	11.09.2017 14:03:40,000	21,12	0,00
24	11.09.2017 14:03:50,000	21,03	0,00
25	11.09.2017 14:04:00,000	20,92	0,00
26	11.09.2017 14:04:10,000	20,80	0,00
27	11.09.2017 14:04:20,000	20,68	0,00
28	11.09.2017 14:04:30,000	20,56	0,00
29	11.09.2017 14:04:40,000	20,45	0,00
30	11.09.2017 14:04:50,000	20,33	0,00
31	11.09.2017 14:05:00,000	20,21	0,00
32	11.09.2017 14:05:10,000	20,09	0,00
33	11.09.2017 14:05:20,000	20,01	0,00
34	11.09.2017 14:05:30,000	19,89	0,00
35	11.09.2017 14:05:40,000	19,77	0,00
36	11.09.2017 14:05:50,000	19,65	0,00
37	11.09.2017 14:06:00,000	19,54	0,00
38	11.09.2017 14:06:10,000	19,42	0,00
39	11.09.2017 14:06:20,000	19,30	0,00
40	11.09.2017 14:06:30,000	19,18	0,00
41	11.09.2017 14:06:40,000	19,09	0,00
42	11.09.2017 14:06:50,000	18,94	0,00
43	11.09.2017 14:07:00,000	18,83	0,00
44	11.09.2017 14:07:10,000	18,74	0,00
45	11.09.2017 14:07:20,000	18,62	0,00
46	11.09.2017 14:07:30,000	18,50	0,00
47	11.09.2017 14:07:40,000	18,38	0,00
48	11.09.2017 14:07:50,000	18,26	0,00
49	11.09.2017 14:08:00,000	18,17	0,00
50	11.09.2017 14:08:10,000	18,05	0,00
51	11.09.2017 14:08:20,000	17,93	0,00
52	11.09.2017 14:08:30,000	17,81	0,00
53	11.09.2017 14:08:40,000	17,73	0,00
54	11.09.2017 14:08:50,000	17,61	0,00
55	11.09.2017 14:09:00,000	17,52	0,00
56	11.09.2017 14:09:10,000	17,40	0,00
57	11.09.2017 14:09:20,000	17,31	0,00
58	11.09.2017 14:09:30,000	17,22	0,00
59	11.09.2017 14:09:40,000	17,13	0,00
60	11.09.2017 14:09:50,000	17,01	0,00
61	11.09.2017 14:10:00,000	16,92	0,00
62	11.09.2017 14:10:10,000	16,83	0,00
63	11.09.2017 14:10:20,000	16,70	0,00
64	11.09.2017 14:10:30,000	16,61	0,00
65	11.09.2017 14:10:40,000	16,49	0,00
66	11.09.2017 14:10:50,000	16,40	0,00
67	11.09.2017 14:11:00,000	16,31	0,00
68	11.09.2017 14:11:10,000	16,22	0,00
69	11.09.2017 14:11:20,000	16,13	0,00
70	11.09.2017 14:11:30,000	16,04	0,00
71	11.09.2017 14:11:40,000	15,95	0,00
72	11.09.2017 14:11:50,000	15,83	0,00
73	11.09.2017 14:12:00,000	15,71	0,00
74	11.09.2017 14:12:10,000	15,61	0,00
75	11.09.2017 14:12:20,000	15,49	0,00
76	11.09.2017 14:12:30,000	15,40	0,00
77	11.09.2017 14:12:40,000	15,31	0,00
78	11.09.2017 14:12:50,000	15,25	0,00
79	11.09.2017 14:13:00,000	15,12	0,00
80	11.09.2017 14:13:10,000	15,03	0,00
81	11.09.2017 14:13:20,000	14,94	0,00
82	11.09.2017 14:13:30,000	14,85	0,00
83	11.09.2017 14:13:40,000	14,76	0,00
84	11.09.2017 14:13:50,000	11,87	1,96
85	11.09.2017 14:14:00,000	8,46	2,18
86	11.09.2017 14:14:10,000	7,33	2,18
87	11.09.2017 14:14:20,000	6,00	1,51
88	11.09.2017 14:14:30,000	5,22	1,28
89	11.09.2017 14:14:40,000	4,75	0,60
90	11.09.2017 14:14:50,000	4,34	1,05
91	11.09.2017 14:15:00,000	4,12	2,64
92	11.09.2017 14:15:10,000	3,90	4,95
93	11.09.2017 14:15:20,000	3,75	7,35
94	11.09.2017 14:15:30,000	3,60	9,74
95	11.09.2017 14:15:40,000	3,49	11,93
96	11.09.2017 14:15:50,000	3,38	14,35
97	11.09.2017 14:16:00,000	2,96	14,32
98	11.09.2017 14:16:10,000	2,54	13,38
99	11.09.2017 14:16:20,000	2,31	12,33
100	11.09.2017 14:16:30,000	2,31	11,42
101	11.09.2017 14:16:40,000	2,23	10,92
102	11.09.2017 14:16:50,000	2,31	11,20
103	11.09.2017 14:17:00,000	2,35	12,80
104	11.09.2017 14:17:10,000	2,27	14,56
105	11.09.2017 14:17:20,000	1,73	15,35
106	11.09.2017 14:17:30,000	1,53	15,23
107	11.09.2017 14:17:40,000	1,89	14,32
108	11.09.2017 14:17:50,000	1,92	14,35
109	11.09.2017 14:18:00,000	1,81	13,82
110	11.09.2017 14:18:10,000	1,85	13,39
111	11.09.2017 14:18:20,000	1,85	12,94
112	11.09.2017 14:18:30,000	1,85	12,71
113	11.09.2017 14:18:40,000	1,89	12,51
114	11.09.2017 14:18:50,000	2,00	12,59
115	11.09.2017 14:19:00,000	1,81	13,14
116	11.09.2017 14:19:10,000	1,85	14,52
117	11.09.2017 14:19:20,000	1,81	15,63
118	11.09.2017 14:19:30,000	1,50	16,79
119	11.09.2017 14:19:40,000	1,18	17,73
120	11.09.2017 14:19:50,000	1,02	19,44
121	11.09.2017 14:20:00,000	0,90	20,95
122	11.09.2017 14:20:10,000	0,70	21,73
123	11.09.2017 14:20:20,000	0,62	21,90
124	11.09.2017 14:20:30,000	0,58	22,10
125	11.09.2017 14:20:40,000	0,54	22,08
126	11.09.2017 14:20:50,000	0,54	22,08
127	11.09.2017 14:21:00,000	0,50	22,05
128	11.09.2017 14:21:10,000	0,46	21,80
129	11.09.2017 14:21:20,000	0,42	21,78
130	11.09.2017 14:21:30,000	0,38	21,98
131	11.09.2017 14:21:40,000	0,34	21,95
132	11.09.2017 14:21:50,000	0,30	21,70
133	11.09.2017 14:22:00,000	0,30	22,15
134	11.09.2017 14:22:10,000	0,30	22,83
135	11.09.2017 14:22:20,000	0,30	23,74
136	11.09.2017 14:22:30,000	0,26	24,17
137	11.09.2017 14:22:40,000	0,26	24,17
138	11.09.2017 14:22:50,000	0,26	25,07
139	11.09.2017 14:23:00,000	0,26	25,75
140	11.09.2017 14:23:10,000	0,14	26,81
141	11.09.2017 14:23:20,000	0,06	27,89
142	11.09.2017 14:23:30,000	0,10	28,37
143	11.09.2017 14:23:40,000	0,18	28,64
144	11.09.2017 14:23:50,000	0,18	28,87
145	11.09.2017 14:24:00,000	0,18	29,55
146	11.09.2017 14:24:10,000	0,18	30,00
147	11.09.2017 14:24:20,000	0,14	30,20
148	11.09.2017 14:24:30,000	0,14	30,20
149	11.09.2017 14:24:40,000	0,10	30,41
150	11.09.2017 14:24:50,000	0,06	30,83
151	11.09.2017 14:25:00,000	0,02	31,49
152	11.09.2017 14:25:10,000	-0,07	31,89
153	11.09.2017 14:25:20,000	-0,11	32,32
154	11.09.2017 14:25:30,000	-0,11	32,54
155	11.09.2017 14:25:40,000	-0,02	33,05
156	11.09.2017 14:25:50,000	0,02	33,30
157	11.09.2017 14:26:00,000	0,10	33,80
158	11.09.2017 14:26:10,000	0,10	34,03
159	11.09.2017 14:26:20,000	0,10	34,26
160	11.09.2017 14:26:30,000	0,02	34,89
161	11.09.2017 14:26:40,000	-0,02	35,31
162	11.09.2017 14:26:50,000	-0,11	35,49
163	11.09.2017 14:27:00,000	-0,15	36,14
164	11.09.2017 14:27:10,000	-0,23	36,32
165	11.09.2017 14:27:20,000	-0,27	36,52
166	11.09.2017 14:27:30,000	-0,31	36,95
167	11.09.2017 14:27:40,000	-0,31	37,40
168	11.09.2017 14:27:50,000	-0,35	37,60
169	11.09.2017 14:28:00,000	-0,35	37,83
170	11.09.2017 14:28:10,000	-0,39	38,26
171	11.09.2017 14:28:20,000	-0,39	38,26
172	11.09.2017 14:28:30,000	-0,43	38,91
173	11.09.2017 14:28:40,000	-0,43	39,37
174	11.09.2017 14:28:50,000	-0,48	39,79
175	11.09.2017 14:29:00,000	-0,52	40,22
176	11.09.2017 14:29:10,000	-0,52	40,67
177	11.09.2017 14:29:20,000	-0,60	41,30
178	11.09.2017 14:29:30,000	-0,60	41,76
179	11.09.2017 14:29:40,000	-0,64	42,41
180	11.09.2017 14:29:50,000	-0,64	43,09
181	11.09.2017 14:30:00,000	-0,64	43,55
182	11.09.2017 14:30:10,000	-0,60	44,48
183	11.09.2017 14:30:20,000	-0,60	45,39
184	11.09.2017 14:30:30,000	-0,56	46,09
185	11.09.2017 14:30:40,000	-0,56	47,00
186	11.09.2017 14:30:50,000	-0,56	47,91
187	11.09.2017 14:31:00,000	-0,52	48,84
188	11.09.2017 14:31:10,000	-0,52	49,52
189	11.09.2017 14:31:20,000	-0,52	50,43
190	11.09.2017 14:31:30,000	-0,52	51,57
191	11.09.2017 14:31:40,000	-0,52	52,48
192	11.09.2017 14:31:50,000	-0,52	53,61
193	11.09.2017 14:32:00,000	-0,52	54,75
194	11.09.2017 14:32:10,000	-0,52	55,88
195	11.09.2017 14:32:20,000	-0,52	57,24
196	11.09.2017 14:32:30,000	-0,52	58,61
197	11.09.2017 14:32:40,000	-0,52	60,20
198	11.09.2017 14:32:50,000	-0,52	61,79
199	11.09.2017 14:33:00,000	-0,52	63,61
200	11.09.2017 14:33:10,000	-0,60	65,37
201	11.09.2017 14:33:20,000	-0,64	67,16
202	11.09.2017 14:33:30,000	-0,72	68,70
203	11.09.2017 14:33:40,000	-0,77	70,04
204	11.09.2017 14:33:50,000	-0,81	71,38
205	11.09.2017 14:34:00,000	-0,85	72,49
206	11.09.2017 14:34:10,000	-0,85	73,40
207	11.09.2017 14:34:20,000	-0,89	74,28
208	11.09.2017 14:34:30,000	-0,93	74,94
209	11.09.2017 14:34:40,000	-0,93	75,62
210	11.09.2017 14:34:50,000	-0,93	76,76
211	11.09.2017 14:35:00,000	-0,97	76,96
212	11.09.2017 14:35:10,000	-0,97	77,64
213	11.09.2017 14:35:20,000	-0,97	78,10
214	11.09.2017 14:35:30,000	-0,97	78,55
215	11.09.2017 14:35:40,000	-0,97	79,46
216	11.09.2017 14:35:50,000	-1,01	79,66
217	11.09.2017 14:36:00,000	-1,01	80,34
218	11.09.2017 14:36:10,000	-1,01	81,03
219	11.09.2017 14:36:20,000	-1,01	81,71
220	11.09.2017 14:36:30,000	-1,01	82,39
221	11.09.2017 14:36:40,000	-1,01	82,39
222	11.09.2017 14:36:50,000	-1,01	82,85
223	11.09.2017 14:37:00,000	-1,01	83,53
224	11.09.2017 14:37:10,000	-1,01	83,76
225	11.09.2017 14:37:20,000	-1,01	84,21
226	11.09.2017 14:37:30,000	-1,01	85,12
227	11.09.2017 14:37:40,000	-1,01	85,58
228	11.09.2017 14:37:50,000	-1,10	86,21
229	11.09.2017 14:38:00,000	-1,06	86,23
230	11.09.2017 14:38:10,000	-1,06	86,92
231	11.09.2017 14:38:20,000	-1,10	87,57
232	11.09.2017 14:38:30,000	-1,14	88,00
233	11.09.2017 14:38:40,000	-1,18	88,66
234	11.09.2017 14:38:50,000	-1,18	88,89
235	11.09.2017 14:39:00,000	-1,22	89,31
236	11.09.2017 14:39:10,000	-1,22	90,00
237	11.09.2017 14:39:20,000	-1,27	90,65
238	11.09.2017 14:39:30,000	-1,27	91,11
239	11.09.2017 14:39:40,000	-1,27	91,79
240	11.09.2017 14:39:50,000	-1,27	92,47
241	11.09.2017 14:40:00,000	-1,27	93,16
242	11.09.2017 14:40:10,000	-1,27	93,84
243	11.09.2017 14:40:20,000	-1,27	94,75
244	11.09.2017 14:40:30,000	-1,27	95,66
245	11.09.2017 14:40:40,000	-1,27	96,35
246	11.09.2017 14:40:50,000	-1,27	97,26
247	11.09.2017 14:41:00,000	-1,31	98,14
248	11.09.2017 14:41:10,000	-1,31	98,82
249	11.09.2017 14:41:20,000	-1,31	99,28
250	11.09.2017 14:41:30,000	-1,31	99,96
251	11.09.2017 14:41:40,000	-1,31	100,65
252	11.09.2017 14:41:50,000	-1,31	101,10
253	11.09.2017 14:42:00,000	-1,31	101,56
254	11.09.2017 14:42:10,000	-1,31	102,24
255	11.09.2017 14:42:20,000	-1,31	102,92
256	11.09.2017 14:42:30,000	-1,31	103,61
257	11.09.2017 14:42:40,000	-1,31	104,06
258	11.09.2017 14:42:50,000	-1,27	104,54
259	11.09.2017 14:43:00,000	-1,27	105,00
260	11.09.2017 14:43:10,000	-1,27	105,45
261	11.09.2017 14:43:20,000	-1,27	106,14
262	11.09.2017 14:43:30,000	-1,27	106,37
263	11.09.2017 14:43:40,000	-1,27	107,50
264	11.09.2017 14:43:50,000	-1,27	107,73
265	11.09.2017 14:44:00,000	-1,27	108,42
266	11.09.2017 14:44:10,000	-1,31	109,07
267	11.09.2017 14:44:20,000	-1,31	109,53
268	11.09.2017 14:44:30,000	-1,31	110,21
269	11.09.2017 14:44:40,000	-1,31	110,90
270	11.09.2017 14:44:50,000	-1,31	111,35
271	11.09.2017 14:45:00,000	-1,31	112,03
272	11.09.2017 14:45:10,000	-1,31	112,72
273	11.09.2017 14:45:20,000	-1,31	113,63
274	11.09.2017 14:45:30,000	-1,31	114,54
275	11.09.2017 14:45:40,000	-1,31	115,68
276	11.09.2017 14:45:50,000	-1,31	116,59
277	11.09.2017 14:46:00,000	-1,31	117,50
278	11.09.2017 14:46:10,000	-1,31	118,41
279	11.09.2017 14:46:20,000	-1,31	119,55
280	11.09.2017 14:46:30,000	-1,31	120,69
281	11.09.2017 14:46:40,000	-1,31	122,06
282	11.09.2017 14:46:50,000	-1,27	123,23
283	11.09.2017 14:47:00,000	-1,27	124,37
284	11.09.2017 14:47:10,000	-1,22	125,99
285	11.09.2017 14:47:20,000	-1,22	127,36
286	11.09.2017 14:47:30,000	-1,18	128,29
287	11.09.2017 14:47:40,000	-1,14	129,69
288	11.09.2017 14:47:50,000	-1,14	130,83
289	11.09.2017 14:48:00,000	-1,10	131,99
290	11.09.2017 14:48:10,000	-1,10	132,91
291	11.09.2017 14:48:20,000	-1,06	134,07
292	11.09.2017 14:48:30,000	-1,01	135,24
293	11.09.2017 14:48:40,000	-1,01	135,92
294	11.09.2017 14:48:50,000	-1,01	136,38
295	11.09.2017 14:49:00,000	-0,97	136,86
296	11.09.2017 14:49:10,000	-0,97	136,86
297	11.09.2017 14:49:20,000	-0,97	136,86
298	11.09.2017 14:49:30,000	-0,97	136,86
299	11.09.2017 14:49:40,000	-0,97	136,63
300	11.09.2017 14:49:50,000	-0,97	136,40
301	11.09.2017 14:50:00,000	-0,97	135,72
302	11.09.2017 14:50:10,000	-0,93	135,52
303	11.09.2017 14:50:20,000	-0,93	135,06
304	11.09.2017 14:50:30,000	-0,93	134,61
305	11.09.2017 14:50:40,000	-0,93	133,92
306	11.09.2017 14:50:50,000	-0,93	133,70
307	11.09.2017 14:51:00,000	-0,97	133,21
308	11.09.2017 14:51:10,000	-0,97	132,53
309	11.09.2017 14:51:20,000	-0,97	132,07
310	11.09.2017 14:51:30,000	-0,97	131,62
311	11.09.2017 14:51:40,000	-0,97	131,16
312	11.09.2017 14:51:50,000	-0,97	130,48
313	11.09.2017 14:52:00,000	-1,01	130,00
314	11.09.2017 14:52:10,000	-1,01	129,77
315	11.09.2017 14:52:20,000	-1,01	128,86
316	11.09.2017 14:52:30,000	-1,01	128,40
317	11.09.2017 14:52:40,000	-1,06	127,92
318	11.09.2017 14:52:50,000	-1,06	127,23
319	11.09.2017 14:53:00,000	-1,10	126,75
320	11.09.2017 14:53:10,000	-1,14	126,04
321	11.09.2017 14:53:20,000	-1,14	125,59
322	11.09.2017 14:53:30,000	-1,18	124,87
323	11.09.2017 14:53:40,000	-1,18	124,19
324	11.09.2017 14:53:50,000	-1,18	123,96
325	11.09.2017 14:54:00,000	-1,18	123,28
326	11.09.2017 14:54:10,000	-1,18	122,60
327	11.09.2017 14:54:20,000	-1,18	122,14
328	11.09.2017 14:54:30,000	-1,18	121,46
329	11.09.2017 14:54:40,000	-1,22	120,97
330	11.09.2017 14:54:50,000	-1,27	120,26
331	11.09.2017 14:55:00,000	-1,27	119,81
332	11.09.2017 14:55:10,000	-1,27	119,58
333	11.09.2017 14:55:20,000	-1,31	118,64
334	11.09.2017 14:55:30,000	-1,31	118,41
335	11.09.2017 14:55:40,000	-1,31	117,96
336	11.09.2017 14:55:50,000	-1,31	117,73
337	11.09.2017 14:56:00,000	-1,31	117,27
338	11.09.2017 14:56:10,000	-1,31	116,82
339	11.09.2017 14:56:20,000	-1,31	116,36
340	11.09.2017 14:56:30,000	-1,31	115,91
341	11.09.2017 14:56:40,000	-1,31	115,91
342	11.09.2017 14:56:50,000	-1,31	115,68
343	11.09.2017 14:57:00,000	-1,31	115,22
344	11.09.2017 14:57:10,000	-1,31	115,00
345	11.09.2017 14:57:20,000	-1,31	115,22
346	11.09.2017 14:57:30,000	-1,31	115,00
347	11.09.2017 14:57:40,000	-1,31	115,00
348	11.09.2017 14:57:50,000	-1,31	114,77
349	11.09.2017 14:58:00,000	-1,31	114,77
350	11.09.2017 14:58:10,000	-1,31	114,77
351	11.09.2017 14:58:20,000	-1,31	115,22
352	11.09.2017 14:58:30,000	-1,31	115,68
353	11.09.2017 14:58:40,000	-1,31	115,91
354	11.09.2017 14:58:50,000	-1,35	116,56
355	11.09.2017 14:59:00,000	-1,31	117,05
356	11.09.2017 14:59:10,000	-1,31	117,50
357	11.09.2017 14:59:20,000	-1,31	118,19
358	11.09.2017 14:59:30,000	-1,27	118,67
359	11.09.2017 14:59:40,000	-1,27	119,12
360	11.09.2017 14:59:50,000	-1,27	119,58
361	11.09.2017 15:00:00,000	-1,27	120,26
362	11.09.2017 15:00:10,000	-1,27	120,49
363	11.09.2017 15:00:20,000	-1,27	121,40
364	11.09.2017 15:00:30,000	-1,27	122,09
365	11.09.2017 15:00:40,000	-1,22	122,57
366	11.09.2017 15:00:50,000	-1,22	123,48
367	11.09.2017 15:01:00,000	-1,22	123,94
368	11.09.2017 15:01:10,000	-1,22	124,39
369	11.09.2017 15:01:20,000	-1,22	124,85
370	11.09.2017 15:01:30,000	-1,22	125,76
371	11.09.2017 15:01:40,000	-1,22	126,44
372	11.09.2017 15:01:50,000	-1,18	127,15
373	11.09.2017 15:02:00,000	-1,18	127,84
374	11.09.2017 15:02:10,000	-1,18	128,29
375	11.09.2017 15:02:20,000	-1,18	128,98
376	11.09.2017 15:02:30,000	-1,14	129,69
377	11.09.2017 15:02:40,000	-1,14	130,37
378	11.09.2017 15:02:50,000	-1,14	131,28
379	11.09.2017 15:03:00,000	-1,10	131,99
380	11.09.2017 15:03:10,000	-1,10	132,91
381	11.09.2017 15:03:20,000	-1,10	133,36
382	11.09.2017 15:03:30,000	-1,06	134,07
383	11.09.2017 15:03:40,000	-1,01	134,55
384	11.09.2017 15:03:50,000	-1,01	134,78
385	11.09.2017 15:04:00,000	-0,97	135,04
386	11.09.2017 15:04:10,000	-0,97	135,49
387	11.09.2017 15:04:20,000	-0,93	135,98
388	11.09.2017 15:04:30,000	-0,93	136,43
389	11.09.2017 15:04:40,000	-0,93	137,12
390	11.09.2017 15:04:50,000	-0,89	137,37
391	11.09.2017 15:05:00,000	-0,89	137,83
392	11.09.2017 15:05:10,000	-0,85	138,31
393	11.09.2017 15:05:20,000	-0,85	138,76
394	11.09.2017 15:05:30,000	-0,85	139,22
395	11.09.2017 15:05:40,000	-0,85	139,68
396	11.09.2017 15:05:50,000	-0,85	140,36
397	11.09.2017 15:06:00,000	-0,81	140,84
398	11.09.2017 15:06:10,000	-0,81	141,07
399	11.09.2017 15:06:20,000	-0,81	141,75
400	11.09.2017 15:06:30,000	-0,81	142,21
401	11.09.2017 15:06:40,000	-0,77	142,92
402	11.09.2017 15:06:50,000	-0,77	143,38
403	11.09.2017 15:07:00,000	-0,77	143,60
404	11.09.2017 15:07:10,000	-0,77	144,06
405	11.09.2017 15:07:20,000	-0,77	144,74
406	11.09.2017 15:07:30,000	-0,72	145,00
407	11.09.2017 15:07:40,000	-0,72	145,68
408	11.09.2017 15:07:50,000	-0,72	145,91
409	11.09.2017 15:08:00,000	-0,72	146,37
410	11.09.2017 15:08:10,000	-0,72	146,82
411	11.09.2017 15:08:20,000	-0,72	147,28
412	11.09.2017 15:08:30,000	-0,72	147,74
413	11.09.2017 15:08:40,000	-0,72	147,96
414	11.09.2017 15:08:50,000	-0,68	148,45
415	11.09.2017 15:09:00,000	-0,68	148,90
416	11.09.2017 15:09:10,000	-0,68	149,36
417	11.09.2017 15:09:20,000	-0,68	149,81
418	11.09.2017 15:09:30,000	-0,68	150,04
419	11.09.2017 15:09:40,000	-0,68	150,50
420	11.09.2017 15:09:50,000	-0,68	151,18
421	11.09.2017 15:10:00,000	-0,68	151,64
422	11.09.2017 15:10:10,000	-0,64	151,89
423	11.09.2017 15:10:20,000	-0,64	152,35
424	11.09.2017 15:10:30,000	-0,64	152,81
425	11.09.2017 15:10:40,000	-0,64	153,03
426	11.09.2017 15:10:50,000	-0,60	153,29
427	11.09.2017 15:11:00,000	-0,60	153,29
428	11.09.2017 15:11:10,000	-0,60	153,74
429	11.09.2017 15:11:20,000	-0,60	153,74
430	11.09.2017 15:11:30,000	-0,60	153,97
431	11.09.2017 15:11:40,000	-0,56	154,23
432	11.09.2017 15:11:50,000	-0,56	154,23
433	11.09.2017 15:12:00,000	-0,56	154,68
434	11.09.2017 15:12:10,000	-0,56	154,91
435	11.09.2017 15:12:20,000	-0,56	155,37
436	11.09.2017 15:12:30,000	-0,56	156,28
437	11.09.2017 15:12:40,000	-0,52	156,76
438	11.09.2017 15:12:50,000	-0,52	157,44
439	11.09.2017 15:13:00,000	-0,48	158,15
440	11.09.2017 15:13:10,000	-0,48	159,07
441	11.09.2017 15:13:20,000	-0,43	160,01
442	11.09.2017 15:13:30,000	-0,43	160,92
443	11.09.2017 15:13:40,000	-0,43	161,83
444	11.09.2017 15:13:50,000	-0,39	162,54
445	11.09.2017 15:14:00,000	-0,39	163,68
446	11.09.2017 15:14:10,000	-0,35	164,39
447	11.09.2017 15:14:20,000	-0,35	165,53
448	11.09.2017 15:14:30,000	-0,35	166,67
449	11.09.2017 15:14:40,000	-0,31	168,07
450	11.09.2017 15:14:50,000	-0,31	168,98
451	11.09.2017 15:15:00,000	-0,27	170,37
452	11.09.2017 15:15:10,000	-0,23	171,54
453	11.09.2017 15:15:20,000	-0,23	172,22
454	11.09.2017 15:15:30,000	-0,19	172,94
455	11.09.2017 15:15:40,000	-0,19	174,08
456	11.09.2017 15:15:50,000	-0,19	174,99
457	11.09.2017 15:16:00,000	-0,15	175,47
458	11.09.2017 15:16:10,000	-0,15	176,38
459	11.09.2017 15:16:20,000	-0,15	177,07
460	11.09.2017 15:16:30,000	-0,11	177,78
461	11.09.2017 15:16:40,000	-0,11	178,92
462	11.09.2017 15:16:50,000	-0,11	179,37
463	11.09.2017 15:17:00,000	-0,07	180,31
464	11.09.2017 15:17:10,000	-0,07	181,00
465	11.09.2017 15:17:20,000	-0,07	181,45
466	11.09.2017 15:17:30,000	-0,07	182,37
467	11.09.2017 15:17:40,000	-0,02	183,08
468	11.09.2017 15:17:50,000	-0,02	183,53
469	11.09.2017 15:18:00,000	-0,02	184,44
470	11.09.2017 15:18:10,000	0,02	184,93
471	11.09.2017 15:18:20,000	0,02	185,61
472	11.09.2017 15:18:30,000	0,02	186,30
473	11.09.2017 15:18:40,000	0,02	186,98
474	11.09.2017 15:18:50,000	0,02	187,66
475	11.09.2017 15:19:00,000	0,06	188,15
476	11.09.2017 15:19:10,000	0,06	188,60
477	11.09.2017 15:19:20,000	0,06	189,51
478	11.09.2017 15:19:30,000	0,06	189,97
479	11.09.2017 15:19:40,000	0,06	190,43
480	11.09.2017 15:19:50,000	0,06	191,34
481	11.09.2017 15:20:00,000	0,06	191,57
482	11.09.2017 15:20:10,000	0,06	192,25
483	11.09.2017 15:20:20,000	0,10	192,96
484	11.09.2017 15:20:30,000	0,10	193,65
485	11.09.2017 15:20:40,000	0,10	194,10
486	11.09.2017 15:20:50,000	0,10	194,56
487	11.09.2017 15:21:00,000	0,10	195,24
488	11.09.2017 15:21:10,000	0,10	195,93
489	11.09.2017 15:21:20,000	0,10	196,38
490	11.09.2017 15:21:30,000	0,10	197,07
491	11.09.2017 15:21:40,000	0,10	197,52
492	11.09.2017 15:21:50,000	0,10	197,98
493	11.09.2017 15:22:00,000	0,10	198,67
494	11.09.2017 15:22:10,000	0,10	199,12
495	11.09.2017 15:22:20,000	0,10	199,58
496	11.09.2017 15:22:30,000	0,14	200,06
497	11.09.2017 15:22:40,000	0,14	200,52
498	11.09.2017 15:22:50,000	0,14	200,97
499	11.09.2017 15:23:00,000	0,14	201,20
500	11.09.2017 15:23:10,000	0,14	201,43
501	11.09.2017 15:23:20,000	0,14	201,88
502	11.09.2017 15:23:30,000	0,14	202,34
503	11.09.2017 15:23:40,000	0,14	203,03
504	11.09.2017 15:23:50,000	0,14	203,25
505	11.09.2017 15:24:00,000	0,14	203,48
506	11.09.2017 15:24:10,000	0,14	203,94
507	11.09.2017 15:24:20,000	0,14	204,62
508	11.09.2017 15:24:30,000	0,18	204,88
509	11.09.2017 15:24:40,000	0,18	205,10
510	11.09.2017 15:24:50,000	0,18	205,56
511	11.09.2017 15:25:00,000	0,18	206,02
512	11.09.2017 15:25:10,000	0,18	206,24
513	11.09.2017 15:25:20,000	0,18	206,70
514	11.09.2017 15:25:30,000	0,18	207,16
515	11.09.2017 15:25:40,000	0,22	207,64
516	11.09.2017 15:25:50,000	0,22	208,32
517	11.09.2017 15:26:00,000	0,22	208,78
518	11.09.2017 15:26:10,000	0,22	209,69
519	11.09.2017 15:26:20,000	0,22	210,38
520	11.09.2017 15:26:30,000	0,22	211,29
521	11.09.2017 15:26:40,000	0,22	212,20
522	11.09.2017 15:26:50,000	0,22	213,11
523	11.09.2017 15:27:00,000	0,26	214,05
524	11.09.2017 15:27:10,000	0,26	214,96
525	11.09.2017 15:27:20,000	0,26	215,65
526	11.09.2017 15:27:30,000	0,26	216,56
527	11.09.2017 15:27:40,000	0,26	217,47
528	11.09.2017 15:27:50,000	0,30	218,18
529	11.09.2017 15:28:00,000	0,30	219,10
530	11.09.2017 15:28:10,000	0,30	219,78
531	11.09.2017 15:28:20,000	0,30	220,69
532	11.09.2017 15:28:30,000	0,30	221,60
533	11.09.2017 15:28:40,000	0,30	221,83
534	11.09.2017 15:28:50,000	0,30	222,97
535	11.09.2017 15:29:00,000	0,34	223,46
536	11.09.2017 15:29:10,000	0,34	224,14
537	11.09.2017 15:29:20,000	0,34	224,82
538	11.09.2017 15:29:30,000	0,34	225,05
539	11.09.2017 15:29:40,000	0,34	225,74
540	11.09.2017 15:29:50,000	0,34	225,96
541	11.09.2017 15:30:00,000	0,34	226,42
542	11.09.2017 15:30:10,000	0,34	226,65
543	11.09.2017 15:30:20,000	0,34	226,88
544	11.09.2017 15:30:30,000	0,34	227,10
545	11.09.2017 15:30:40,000	0,34	226,88
546	11.09.2017 15:30:50,000	0,34	227,10
547	11.09.2017 15:31:00,000	0,34	226,88
548	11.09.2017 15:31:10,000	0,34	226,65
549	11.09.2017 15:31:20,000	0,34	226,42
550	11.09.2017 15:31:30,000	0,34	226,19
551	11.09.2017 15:31:40,000	0,34	225,96
552	11.09.2017 15:31:50,000	0,34	225,51
553	11.09.2017 15:32:00,000	0,34	225,05
554	11.09.2017 15:32:10,000	0,34	224,37
555	11.09.2017 15:32:20,000	0,34	223,68
556	11.09.2017 15:32:30,000	0,34	223,46
557	11.09.2017 15:32:40,000	0,34	222,77
558	11.09.2017 15:32:50,000	0,34	221,86
559	11.09.2017 15:33:00,000	0,34	221,40
560	11.09.2017 15:33:10,000	0,34	220,49
561	11.09.2017 15:33:20,000	0,34	219,58
562	11.09.2017 15:33:30,000	0,34	218,89
563	11.09.2017 15:33:40,000	0,34	217,52
564	11.09.2017 15:33:50,000	0,30	216,59
565	11.09.2017 15:34:00,000	0,34	215,24
566	11.09.2017 15:34:10,000	0,30	214,08
567	11.09.2017 15:34:20,000	0,30	212,71
568	11.09.2017 15:34:30,000	0,30	211,34
569	11.09.2017 15:34:40,000	0,30	209,74
570	11.09.2017 15:34:50,000	0,30	208,15
571	11.09.2017 15:35:00,000	0,26	206,52
572	11.09.2017 15:35:10,000	0,26	204,93
573	11.09.2017 15:35:20,000	0,26	203,56
574	11.09.2017 15:35:30,000	0,22	201,71
575	11.09.2017 15:35:40,000	0,22	200,34
576	11.09.2017 15:35:50,000	0,18	198,49
577	11.09.2017 15:36:00,000	0,18	197,12
578	11.09.2017 15:36:10,000	0,14	195,73
579	11.09.2017 15:36:20,000	0,14	193,90
580	11.09.2017 15:36:30,000	0,14	192,30
581	11.09.2017 15:36:40,000	0,14	190,71
582	11.09.2017 15:36:50,000	0,10	189,31
583	11.09.2017 15:37:00,000	0,10	187,94
584	11.09.2017 15:37:10,000	0,10	186,57
585	11.09.2017 15:37:20,000	0,10	184,98
586	11.09.2017 15:37:30,000	0,06	183,13
587	11.09.2017 15:37:40,000	0,06	181,53
588	11.09.2017 15:37:50,000	0,06	179,93
589	11.09.2017 15:38:00,000	0,02	178,77
590	11.09.2017 15:38:10,000	0,02	177,40
591	11.09.2017 15:38:20,000	-0,02	175,78
592	11.09.2017 15:38:30,000	-0,02	175,09
593	11.09.2017 15:38:40,000	-0,07	173,70
594	11.09.2017 15:38:50,000	-0,11	173,21
595	11.09.2017 15:39:00,000	-0,11	172,07
596	11.09.2017 15:39:10,000	-0,11	171,62
597	11.09.2017 15:39:20,000	-0,11	170,93
598	11.09.2017 15:39:30,000	-0,15	171,14
599	11.09.2017 15:39:40,000	-0,15	170,22
600	11.09.2017 15:39:50,000	-0,15	170,22
601	11.09.2017 15:40:00,000	-0,15	169,77
602	11.09.2017 15:40:10,000	-0,15	169,31
603	11.09.2017 15:40:20,000	-0,15	168,85
604	11.09.2017 15:40:30,000	-0,19	168,83
605	11.09.2017 15:40:40,000	-0,19	168,60
606	11.09.2017 15:40:50,000	-0,19	168,37
607	11.09.2017 15:41:00,000	-0,19	168,37
608	11.09.2017 15:41:10,000	-0,19	168,14
609	11.09.2017 15:41:20,000	-0,19	167,92
610	11.09.2017 15:41:30,000	-0,19	167,92
611	11.09.2017 15:41:40,000	-0,19	167,69
612	11.09.2017 15:41:50,000	-0,19	167,46
613	11.09.2017 15:42:00,000	-0,19	167,46
614	11.09.2017 15:42:10,000	-0,19	167,46
615	11.09.2017 15:42:20,000	-0,19	167,46
616	11.09.2017 15:42:30,000	-0,19	167,23
617	11.09.2017 15:42:40,000	-0,19	167,46
618	11.09.2017 15:42:50,000	-0,19	167,23
619	11.09.2017 15:43:00,000	-0,19	167,46
620	11.09.2017 15:43:10,000	-0,19	167,46
621	11.09.2017 15:43:20,000	-0,19	167,69
622	11.09.2017 15:43:30,000	-0,19	167,46
623	11.09.2017 15:43:40,000	-0,19	167,23
624	11.09.2017 15:43:50,000	-0,19	167,00
625	11.09.2017 15:44:00,000	-0,19	167,00
626	11.09.2017 15:44:10,000	-0,19	166,78
627	11.09.2017 15:44:20,000	-0,19	166,55
628	11.09.2017 15:44:30,000	-0,19	166,32
629	11.09.2017 15:44:40,000	-0,19	165,86
630	11.09.2017 15:44:50,000	-0,19	165,64
631	11.09.2017 15:45:00,000	-0,19	165,18
632	11.09.2017 15:45:10,000	-0,19	164,49
633	11.09.2017 15:45:20,000	-0,19	164,27
634	11.09.2017 15:45:30,000	-0,19	163,58
635	11.09.2017 15:45:40,000	-0,19	162,90
636	11.09.2017 15:45:50,000	-0,23	162,19
637	11.09.2017 15:46:00,000	-0,23	161,73
638	11.09.2017 15:46:10,000	-0,23	160,82
639	11.09.2017 15:46:20,000	-0,23	160,14
640	11.09.2017 15:46:30,000	-0,27	159,65
641	11.09.2017 15:46:40,000	-0,27	158,51
642	11.09.2017 15:46:50,000	-0,27	157,60
643	11.09.2017 15:47:00,000	-0,31	156,89
644	11.09.2017 15:47:10,000	-0,31	155,98
645	11.09.2017 15:47:20,000	-0,31	154,61
646	11.09.2017 15:47:30,000	-0,31	153,70
647	11.09.2017 15:47:40,000	-0,35	152,76
648	11.09.2017 15:47:50,000	-0,35	151,39
649	11.09.2017 15:48:00,000	-0,39	150,22
650	11.09.2017 15:48:10,000	-0,39	149,08
651	11.09.2017 15:48:20,000	-0,43	147,69
652	11.09.2017 15:48:30,000	-0,43	146,32
653	11.09.2017 15:48:40,000	-0,48	144,70
654	11.09.2017 15:48:50,000	-0,48	143,33
655	11.09.2017 15:49:00,000	-0,52	141,71
656	11.09.2017 15:49:10,000	-0,52	140,34
657	11.09.2017 15:49:20,000	-0,56	139,17
658	11.09.2017 15:49:30,000	-0,56	137,58
659	11.09.2017 15:49:40,000	-0,60	135,96
660	11.09.2017 15:49:50,000	-0,64	134,33
661	11.09.2017 15:50:00,000	-0,68	132,48
662	11.09.2017 15:50:10,000	-0,68	131,12
663	11.09.2017 15:50:20,000	-0,72	129,04
664	11.09.2017 15:50:30,000	-0,72	127,67
665	11.09.2017 15:50:40,000	-0,77	125,82
666	11.09.2017 15:50:50,000	-0,81	124,20
667	11.09.2017 15:51:00,000	-0,85	122,35
668	11.09.2017 15:51:10,000	-0,89	120,50
669	11.09.2017 15:51:20,000	-0,89	118,45
670	11.09.2017 15:51:30,000	-0,93	116,83
671	11.09.2017 15:51:40,000	-1,01	114,50
672	11.09.2017 15:51:50,000	-1,01	112,90
673	11.09.2017 15:52:00,000	-1,06	110,60
674	11.09.2017 15:52:10,000	-1,10	108,52
675	11.09.2017 15:52:20,000	-1,14	106,44
676	11.09.2017 15:52:30,000	-1,22	104,57
677	11.09.2017 15:52:40,000	-1,27	102,27
678	11.09.2017 15:52:50,000	-1,27	99,99
679	11.09.2017 15:53:00,000	-1,27	97,71
680	11.09.2017 15:53:10,000	-1,27	95,43
681	11.09.2017 15:53:20,000	-1,31	92,90
682	11.09.2017 15:53:30,000	-1,31	90,17
683	11.09.2017 15:53:40,000	-1,31	87,67
684	11.09.2017 15:53:50,000	-1,31	84,94
685	11.09.2017 15:54:00,000	-1,31	81,75
686	11.09.2017 15:54:10,000	-1,31	78,80
687	11.09.2017 15:54:20,000	-1,31	75,84
688	11.09.2017 15:54:30,000	-1,27	72,68
689	11.09.2017 15:54:40,000	-1,27	69,50
690	11.09.2017 15:54:50,000	-1,27	66,77
691	11.09.2017 15:55:00,000	-1,22	64,30
692	11.09.2017 15:55:10,000	-1,14	62,08
693	11.09.2017 15:55:20,000	-1,10	60,29
694	11.09.2017 15:55:30,000	-1,06	58,27
695	11.09.2017 15:55:40,000	-1,01	56,70
696	11.09.2017 15:55:50,000	-0,97	55,37
697	11.09.2017 15:56:00,000	-0,89	54,06
698	11.09.2017 15:56:10,000	-0,81	52,97
699	11.09.2017 15:56:20,000	-0,77	51,87
700	11.09.2017 15:56:30,000	-0,68	51,24
701	11.09.2017 15:56:40,000	-0,64	50,13
702	11.09.2017 15:56:50,000	-0,60	49,25
703	11.09.2017 15:57:00,000	-0,60	48,34
704	11.09.2017 15:57:10,000	-0,52	47,48
705	11.09.2017 15:57:20,000	-0,52	46,80
706	11.09.2017 15:57:30,000	-0,48	45,69
707	11.09.2017 15:57:40,000	-0,48	44,78
708	11.09.2017 15:57:50,000	-0,43	43,90
709	11.09.2017 15:58:00,000	-0,43	43,22
710	11.09.2017 15:58:10,000	-0,39	42,11
711	11.09.2017 15:58:20,000	-0,35	41,23
712	11.09.2017 15:58:30,000	-0,23	40,18
713	11.09.2017 15:58:40,000	-0,11	39,34
714	11.09.2017 15:58:50,000	0,02	38,51
715	11.09.2017 15:59:00,000	0,10	37,43
716	11.09.2017 15:59:10,000	0,14	36,78
717	11.09.2017 15:59:20,000	0,14	36,10
718	11.09.2017 15:59:30,000	0,14	35,42
719	11.09.2017 15:59:40,000	0,10	34,71
720	11.09.2017 15:59:50,000	0,06	34,01
721	11.09.2017 16:00:00,000	-0,11	33,45
722	11.09.2017 16:00:10,000	-0,19	32,95
723	11.09.2017 16:00:20,000	-0,23	32,24
724	11.09.2017 16:00:30,000	-0,15	31,61
725	11.09.2017 16:00:40,000	-0,11	30,96
726	11.09.2017 16:00:50,000	-0,07	30,30
727	11.09.2017 16:01:00,000	-0,11	29,60
728	11.09.2017 16:01:10,000	-0,11	28,69
729	11.09.2017 16:01:20,000	-0,11	28,47
730	11.09.2017 16:01:30,000	-0,15	27,76
731	11.09.2017 16:01:40,000	-0,15	27,08
732	11.09.2017 16:01:50,000	-0,11	26,20
733	11.09.2017 16:02:00,000	0,02	25,60
734	11.09.2017 16:02:10,000	0,06	25,17
735	11.09.2017 16:02:20,000	0,10	24,52
736	11.09.2017 16:02:30,000	0,14	23,86
737	11.09.2017 16:02:40,000	0,14	23,64
738	11.09.2017 16:02:50,000	0,06	22,68
739	11.09.2017 16:03:00,000	-0,02	21,95
740	11.09.2017 16:03:10,000	0,02	21,52
741	11.09.2017 16:03:20,000	0,02	21,07
742	11.09.2017 16:03:30,000	0,02	21,07
743	11.09.2017 16:03:40,000	0,02	20,84
744	11.09.2017 16:03:50,000	0,02	21,30
745	11.09.2017 16:04:00,000	-0,02	21,72
746	11.09.2017 16:04:10,000	-0,11	22,12
747	11.09.2017 16:04:20,000	-0,07	22,60
748	11.09.2017 16:04:30,000	-0,07	23,06
749	11.09.2017 16:04:40,000	0,02	23,56
750	11.09.2017 16:04:50,000	0,10	24,06
751	11.09.2017 16:05:00,000	0,14	24,77
752	11.09.2017 16:05:10,000	0,14	25,45
753	11.09.2017 16:05:20,000	0,10	25,88
754	11.09.2017 16:05:30,000	0,02	26,28
755	11.09.2017 16:05:40,000	-0,07	26,68
756	11.09.2017 16:05:50,000	-0,11	26,65
757	11.09.2017 16:06:00,000	-0,07	26,23
758	11.09.2017 16:06:10,000	-0,02	25,80
759	11.09.2017 16:06:20,000	0,06	25,40
760	11.09.2017 16:06:30,000	0,10	24,74
761	11.09.2017 16:06:40,000	0,10	24,29
762	11.09.2017 16:06:50,000	0,14	23,86
763	11.09.2017 16:07:00,000	0,10	23,16
764	11.09.2017 16:07:10,000	0,10	22,48
765	11.09.2017 16:07:20,000	0,06	21,77
766	11.09.2017 16:07:30,000	-0,02	21,27
767	11.09.2017 16:07:40,000	-0,07	20,57
768	11.09.2017 16:07:50,000	-0,07	20,57
769	11.09.2017 16:08:00,000	-0,07	20,79
770	11.09.2017 16:08:10,000	-0,07	21,02
771	11.09.2017 16:08:20,000	-0,11	21,22
772	11.09.2017 16:08:30,000	-0,11	21,45
773	11.09.2017 16:08:40,000	-0,11	21,67
774	11.09.2017 16:08:50,000	-0,07	21,70
775	11.09.2017 16:09:00,000	-0,07	21,47
776	11.09.2017 16:09:10,000	-0,02	21,04
777	11.09.2017 16:09:20,000	0,02	20,84
778	11.09.2017 16:09:30,000	-0,02	20,82
779	11.09.2017 16:09:40,000	-0,02	20,59
780	11.09.2017 16:09:50,000	-0,02	20,37
781	11.09.2017 16:10:00,000	-0,07	20,34
782	11.09.2017 16:10:10,000	-0,11	20,54
783	11.09.2017 16:10:20,000	-0,11	20,31
784	11.09.2017 16:10:30,000	-0,11	20,31
785	11.09.2017 16:10:40,000	-0,11	20,09
786	11.09.2017 16:10:50,000	-0,07	20,34
787	11.09.2017 16:11:00,000	0,02	20,16
788	11.09.2017 16:11:10,000	0,06	19,96
789	11.09.2017 16:11:20,000	0,06	19,74
790	11.09.2017 16:11:30,000	0,06	19,28
791	11.09.2017 16:11:40,000	0,02	18,81
792	11.09.2017 16:11:50,000	-0,02	18,10
793	11.09.2017 16:12:00,000	-0,07	17,62
794	11.09.2017 16:12:10,000	-0,07	16,49
795	11.09.2017 16:12:20,000	-0,07	16,04
796	11.09.2017 16:12:30,000	0,02	15,19
797	11.09.2017 16:12:40,000	0,34	14,48
798	11.09.2017 16:12:50,000	0,50	13,68
799	11.09.2017 16:13:00,000	1,02	12,88
800	11.09.2017 16:13:10,000	1,42	12,22
801	11.09.2017 16:13:20,000	1,73	11,51
802	11.09.2017 16:13:30,000	1,89	10,93
803	11.09.2017 16:13:40,000	2,12	10,85
804	11.09.2017 16:13:50,000	2,23	10,70
805	11.09.2017 16:14:00,000	2,31	11,20
806	11.09.2017 16:14:10,000	2,39	11,02
807	11.09.2017 16:14:20,000	2,35	11,67
808	11.09.2017 16:14:30,000	2,39	11,70
809	11.09.2017 16:14:40,000	2,20	12,25
810	11.09.2017 16:14:50,000	2,31	12,10
811	11.09.2017 16:15:00,000	2,31	11,87
812	11.09.2017 16:15:10,000	2,43	11,49
813	11.09.2017 16:15:20,000	2,39	11,02
814	11.09.2017 16:15:30,000	2,43	10,82
815	11.09.2017 16:15:40,000	2,50	10,41
816	11.09.2017 16:15:50,000	2,54	9,98
817	11.09.2017 16:16:00,000	2,54	9,98
818	11.09.2017 16:16:10,000	2,58	9,78
819	11.09.2017 16:16:20,000	2,58	10,01
820	11.09.2017 16:16:30,000	2,58	10,01
821	11.09.2017 16:16:40,000	2,54	9,98
822	11.09.2017 16:16:50,000	2,54	9,76
823	11.09.2017 16:17:00,000	2,54	9,76
824	11.09.2017 16:17:10,000	2,47	9,48
825	11.09.2017 16:17:20,000	2,50	9,51
826	11.09.2017 16:17:30,000	2,47	9,48
827	11.09.2017 16:17:40,000	2,50	9,51
828	11.09.2017 16:17:50,000	2,58	9,56
829	11.09.2017 16:18:00,000	2,58	9,56
830	11.09.2017 16:18:10,000	2,58	9,78
831	11.09.2017 16:18:20,000	2,62	9,58
832	11.09.2017 16:18:30,000	2,62	9,58
833	11.09.2017 16:18:40,000	2,62	9,13
834	11.09.2017 16:18:50,000	2,58	9,10
835	11.09.2017 16:19:00,000	2,54	9,08
836	11.09.2017 16:19:10,000	2,62	8,90
837	11.09.2017 16:19:20,000	2,58	9,10
838	11.09.2017 16:19:30,000	2,58	9,10
839	11.09.2017 16:19:40,000	2,62	9,35
840	11.09.2017 16:19:50,000	2,62	9,13
841	11.09.2017 16:20:00,000	2,62	9,35
842	11.09.2017 16:20:10,000	2,62	9,13
843	11.09.2017 16:20:20,000	2,66	8,70
844	11.09.2017 16:20:30,000	2,62	9,13
845	11.09.2017 16:20:40,000	2,62	9,35
846	11.09.2017 16:20:50,000	2,62	9,58
847	11.09.2017 16:21:00,000	2,62	9,58
848	11.09.2017 16:21:10,000	2,62	9,58
849	11.09.2017 16:21:20,000	2,58	9,33
850	11.09.2017 16:21:30,000	2,62	9,35
851	11.09.2017 16:21:40,000	2,62	9,58
852	11.09.2017 16:21:50,000	2,62	9,58
853	11.09.2017 16:22:00,000	2,62	9,35
854	11.09.2017 16:22:10,000	2,62	9,35
855	11.09.2017 16:22:20,000	2,62	7,77
856	11.09.2017 16:22:30,000	2,66	6,67
857	11.09.2017 16:22:40,000	2,66	5,76
858	11.09.2017 16:22:50,000	2,66	5,08
859	11.09.2017 16:23:00,000	2,66	5,76
860	11.09.2017 16:23:10,000	2,66	6,67
861	11.09.2017 16:23:20,000	2,66	7,12
862	11.09.2017 16:23:30,000	2,66	7,34
863	11.09.2017 16:23:40,000	2,66	7,57
864	11.09.2017 16:23:50,000	2,66	7,80
865	11.09.2017 16:24:00,000	2,66	8,02
866	11.09.2017 16:24:10,000	2,66	8,47
867	11.09.2017 16:24:20,000	2,66	8,02
868	11.09.2017 16:24:30,000	2,62	7,09
869	11.09.2017 16:24:40,000	2,66	6,21
870	11.09.2017 16:24:50,000	2,66	5,54
871	11.09.2017 16:25:00,000	2,70	4,66
872	11.09.2017 16:25:10,000	2,70	3,54
873	11.09.2017 16:25:20,000	2,70	2,64
874	11.09.2017 16:25:30,000	2,70	1,51
875	11.09.2017 16:25:40,000	2,70	1,05
876	11.09.2017 16:25:50,000	2,70	0,15
877	11.09.2017 16:26:00,000	2,70	0,00
878	11.09.2017 16:26:10,000	2,73	0,00
879	11.09.2017 16:26:20,000	2,70	0,00
880	11.09.2017 16:26:30,000	2,73	0,00
881	11.09.2017 16:26:40,000	2,70	0,00
882	11.09.2017 16:26:50,000	2,70	0,00
883	11.09.2017 16:27:00,000	2,70	0,00
884	11.09.2017 16:27:10,000	2,70	0,00
885	11.09.2017 16:27:20,000	2,70	0,00
886	11.09.2017 16:27:30,000	2,70	0,00
887	11.09.2017 16:27:40,000	2,70	0,00
888	11.09.2017 16:27:50,000	2,70	0,00
889	11.09.2017 16:28:00,000	2,70	0,00
890	11.09.2017 16:28:10,000	2,70	0,00
891	11.09.2017 16:28:20,000	2,70	0,00
892	11.09.2017 16:28:30,000	2,70	0,00
893	11.09.2017 16:28:40,000	2,70	0,00
894	11.09.2017 16:28:50,000	2,70	0,00
895	11.09.2017 16:29:00,000	2,70	0,00
896	11.09.2017 16:29:10,000	2,73	0,00
897	11.09.2017 16:29:20,000	2,73	0,00
898	11.09.2017 16:29:30,000	2,73	0,00
899	11.09.2017 16:29:40,000	2,73	0,00
900	11.09.2017 16:29:50,000	2,73	0,00
901	11.09.2017 16:30:00,000	2,73	0,00
902	11.09.2017 16:30:10,000	2,73	0,00
903	11.09.2017 16:30:20,000	2,73	0,00
904	11.09.2017 16:30:30,000	2,73	0,00
905	11.09.2017 16:30:40,000	2,73	0,00
906	11.09.2017 16:30:50,000	2,73	0,00
907	11.09.2017 16:31:00,000	2,73	0,00
908	11.09.2017 16:31:10,000	2,77	0,00
909	11.09.2017 16:31:20,000	2,77	0,00
910	11.09.2017 16:31:30,000	2,77	0,00
911	11.09.2017 16:31:40,000	2,81	0,00
912	11.09.2017 16:31:50,000	2,81	0,00
913	11.09.2017 16:32:00,000	2,81	0,00
914	11.09.2017 16:32:10,000	2,85	0,00
915	11.09.2017 16:32:20,000	2,85	0,00
916	11.09.2017 16:32:30,000	2,85	0,00
917	11.09.2017 16:32:40,000	2,89	0,00
918	11.09.2017 16:32:50,000	2,89	0,00
919	11.09.2017 16:33:00,000	2,92	0,00
920	11.09.2017 16:33:10,000	2,92	0,00
921	11.09.2017 16:33:20,000	2,96	0,00
922	11.09.2017 16:33:30,000	2,96	0,00
923	11.09.2017 16:33:40,000	3,00	0,00
924	11.09.2017 16:33:50,000	3,00	0,00
925	11.09.2017 16:34:00,000	3,04	0,00
926	11.09.2017 16:34:10,000	3,04	0,00
927	11.09.2017 16:34:20,000	3,08	0,00
928	11.09.2017 16:34:30,000	3,11	0,00
929	11.09.2017 16:34:40,000	3,11	0,00
930	11.09.2017 16:34:50,000	3,15	0,00
931	11.09.2017 16:35:00,000	3,19	0,00
932	11.09.2017 16:35:10,000	3,23	0,00
933	11.09.2017 16:35:20,000	3,26	0,00
934	11.09.2017 16:35:30,000	3,34	0,00
935	11.09.2017 16:35:40,000	3,38	0,00
936	11.09.2017 16:35:50,000	3,41	0,00
937	11.09.2017 16:36:00,000	3,45	0,00
938	11.09.2017 16:36:10,000	3,49	0,00
939	11.09.2017 16:36:20,000	3,56	0,00
940	11.09.2017 16:36:30,000	3,60	0,00
941	11.09.2017 16:36:40,000	3,64	0,00
942	11.09.2017 16:36:50,000	3,68	0,00
943	11.09.2017 16:37:00,000	3,75	0,00
944	11.09.2017 16:37:10,000	3,79	0,00
945	11.09.2017 16:37:20,000	3,86	0,00
946	11.09.2017 16:37:30,000	3,90	0,00
947	11.09.2017 16:37:40,000	3,94	0,00
948	11.09.2017 16:37:50,000	4,01	0,00
949	11.09.2017 16:38:00,000	4,08	0,00
950	11.09.2017 16:38:10,000	4,12	0,00
951	11.09.2017 16:38:20,000	4,20	0,00
952	11.09.2017 16:38:30,000	4,23	0,00
953	11.09.2017 16:38:40,000	4,27	0,00
954	11.09.2017 16:38:50,000	4,34	0,00
955	11.09.2017 16:39:00,000	4,42	0,00
956	11.09.2017 16:39:10,000	4,45	0,00
957	11.09.2017 16:39:20,000	4,53	0,00
958	11.09.2017 16:39:30,000	4,60	0,00
959	11.09.2017 16:39:40,000	4,64	0,00
960	11.09.2017 16:39:50,000	4,71	0,00
961	11.09.2017 16:40:00,000	4,78	0,00
962	11.09.2017 16:40:10,000	4,82	0,00
963	11.09.2017 16:40:20,000	4,85	0,00
964	11.09.2017 16:40:30,000	4,93	0,00
965	11.09.2017 16:40:40,000	5,00	0,00
966	11.09.2017 16:40:50,000	5,04	0,00
967	11.09.2017 16:41:00,000	5,11	0,00
968	11.09.2017 16:41:10,000	5,18	0,00
969	11.09.2017 16:41:20,000	5,25	0,00
970	11.09.2017 16:41:30,000	5,29	0,00
971	11.09.2017 16:41:40,000	5,36	0,00
972	11.09.2017 16:41:50,000	5,40	0,00
973	11.09.2017 16:42:00,000	5,47	0,00
974	11.09.2017 16:42:10,000	5,54	0,00
975	11.09.2017 16:42:20,000	5,61	0,00
976	11.09.2017 16:42:30,000	5,65	0,00
977	11.09.2017 16:42:40,000	5,72	0,00
978	11.09.2017 16:42:50,000	5,79	0,00
979	11.09.2017 16:43:00,000	5,86	0,00
980	11.09.2017 16:43:10,000	5,90	0,00
981	11.09.2017 16:43:20,000	5,97	0,00
982	11.09.2017 16:43:30,000	6,00	0,00
983	11.09.2017 16:43:40,000	6,07	0,00
984	11.09.2017 16:43:50,000	7,26	0,00
985	11.09.2017 16:44:00,000	9,63	0,00
986	11.09.2017 16:44:10,000	13,45	0,00
987	11.09.2017 16:44:20,000	16,37	0,00
988	11.09.2017 16:44:30,000	18,71	0,00
