#B	Created:	12.09.2017 05:58:28
##	Version	SeaStar	7.49
#5	Field separation:	0
#2	Date & Time:	1
#6	Decimal point:	,
#7	Date def.:	dd.mm.yyyy	.
#8	Time def.:	:
##	Axis	0	Temperature(°C)	clRed	FALSE
##	Axis	1	Depth(m)	clBlue	TRUE
##	Series	0	Temp(°C)	clRed	0	Temp(°C)	2
##	Series	1	Depth(m)	clBlue	1	Depth(m)	2
##	Recorder	29	DST centi	8762
##	Chart	29C8762DAT	
#D	Data:	949	12.09.2017 03:20:00	12.09.2017 05:58:00
1	12.09.2017 03:20:00,000	23,27	0,78
2	12.09.2017 03:20:10,000	23,18	0,67
3	12.09.2017 03:20:20,000	23,12	0,85
4	12.09.2017 03:20:30,000	23,03	0,75
5	12.09.2017 03:20:40,000	22,95	0,88
6	12.09.2017 03:20:50,000	22,86	1,02
7	12.09.2017 03:21:00,000	22,74	0,89
8	12.09.2017 03:21:10,000	22,66	1,02
9	12.09.2017 03:21:20,000	22,57	1,16
10	12.09.2017 03:21:30,000	22,45	1,03
11	12.09.2017 03:21:40,000	15,49	11,74
12	12.09.2017 03:21:50,000	12,04	10,65
13	12.09.2017 03:22:00,000	9,09	9,19
14	12.09.2017 03:22:10,000	8,62	6,44
15	12.09.2017 03:22:20,000	7,70	5,30
16	12.09.2017 03:22:30,000	6,79	5,62
17	12.09.2017 03:22:40,000	6,37	4,85
18	12.09.2017 03:22:50,000	5,69	6,42
19	12.09.2017 03:23:00,000	5,11	8,11
20	12.09.2017 03:23:10,000	4,11	10,98
21	12.09.2017 03:23:20,000	3,05	13,05
22	12.09.2017 03:23:30,000	2,75	13,87
23	12.09.2017 03:23:40,000	2,36	15,81
24	12.09.2017 03:23:50,000	2,13	18,17
25	12.09.2017 03:24:00,000	1,73	20,83
26	12.09.2017 03:24:10,000	1,61	22,85
27	12.09.2017 03:24:20,000	1,46	25,07
28	12.09.2017 03:24:30,000	1,30	27,76
29	12.09.2017 03:24:40,000	0,90	29,69
30	12.09.2017 03:24:50,000	0,49	28,48
31	12.09.2017 03:25:00,000	0,37	27,12
32	12.09.2017 03:25:10,000	0,29	26,06
33	12.09.2017 03:25:20,000	0,25	25,53
34	12.09.2017 03:25:30,000	0,16	24,95
35	12.09.2017 03:25:40,000	0,16	24,95
36	12.09.2017 03:25:50,000	0,08	26,30
37	12.09.2017 03:26:00,000	0,00	28,13
38	12.09.2017 03:26:10,000	-0,17	29,38
39	12.09.2017 03:26:20,000	-0,25	29,28
40	12.09.2017 03:26:30,000	-0,33	28,94
41	12.09.2017 03:26:40,000	-0,37	28,41
42	12.09.2017 03:26:50,000	-0,37	27,92
43	12.09.2017 03:27:00,000	-0,33	27,49
44	12.09.2017 03:27:10,000	-0,33	27,01
45	12.09.2017 03:27:20,000	-0,33	26,04
46	12.09.2017 03:27:30,000	-0,33	26,04
47	12.09.2017 03:27:40,000	-0,29	25,85
48	12.09.2017 03:27:50,000	-0,29	25,61
49	12.09.2017 03:28:00,000	-0,29	25,85
50	12.09.2017 03:28:10,000	-0,29	28,02
51	12.09.2017 03:28:20,000	-0,37	29,37
52	12.09.2017 03:28:30,000	-0,41	30,52
53	12.09.2017 03:28:40,000	-0,46	30,72
54	12.09.2017 03:28:50,000	-0,50	31,87
55	12.09.2017 03:29:00,000	-0,46	33,13
56	12.09.2017 03:29:10,000	-0,46	34,09
57	12.09.2017 03:29:20,000	-0,46	35,54
58	12.09.2017 03:29:30,000	-0,46	36,02
59	12.09.2017 03:29:40,000	-0,46	36,02
60	12.09.2017 03:29:50,000	-0,46	36,26
61	12.09.2017 03:30:00,000	-0,46	36,26
62	12.09.2017 03:30:10,000	-0,46	36,02
63	12.09.2017 03:30:20,000	-0,46	36,02
64	12.09.2017 03:30:30,000	-0,46	36,26
65	12.09.2017 03:30:40,000	-0,46	36,98
66	12.09.2017 03:30:50,000	-0,41	37,76
67	12.09.2017 03:31:00,000	-0,41	38,48
68	12.09.2017 03:31:10,000	-0,41	38,96
69	12.09.2017 03:31:20,000	-0,41	39,20
70	12.09.2017 03:31:30,000	-0,41	39,20
71	12.09.2017 03:31:40,000	-0,37	39,01
72	12.09.2017 03:31:50,000	-0,37	39,01
73	12.09.2017 03:32:00,000	-0,37	39,49
74	12.09.2017 03:32:10,000	-0,37	40,46
75	12.09.2017 03:32:20,000	-0,33	41,71
76	12.09.2017 03:32:30,000	-0,37	42,87
77	12.09.2017 03:32:40,000	-0,37	44,32
78	12.09.2017 03:32:50,000	-0,41	44,99
79	12.09.2017 03:33:00,000	-0,46	45,18
80	12.09.2017 03:33:10,000	-0,46	44,46
81	12.09.2017 03:33:20,000	-0,46	43,98
82	12.09.2017 03:33:30,000	-0,41	43,54
83	12.09.2017 03:33:40,000	-0,41	41,86
84	12.09.2017 03:33:50,000	-0,41	41,62
85	12.09.2017 03:34:00,000	-0,37	41,18
86	12.09.2017 03:34:10,000	-0,37	41,42
87	12.09.2017 03:34:20,000	-0,37	40,70
88	12.09.2017 03:34:30,000	-0,37	40,22
89	12.09.2017 03:34:40,000	-0,37	39,74
90	12.09.2017 03:34:50,000	-0,37	39,74
91	12.09.2017 03:35:00,000	-0,37	39,98
92	12.09.2017 03:35:10,000	-0,37	40,22
93	12.09.2017 03:35:20,000	-0,37	40,46
94	12.09.2017 03:35:30,000	-0,37	40,70
95	12.09.2017 03:35:40,000	-0,37	41,18
96	12.09.2017 03:35:50,000	-0,33	41,71
97	12.09.2017 03:36:00,000	-0,33	42,44
98	12.09.2017 03:36:10,000	-0,33	42,92
99	12.09.2017 03:36:20,000	-0,37	43,59
100	12.09.2017 03:36:30,000	-0,37	44,08
101	12.09.2017 03:36:40,000	-0,37	45,28
102	12.09.2017 03:36:50,000	-0,41	45,96
103	12.09.2017 03:37:00,000	-0,41	46,44
104	12.09.2017 03:37:10,000	-0,41	47,40
105	12.09.2017 03:37:20,000	-0,41	48,37
106	12.09.2017 03:37:30,000	-0,46	49,28
107	12.09.2017 03:37:40,000	-0,46	50,25
108	12.09.2017 03:37:50,000	-0,46	51,46
109	12.09.2017 03:38:00,000	-0,50	52,61
110	12.09.2017 03:38:10,000	-0,50	53,82
111	12.09.2017 03:38:20,000	-0,54	55,22
112	12.09.2017 03:38:30,000	-0,54	56,42
113	12.09.2017 03:38:40,000	-0,58	57,34
114	12.09.2017 03:38:50,000	-0,58	58,79
115	12.09.2017 03:39:00,000	-0,58	60,24
116	12.09.2017 03:39:10,000	-0,62	61,39
117	12.09.2017 03:39:20,000	-0,62	62,36
118	12.09.2017 03:39:30,000	-0,58	63,86
119	12.09.2017 03:39:40,000	-0,58	65,31
120	12.09.2017 03:39:50,000	-0,58	66,75
121	12.09.2017 03:40:00,000	-0,62	67,91
122	12.09.2017 03:40:10,000	-0,62	69,60
123	12.09.2017 03:40:20,000	-0,67	71,24
124	12.09.2017 03:40:30,000	-0,71	72,40
125	12.09.2017 03:40:40,000	-0,71	74,09
126	12.09.2017 03:40:50,000	-0,75	75,25
127	12.09.2017 03:41:00,000	-0,79	76,65
128	12.09.2017 03:41:10,000	-0,79	78,10
129	12.09.2017 03:41:20,000	-0,83	79,74
130	12.09.2017 03:41:30,000	-0,88	81,14
131	12.09.2017 03:41:40,000	-0,88	82,59
132	12.09.2017 03:41:50,000	-0,92	83,99
133	12.09.2017 03:42:00,000	-0,92	85,44
134	12.09.2017 03:42:10,000	-0,96	86,84
135	12.09.2017 03:42:20,000	-0,96	88,05
136	12.09.2017 03:42:30,000	-0,96	89,50
137	12.09.2017 03:42:40,000	-1,00	90,65
138	12.09.2017 03:42:50,000	-1,00	91,86
139	12.09.2017 03:43:00,000	-1,00	93,31
140	12.09.2017 03:43:10,000	-1,04	94,71
141	12.09.2017 03:43:20,000	-1,04	96,16
142	12.09.2017 03:43:30,000	-1,09	97,56
143	12.09.2017 03:43:40,000	-1,09	99,01
144	12.09.2017 03:43:50,000	-1,13	100,66
145	12.09.2017 03:44:00,000	-1,13	102,11
146	12.09.2017 03:44:10,000	-1,17	103,75
147	12.09.2017 03:44:20,000	-1,17	105,68
148	12.09.2017 03:44:30,000	-1,21	107,08
149	12.09.2017 03:44:40,000	-1,21	109,02
150	12.09.2017 03:44:50,000	-1,21	110,71
151	12.09.2017 03:45:00,000	-1,26	112,59
152	12.09.2017 03:45:10,000	-1,26	114,53
153	12.09.2017 03:45:20,000	-1,26	116,46
154	12.09.2017 03:45:30,000	-1,26	118,64
155	12.09.2017 03:45:40,000	-1,21	120,38
156	12.09.2017 03:45:50,000	-1,21	122,56
157	12.09.2017 03:46:00,000	-1,21	124,74
158	12.09.2017 03:46:10,000	-1,17	126,72
159	12.09.2017 03:46:20,000	-1,17	128,90
160	12.09.2017 03:46:30,000	-1,21	131,03
161	12.09.2017 03:46:40,000	-1,26	133,16
162	12.09.2017 03:46:50,000	-1,26	135,09
163	12.09.2017 03:47:00,000	-1,21	137,32
164	12.09.2017 03:47:10,000	-1,17	139,31
165	12.09.2017 03:47:20,000	-1,17	141,48
166	12.09.2017 03:47:30,000	-1,21	143,61
167	12.09.2017 03:47:40,000	-1,21	145,55
168	12.09.2017 03:47:50,000	-1,21	147,48
169	12.09.2017 03:48:00,000	-1,21	149,66
170	12.09.2017 03:48:10,000	-1,21	151,12
171	12.09.2017 03:48:20,000	-1,21	153,05
172	12.09.2017 03:48:30,000	-1,21	154,99
173	12.09.2017 03:48:40,000	-1,21	156,68
174	12.09.2017 03:48:50,000	-1,17	158,43
175	12.09.2017 03:49:00,000	-1,17	160,12
176	12.09.2017 03:49:10,000	-1,13	161,87
177	12.09.2017 03:49:20,000	-1,13	163,08
178	12.09.2017 03:49:30,000	-1,09	164,58
179	12.09.2017 03:49:40,000	-1,04	165,60
180	12.09.2017 03:49:50,000	-1,04	167,05
181	12.09.2017 03:50:00,000	-1,00	168,07
182	12.09.2017 03:50:10,000	-1,00	169,28
183	12.09.2017 03:50:20,000	-0,96	170,54
184	12.09.2017 03:50:30,000	-0,96	171,27
185	12.09.2017 03:50:40,000	-0,92	172,29
186	12.09.2017 03:50:50,000	-0,88	173,31
187	12.09.2017 03:51:00,000	-0,88	174,27
188	12.09.2017 03:51:10,000	-0,83	174,81
189	12.09.2017 03:51:20,000	-0,79	175,58
190	12.09.2017 03:51:30,000	-0,79	176,07
191	12.09.2017 03:51:40,000	-0,75	176,85
192	12.09.2017 03:51:50,000	-0,75	177,33
193	12.09.2017 03:52:00,000	-0,71	178,11
194	12.09.2017 03:52:10,000	-0,71	178,59
195	12.09.2017 03:52:20,000	-0,67	179,12
196	12.09.2017 03:52:30,000	-0,67	179,37
197	12.09.2017 03:52:40,000	-0,67	180,09
198	12.09.2017 03:52:50,000	-0,62	180,39
199	12.09.2017 03:53:00,000	-0,62	181,11
200	12.09.2017 03:53:10,000	-0,62	181,84
201	12.09.2017 03:53:20,000	-0,62	182,56
202	12.09.2017 03:53:30,000	-0,62	183,05
203	12.09.2017 03:53:40,000	-0,58	184,07
204	12.09.2017 03:53:50,000	-0,58	184,79
205	12.09.2017 03:54:00,000	-0,58	185,52
206	12.09.2017 03:54:10,000	-0,58	186,73
207	12.09.2017 03:54:20,000	-0,58	187,46
208	12.09.2017 03:54:30,000	-0,54	188,48
209	12.09.2017 03:54:40,000	-0,54	189,44
210	12.09.2017 03:54:50,000	-0,54	190,66
211	12.09.2017 03:55:00,000	-0,50	191,67
212	12.09.2017 03:55:10,000	-0,50	193,13
213	12.09.2017 03:55:20,000	-0,46	194,39
214	12.09.2017 03:55:30,000	-0,46	195,60
215	12.09.2017 03:55:40,000	-0,41	196,62
216	12.09.2017 03:55:50,000	-0,41	198,07
217	12.09.2017 03:56:00,000	-0,37	199,33
218	12.09.2017 03:56:10,000	-0,37	200,54
219	12.09.2017 03:56:20,000	-0,33	201,80
220	12.09.2017 03:56:30,000	-0,33	203,50
221	12.09.2017 03:56:40,000	-0,33	204,95
222	12.09.2017 03:56:50,000	-0,29	206,21
223	12.09.2017 03:57:00,000	-0,29	207,66
224	12.09.2017 03:57:10,000	-0,29	209,36
225	12.09.2017 03:57:20,000	-0,29	210,57
226	12.09.2017 03:57:30,000	-0,25	212,07
227	12.09.2017 03:57:40,000	-0,25	213,53
228	12.09.2017 03:57:50,000	-0,25	214,98
229	12.09.2017 03:58:00,000	-0,21	216,24
230	12.09.2017 03:58:10,000	-0,21	217,45
231	12.09.2017 03:58:20,000	-0,21	219,15
232	12.09.2017 03:58:30,000	-0,17	220,41
233	12.09.2017 03:58:40,000	-0,17	221,62
234	12.09.2017 03:58:50,000	-0,12	222,39
235	12.09.2017 03:59:00,000	-0,12	222,88
236	12.09.2017 03:59:10,000	-0,12	223,36
237	12.09.2017 03:59:20,000	-0,08	223,41
238	12.09.2017 03:59:30,000	-0,08	223,41
239	12.09.2017 03:59:40,000	-0,08	223,17
240	12.09.2017 03:59:50,000	-0,08	222,93
241	12.09.2017 04:00:00,000	-0,08	222,69
242	12.09.2017 04:00:10,000	-0,08	222,44
243	12.09.2017 04:00:20,000	-0,08	222,20
244	12.09.2017 04:00:30,000	-0,08	221,72
245	12.09.2017 04:00:40,000	-0,08	221,47
246	12.09.2017 04:00:50,000	-0,08	221,47
247	12.09.2017 04:01:00,000	-0,08	220,99
248	12.09.2017 04:01:10,000	-0,08	220,75
249	12.09.2017 04:01:20,000	-0,08	220,51
250	12.09.2017 04:01:30,000	-0,08	220,26
251	12.09.2017 04:01:40,000	-0,08	220,02
252	12.09.2017 04:01:50,000	-0,08	220,02
253	12.09.2017 04:02:00,000	-0,12	219,73
254	12.09.2017 04:02:10,000	-0,12	219,49
255	12.09.2017 04:02:20,000	-0,12	219,49
256	12.09.2017 04:02:30,000	-0,12	219,25
257	12.09.2017 04:02:40,000	-0,12	219,00
258	12.09.2017 04:02:50,000	-0,12	219,00
259	12.09.2017 04:03:00,000	-0,12	218,76
260	12.09.2017 04:03:10,000	-0,12	218,52
261	12.09.2017 04:03:20,000	-0,12	218,28
262	12.09.2017 04:03:30,000	-0,12	218,03
263	12.09.2017 04:03:40,000	-0,12	218,03
264	12.09.2017 04:03:50,000	-0,12	217,55
265	12.09.2017 04:04:00,000	-0,12	217,31
266	12.09.2017 04:04:10,000	-0,12	217,07
267	12.09.2017 04:04:20,000	-0,12	216,58
268	12.09.2017 04:04:30,000	-0,12	216,10
269	12.09.2017 04:04:40,000	-0,12	215,61
270	12.09.2017 04:04:50,000	-0,12	214,89
271	12.09.2017 04:05:00,000	-0,12	214,89
272	12.09.2017 04:05:10,000	-0,12	214,16
273	12.09.2017 04:05:20,000	-0,17	213,63
274	12.09.2017 04:05:30,000	-0,17	213,14
275	12.09.2017 04:05:40,000	-0,17	212,41
276	12.09.2017 04:05:50,000	-0,17	212,17
277	12.09.2017 04:06:00,000	-0,17	211,45
278	12.09.2017 04:06:10,000	-0,17	210,72
279	12.09.2017 04:06:20,000	-0,21	210,19
280	12.09.2017 04:06:30,000	-0,21	209,46
281	12.09.2017 04:06:40,000	-0,21	209,22
282	12.09.2017 04:06:50,000	-0,21	208,25
283	12.09.2017 04:07:00,000	-0,21	207,52
284	12.09.2017 04:07:10,000	-0,21	207,04
285	12.09.2017 04:07:20,000	-0,21	206,07
286	12.09.2017 04:07:30,000	-0,21	205,34
287	12.09.2017 04:07:40,000	-0,21	204,86
288	12.09.2017 04:07:50,000	-0,25	203,84
289	12.09.2017 04:08:00,000	-0,25	203,60
290	12.09.2017 04:08:10,000	-0,25	202,63
291	12.09.2017 04:08:20,000	-0,25	202,14
292	12.09.2017 04:08:30,000	-0,25	201,18
293	12.09.2017 04:08:40,000	-0,25	200,21
294	12.09.2017 04:08:50,000	-0,25	199,72
295	12.09.2017 04:09:00,000	-0,29	198,95
296	12.09.2017 04:09:10,000	-0,29	198,22
297	12.09.2017 04:09:20,000	-0,29	197,74
298	12.09.2017 04:09:30,000	-0,29	196,77
299	12.09.2017 04:09:40,000	-0,29	196,52
300	12.09.2017 04:09:50,000	-0,29	196,04
301	12.09.2017 04:10:00,000	-0,29	195,56
302	12.09.2017 04:10:10,000	-0,33	195,26
303	12.09.2017 04:10:20,000	-0,33	195,02
304	12.09.2017 04:10:30,000	-0,33	195,02
305	12.09.2017 04:10:40,000	-0,33	195,02
306	12.09.2017 04:10:50,000	-0,33	195,02
307	12.09.2017 04:11:00,000	-0,33	195,51
308	12.09.2017 04:11:10,000	-0,33	195,99
309	12.09.2017 04:11:20,000	-0,33	196,23
310	12.09.2017 04:11:30,000	-0,33	196,72
311	12.09.2017 04:11:40,000	-0,33	196,96
312	12.09.2017 04:11:50,000	-0,33	197,69
313	12.09.2017 04:12:00,000	-0,33	198,17
314	12.09.2017 04:12:10,000	-0,37	198,85
315	12.09.2017 04:12:20,000	-0,33	199,38
316	12.09.2017 04:12:30,000	-0,37	199,81
317	12.09.2017 04:12:40,000	-0,37	200,30
318	12.09.2017 04:12:50,000	-0,33	201,08
319	12.09.2017 04:13:00,000	-0,33	201,80
320	12.09.2017 04:13:10,000	-0,33	202,53
321	12.09.2017 04:13:20,000	-0,33	203,01
322	12.09.2017 04:13:30,000	-0,29	204,03
323	12.09.2017 04:13:40,000	-0,29	204,52
324	12.09.2017 04:13:50,000	-0,29	205,24
325	12.09.2017 04:14:00,000	-0,29	206,21
326	12.09.2017 04:14:10,000	-0,29	206,94
327	12.09.2017 04:14:20,000	-0,25	207,71
328	12.09.2017 04:14:30,000	-0,25	208,68
329	12.09.2017 04:14:40,000	-0,25	209,41
330	12.09.2017 04:14:50,000	-0,25	210,14
331	12.09.2017 04:15:00,000	-0,25	210,86
332	12.09.2017 04:15:10,000	-0,25	211,83
333	12.09.2017 04:15:20,000	-0,25	212,56
334	12.09.2017 04:15:30,000	-0,25	213,53
335	12.09.2017 04:15:40,000	-0,25	214,01
336	12.09.2017 04:15:50,000	-0,21	214,79
337	12.09.2017 04:16:00,000	-0,21	215,27
338	12.09.2017 04:16:10,000	-0,21	215,51
339	12.09.2017 04:16:20,000	-0,21	216,00
340	12.09.2017 04:16:30,000	-0,21	216,48
341	12.09.2017 04:16:40,000	-0,21	216,72
342	12.09.2017 04:16:50,000	-0,21	216,97
343	12.09.2017 04:17:00,000	-0,21	217,21
344	12.09.2017 04:17:10,000	-0,21	217,45
345	12.09.2017 04:17:20,000	-0,21	217,69
346	12.09.2017 04:17:30,000	-0,21	217,69
347	12.09.2017 04:17:40,000	-0,25	217,40
348	12.09.2017 04:17:50,000	-0,21	217,45
349	12.09.2017 04:18:00,000	-0,21	217,69
350	12.09.2017 04:18:10,000	-0,21	217,45
351	12.09.2017 04:18:20,000	-0,21	217,45
352	12.09.2017 04:18:30,000	-0,25	217,16
353	12.09.2017 04:18:40,000	-0,25	217,40
354	12.09.2017 04:18:50,000	-0,25	217,16
355	12.09.2017 04:19:00,000	-0,25	217,16
356	12.09.2017 04:19:10,000	-0,25	217,16
357	12.09.2017 04:19:20,000	-0,25	216,92
358	12.09.2017 04:19:30,000	-0,25	216,67
359	12.09.2017 04:19:40,000	-0,25	216,19
360	12.09.2017 04:19:50,000	-0,25	216,19
361	12.09.2017 04:20:00,000	-0,25	215,71
362	12.09.2017 04:20:10,000	-0,25	215,71
363	12.09.2017 04:20:20,000	-0,25	214,98
364	12.09.2017 04:20:30,000	-0,25	214,98
365	12.09.2017 04:20:40,000	-0,25	214,49
366	12.09.2017 04:20:50,000	-0,25	214,25
367	12.09.2017 04:21:00,000	-0,25	213,77
368	12.09.2017 04:21:10,000	-0,25	213,53
369	12.09.2017 04:21:20,000	-0,25	213,04
370	12.09.2017 04:21:30,000	-0,25	212,32
371	12.09.2017 04:21:40,000	-0,25	211,59
372	12.09.2017 04:21:50,000	-0,21	211,64
373	12.09.2017 04:22:00,000	-0,25	210,86
374	12.09.2017 04:22:10,000	-0,25	210,38
375	12.09.2017 04:22:20,000	-0,25	209,89
376	12.09.2017 04:22:30,000	-0,25	209,41
377	12.09.2017 04:22:40,000	-0,25	208,92
378	12.09.2017 04:22:50,000	-0,25	208,44
379	12.09.2017 04:23:00,000	-0,25	207,96
380	12.09.2017 04:23:10,000	-0,25	207,47
381	12.09.2017 04:23:20,000	-0,25	206,99
382	12.09.2017 04:23:30,000	-0,25	206,26
383	12.09.2017 04:23:40,000	-0,25	206,26
384	12.09.2017 04:23:50,000	-0,25	205,53
385	12.09.2017 04:24:00,000	-0,29	205,24
386	12.09.2017 04:24:10,000	-0,29	205,24
387	12.09.2017 04:24:20,000	-0,29	205,24
388	12.09.2017 04:24:30,000	-0,29	205,24
389	12.09.2017 04:24:40,000	-0,29	205,00
390	12.09.2017 04:24:50,000	-0,29	205,24
391	12.09.2017 04:25:00,000	-0,29	205,48
392	12.09.2017 04:25:10,000	-0,29	205,48
393	12.09.2017 04:25:20,000	-0,29	205,73
394	12.09.2017 04:25:30,000	-0,29	205,97
395	12.09.2017 04:25:40,000	-0,29	206,21
396	12.09.2017 04:25:50,000	-0,29	206,70
397	12.09.2017 04:26:00,000	-0,29	206,70
398	12.09.2017 04:26:10,000	-0,29	206,94
399	12.09.2017 04:26:20,000	-0,29	207,18
400	12.09.2017 04:26:30,000	-0,29	207,42
401	12.09.2017 04:26:40,000	-0,29	207,66
402	12.09.2017 04:26:50,000	-0,29	207,91
403	12.09.2017 04:27:00,000	-0,29	208,15
404	12.09.2017 04:27:10,000	-0,29	207,91
405	12.09.2017 04:27:20,000	-0,29	207,91
406	12.09.2017 04:27:30,000	-0,29	207,91
407	12.09.2017 04:27:40,000	-0,29	207,66
408	12.09.2017 04:27:50,000	-0,29	207,42
409	12.09.2017 04:28:00,000	-0,29	207,18
410	12.09.2017 04:28:10,000	-0,29	206,70
411	12.09.2017 04:28:20,000	-0,29	206,45
412	12.09.2017 04:28:30,000	-0,29	206,21
413	12.09.2017 04:28:40,000	-0,25	205,78
414	12.09.2017 04:28:50,000	-0,25	205,53
415	12.09.2017 04:29:00,000	-0,29	205,24
416	12.09.2017 04:29:10,000	-0,29	205,00
417	12.09.2017 04:29:20,000	-0,29	205,00
418	12.09.2017 04:29:30,000	-0,29	204,52
419	12.09.2017 04:29:40,000	-0,29	204,27
420	12.09.2017 04:29:50,000	-0,25	204,08
421	12.09.2017 04:30:00,000	-0,25	203,84
422	12.09.2017 04:30:10,000	-0,25	203,60
423	12.09.2017 04:30:20,000	-0,25	203,35
424	12.09.2017 04:30:30,000	-0,25	202,87
425	12.09.2017 04:30:40,000	-0,25	202,63
426	12.09.2017 04:30:50,000	-0,25	202,39
427	12.09.2017 04:31:00,000	-0,25	201,90
428	12.09.2017 04:31:10,000	-0,25	201,90
429	12.09.2017 04:31:20,000	-0,25	201,42
430	12.09.2017 04:31:30,000	-0,25	201,42
431	12.09.2017 04:31:40,000	-0,25	201,18
432	12.09.2017 04:31:50,000	-0,25	200,69
433	12.09.2017 04:32:00,000	-0,25	200,69
434	12.09.2017 04:32:10,000	-0,25	200,21
435	12.09.2017 04:32:20,000	-0,25	199,96
436	12.09.2017 04:32:30,000	-0,29	199,67
437	12.09.2017 04:32:40,000	-0,25	199,48
438	12.09.2017 04:32:50,000	-0,29	199,19
439	12.09.2017 04:33:00,000	-0,25	199,00
440	12.09.2017 04:33:10,000	-0,29	198,46
441	12.09.2017 04:33:20,000	-0,29	198,22
442	12.09.2017 04:33:30,000	-0,25	198,27
443	12.09.2017 04:33:40,000	-0,29	197,74
444	12.09.2017 04:33:50,000	-0,29	197,49
445	12.09.2017 04:34:00,000	-0,29	197,25
446	12.09.2017 04:34:10,000	-0,29	197,01
447	12.09.2017 04:34:20,000	-0,29	197,01
448	12.09.2017 04:34:30,000	-0,29	196,52
449	12.09.2017 04:34:40,000	-0,29	196,52
450	12.09.2017 04:34:50,000	-0,29	196,28
451	12.09.2017 04:35:00,000	-0,29	196,28
452	12.09.2017 04:35:10,000	-0,29	195,80
453	12.09.2017 04:35:20,000	-0,33	195,75
454	12.09.2017 04:35:30,000	-0,33	195,51
455	12.09.2017 04:35:40,000	-0,33	195,26
456	12.09.2017 04:35:50,000	-0,33	195,26
457	12.09.2017 04:36:00,000	-0,33	195,26
458	12.09.2017 04:36:10,000	-0,33	195,02
459	12.09.2017 04:36:20,000	-0,37	194,97
460	12.09.2017 04:36:30,000	-0,37	194,49
461	12.09.2017 04:36:40,000	-0,37	194,25
462	12.09.2017 04:36:50,000	-0,37	194,49
463	12.09.2017 04:37:00,000	-0,37	194,00
464	12.09.2017 04:37:10,000	-0,37	194,25
465	12.09.2017 04:37:20,000	-0,37	194,00
466	12.09.2017 04:37:30,000	-0,41	193,71
467	12.09.2017 04:37:40,000	-0,41	193,71
468	12.09.2017 04:37:50,000	-0,41	193,71
469	12.09.2017 04:38:00,000	-0,41	193,47
470	12.09.2017 04:38:10,000	-0,41	193,47
471	12.09.2017 04:38:20,000	-0,41	193,47
472	12.09.2017 04:38:30,000	-0,41	193,23
473	12.09.2017 04:38:40,000	-0,41	193,23
474	12.09.2017 04:38:50,000	-0,41	193,23
475	12.09.2017 04:39:00,000	-0,41	192,98
476	12.09.2017 04:39:10,000	-0,41	192,98
477	12.09.2017 04:39:20,000	-0,41	192,74
478	12.09.2017 04:39:30,000	-0,41	192,98
479	12.09.2017 04:39:40,000	-0,41	192,74
480	12.09.2017 04:39:50,000	-0,41	192,50
481	12.09.2017 04:40:00,000	-0,41	192,50
482	12.09.2017 04:40:10,000	-0,41	192,74
483	12.09.2017 04:40:20,000	-0,41	192,50
484	12.09.2017 04:40:30,000	-0,41	192,50
485	12.09.2017 04:40:40,000	-0,41	192,50
486	12.09.2017 04:40:50,000	-0,41	192,26
487	12.09.2017 04:41:00,000	-0,41	192,50
488	12.09.2017 04:41:10,000	-0,41	192,50
489	12.09.2017 04:41:20,000	-0,41	192,74
490	12.09.2017 04:41:30,000	-0,41	192,98
491	12.09.2017 04:41:40,000	-0,41	193,23
492	12.09.2017 04:41:50,000	-0,41	194,20
493	12.09.2017 04:42:00,000	-0,37	194,73
494	12.09.2017 04:42:10,000	-0,37	195,21
495	12.09.2017 04:42:20,000	-0,37	195,70
496	12.09.2017 04:42:30,000	-0,37	196,18
497	12.09.2017 04:42:40,000	-0,33	196,72
498	12.09.2017 04:42:50,000	-0,33	197,69
499	12.09.2017 04:43:00,000	-0,33	198,17
500	12.09.2017 04:43:10,000	-0,33	198,65
501	12.09.2017 04:43:20,000	-0,29	199,43
502	12.09.2017 04:43:30,000	-0,29	199,67
503	12.09.2017 04:43:40,000	-0,29	200,16
504	12.09.2017 04:43:50,000	-0,29	201,13
505	12.09.2017 04:44:00,000	-0,25	201,66
506	12.09.2017 04:44:10,000	-0,25	202,39
507	12.09.2017 04:44:20,000	-0,25	203,11
508	12.09.2017 04:44:30,000	-0,21	203,89
509	12.09.2017 04:44:40,000	-0,21	204,62
510	12.09.2017 04:44:50,000	-0,21	205,34
511	12.09.2017 04:45:00,000	-0,21	205,83
512	12.09.2017 04:45:10,000	-0,17	206,36
513	12.09.2017 04:45:20,000	-0,17	206,84
514	12.09.2017 04:45:30,000	-0,12	207,14
515	12.09.2017 04:45:40,000	-0,12	207,14
516	12.09.2017 04:45:50,000	-0,12	207,14
517	12.09.2017 04:46:00,000	-0,12	207,14
518	12.09.2017 04:46:10,000	-0,12	206,89
519	12.09.2017 04:46:20,000	-0,08	206,94
520	12.09.2017 04:46:30,000	-0,08	206,94
521	12.09.2017 04:46:40,000	-0,08	206,94
522	12.09.2017 04:46:50,000	-0,08	206,70
523	12.09.2017 04:47:00,000	-0,04	206,75
524	12.09.2017 04:47:10,000	-0,04	206,75
525	12.09.2017 04:47:20,000	-0,04	206,51
526	12.09.2017 04:47:30,000	-0,04	206,75
527	12.09.2017 04:47:40,000	-0,04	206,51
528	12.09.2017 04:47:50,000	-0,04	206,27
529	12.09.2017 04:48:00,000	-0,04	206,03
530	12.09.2017 04:48:10,000	-0,08	205,01
531	12.09.2017 04:48:20,000	-0,08	204,52
532	12.09.2017 04:48:30,000	-0,12	203,50
533	12.09.2017 04:48:40,000	-0,12	202,54
534	12.09.2017 04:48:50,000	-0,17	201,76
535	12.09.2017 04:49:00,000	-0,17	200,79
536	12.09.2017 04:49:10,000	-0,17	200,06
537	12.09.2017 04:49:20,000	-0,21	199,05
538	12.09.2017 04:49:30,000	-0,25	198,03
539	12.09.2017 04:49:40,000	-0,25	197,30
540	12.09.2017 04:49:50,000	-0,25	196,82
541	12.09.2017 04:50:00,000	-0,25	195,85
542	12.09.2017 04:50:10,000	-0,29	194,83
543	12.09.2017 04:50:20,000	-0,29	194,10
544	12.09.2017 04:50:30,000	-0,29	193,38
545	12.09.2017 04:50:40,000	-0,29	192,65
546	12.09.2017 04:50:50,000	-0,33	192,12
547	12.09.2017 04:51:00,000	-0,37	191,34
548	12.09.2017 04:51:10,000	-0,37	190,86
549	12.09.2017 04:51:20,000	-0,37	189,64
550	12.09.2017 04:51:30,000	-0,41	189,11
551	12.09.2017 04:51:40,000	-0,41	188,38
552	12.09.2017 04:51:50,000	-0,41	187,66
553	12.09.2017 04:52:00,000	-0,41	186,93
554	12.09.2017 04:52:10,000	-0,46	186,40
555	12.09.2017 04:52:20,000	-0,46	185,67
556	12.09.2017 04:52:30,000	-0,46	184,94
557	12.09.2017 04:52:40,000	-0,46	184,46
558	12.09.2017 04:52:50,000	-0,46	183,49
559	12.09.2017 04:53:00,000	-0,50	182,96
560	12.09.2017 04:53:10,000	-0,50	181,99
561	12.09.2017 04:53:20,000	-0,54	181,45
562	12.09.2017 04:53:30,000	-0,54	180,24
563	12.09.2017 04:53:40,000	-0,58	179,71
564	12.09.2017 04:53:50,000	-0,62	179,17
565	12.09.2017 04:54:00,000	-0,62	178,21
566	12.09.2017 04:54:10,000	-0,67	177,19
567	12.09.2017 04:54:20,000	-0,67	176,70
568	12.09.2017 04:54:30,000	-0,67	175,73
569	12.09.2017 04:54:40,000	-0,71	174,96
570	12.09.2017 04:54:50,000	-0,71	174,23
571	12.09.2017 04:55:00,000	-0,75	173,21
572	12.09.2017 04:55:10,000	-0,75	172,25
573	12.09.2017 04:55:20,000	-0,79	170,98
574	12.09.2017 04:55:30,000	-0,79	169,77
575	12.09.2017 04:55:40,000	-0,79	168,56
576	12.09.2017 04:55:50,000	-0,79	167,59
577	12.09.2017 04:56:00,000	-0,83	166,09
578	12.09.2017 04:56:10,000	-0,83	164,88
579	12.09.2017 04:56:20,000	-0,88	163,62
580	12.09.2017 04:56:30,000	-0,88	162,65
581	12.09.2017 04:56:40,000	-0,92	161,63
582	12.09.2017 04:56:50,000	-0,96	160,13
583	12.09.2017 04:57:00,000	-0,96	159,16
584	12.09.2017 04:57:10,000	-1,00	158,14
585	12.09.2017 04:57:20,000	-1,04	157,13
586	12.09.2017 04:57:30,000	-1,04	156,16
587	12.09.2017 04:57:40,000	-1,09	154,90
588	12.09.2017 04:57:50,000	-1,09	153,93
589	12.09.2017 04:58:00,000	-1,13	152,91
590	12.09.2017 04:58:10,000	-1,13	151,70
591	12.09.2017 04:58:20,000	-1,17	150,68
592	12.09.2017 04:58:30,000	-1,17	149,47
593	12.09.2017 04:58:40,000	-1,21	148,21
594	12.09.2017 04:58:50,000	-1,17	147,29
595	12.09.2017 04:59:00,000	-1,21	146,03
596	12.09.2017 04:59:10,000	-1,21	144,82
597	12.09.2017 04:59:20,000	-1,21	144,10
598	12.09.2017 04:59:30,000	-1,26	142,84
599	12.09.2017 04:59:40,000	-1,30	141,58
600	12.09.2017 04:59:50,000	-1,30	140,61
601	12.09.2017 05:00:00,000	-1,34	139,11
602	12.09.2017 05:00:10,000	-1,34	138,38
603	12.09.2017 05:00:20,000	-1,30	136,98
604	12.09.2017 05:00:30,000	-1,30	136,01
605	12.09.2017 05:00:40,000	-1,34	134,99
606	12.09.2017 05:00:50,000	-1,34	133,78
607	12.09.2017 05:01:00,000	-1,34	132,81
608	12.09.2017 05:01:10,000	-1,34	131,60
609	12.09.2017 05:01:20,000	-1,34	130,64
610	12.09.2017 05:01:30,000	-1,34	129,91
611	12.09.2017 05:01:40,000	-1,34	128,70
612	12.09.2017 05:01:50,000	-1,30	127,78
613	12.09.2017 05:02:00,000	-1,30	126,57
614	12.09.2017 05:02:10,000	-1,26	125,66
615	12.09.2017 05:02:20,000	-1,26	124,45
616	12.09.2017 05:02:30,000	-1,26	123,48
617	12.09.2017 05:02:40,000	-1,26	122,27
618	12.09.2017 05:02:50,000	-1,26	121,30
619	12.09.2017 05:03:00,000	-1,21	120,14
620	12.09.2017 05:03:10,000	-1,21	119,42
621	12.09.2017 05:03:20,000	-1,21	118,45
622	12.09.2017 05:03:30,000	-1,21	117,24
623	12.09.2017 05:03:40,000	-1,21	116,03
624	12.09.2017 05:03:50,000	-1,21	114,82
625	12.09.2017 05:04:00,000	-1,21	113,85
626	12.09.2017 05:04:10,000	-1,21	112,89
627	12.09.2017 05:04:20,000	-1,21	111,68
628	12.09.2017 05:04:30,000	-1,17	110,52
629	12.09.2017 05:04:40,000	-1,17	109,31
630	12.09.2017 05:04:50,000	-1,17	108,34
631	12.09.2017 05:05:00,000	-1,13	107,43
632	12.09.2017 05:05:10,000	-1,13	106,46
633	12.09.2017 05:05:20,000	-1,13	105,49
634	12.09.2017 05:05:30,000	-1,13	104,28
635	12.09.2017 05:05:40,000	-1,13	103,31
636	12.09.2017 05:05:50,000	-1,13	102,11
637	12.09.2017 05:06:00,000	-1,13	101,14
638	12.09.2017 05:06:10,000	-1,17	100,36
639	12.09.2017 05:06:20,000	-1,17	99,40
640	12.09.2017 05:06:30,000	-1,21	98,38
641	12.09.2017 05:06:40,000	-1,21	97,41
642	12.09.2017 05:06:50,000	-1,21	96,45
643	12.09.2017 05:07:00,000	-1,21	95,72
644	12.09.2017 05:07:10,000	-1,21	94,51
645	12.09.2017 05:07:20,000	-1,21	93,54
646	12.09.2017 05:07:30,000	-1,17	92,63
647	12.09.2017 05:07:40,000	-1,13	91,23
648	12.09.2017 05:07:50,000	-1,04	90,36
649	12.09.2017 05:08:00,000	-1,13	89,54
650	12.09.2017 05:08:10,000	-1,17	88,52
651	12.09.2017 05:08:20,000	-1,17	87,55
652	12.09.2017 05:08:30,000	-1,13	86,64
653	12.09.2017 05:08:40,000	-1,13	85,43
654	12.09.2017 05:08:50,000	-1,13	84,70
655	12.09.2017 05:09:00,000	-1,13	83,50
656	12.09.2017 05:09:10,000	-1,13	82,29
657	12.09.2017 05:09:20,000	-1,13	81,08
658	12.09.2017 05:09:30,000	-1,09	79,92
659	12.09.2017 05:09:40,000	-1,09	78,96
660	12.09.2017 05:09:50,000	-1,04	77,80
661	12.09.2017 05:10:00,000	-1,04	76,59
662	12.09.2017 05:10:10,000	-1,04	75,38
663	12.09.2017 05:10:20,000	-1,00	74,47
664	12.09.2017 05:10:30,000	-0,96	73,55
665	12.09.2017 05:10:40,000	-0,96	72,10
666	12.09.2017 05:10:50,000	-0,96	71,38
667	12.09.2017 05:11:00,000	-0,96	70,17
668	12.09.2017 05:11:10,000	-0,92	68,77
669	12.09.2017 05:11:20,000	-0,92	68,05
670	12.09.2017 05:11:30,000	-0,92	66,60
671	12.09.2017 05:11:40,000	-0,88	65,68
672	12.09.2017 05:11:50,000	-0,83	64,28
673	12.09.2017 05:12:00,000	-0,75	63,42
674	12.09.2017 05:12:10,000	-0,71	62,26
675	12.09.2017 05:12:20,000	-0,62	61,15
676	12.09.2017 05:12:30,000	-0,62	60,19
677	12.09.2017 05:12:40,000	-0,67	59,17
678	12.09.2017 05:12:50,000	-0,67	58,21
679	12.09.2017 05:13:00,000	-0,58	57,10
680	12.09.2017 05:13:10,000	-0,54	56,18
681	12.09.2017 05:13:20,000	-0,62	55,36
682	12.09.2017 05:13:30,000	-0,58	54,20
683	12.09.2017 05:13:40,000	-0,54	53,05
684	12.09.2017 05:13:50,000	-0,54	51,84
685	12.09.2017 05:14:00,000	-0,54	51,12
686	12.09.2017 05:14:10,000	-0,54	50,63
687	12.09.2017 05:14:20,000	-0,54	50,15
688	12.09.2017 05:14:30,000	-0,54	49,43
689	12.09.2017 05:14:40,000	-0,54	48,94
690	12.09.2017 05:14:50,000	-0,54	48,46
691	12.09.2017 05:15:00,000	-0,54	47,98
692	12.09.2017 05:15:10,000	-0,54	47,50
693	12.09.2017 05:15:20,000	-0,54	47,26
694	12.09.2017 05:15:30,000	-0,54	46,53
695	12.09.2017 05:15:40,000	-0,54	45,81
696	12.09.2017 05:15:50,000	-0,54	45,33
697	12.09.2017 05:16:00,000	-0,54	44,60
698	12.09.2017 05:16:10,000	-0,54	44,12
699	12.09.2017 05:16:20,000	-0,54	43,15
700	12.09.2017 05:16:30,000	-0,54	42,67
701	12.09.2017 05:16:40,000	-0,54	41,95
702	12.09.2017 05:16:50,000	-0,54	41,22
703	12.09.2017 05:17:00,000	-0,54	40,50
704	12.09.2017 05:17:10,000	-0,50	39,83
705	12.09.2017 05:17:20,000	-0,50	39,10
706	12.09.2017 05:17:30,000	-0,46	38,91
707	12.09.2017 05:17:40,000	-0,46	38,67
708	12.09.2017 05:17:50,000	-0,46	38,91
709	12.09.2017 05:18:00,000	-0,46	38,67
710	12.09.2017 05:18:10,000	-0,46	38,91
711	12.09.2017 05:18:20,000	-0,46	39,15
712	12.09.2017 05:18:30,000	-0,46	38,91
713	12.09.2017 05:18:40,000	-0,46	39,40
714	12.09.2017 05:18:50,000	-0,46	39,40
715	12.09.2017 05:19:00,000	-0,46	39,64
716	12.09.2017 05:19:10,000	-0,46	39,88
717	12.09.2017 05:19:20,000	-0,46	40,36
718	12.09.2017 05:19:30,000	-0,46	40,36
719	12.09.2017 05:19:40,000	-0,46	41,08
720	12.09.2017 05:19:50,000	-0,46	42,77
721	12.09.2017 05:20:00,000	-0,46	44,46
722	12.09.2017 05:20:10,000	-0,46	46,63
723	12.09.2017 05:20:20,000	-0,50	48,99
724	12.09.2017 05:20:30,000	-0,50	51,41
725	12.09.2017 05:20:40,000	-0,46	53,87
726	12.09.2017 05:20:50,000	-0,50	56,72
727	12.09.2017 05:21:00,000	-0,54	59,08
728	12.09.2017 05:21:10,000	-0,54	60,77
729	12.09.2017 05:21:20,000	-0,58	62,41
730	12.09.2017 05:21:30,000	-0,62	62,60
731	12.09.2017 05:21:40,000	-0,67	62,55
732	12.09.2017 05:21:50,000	-0,67	61,83
733	12.09.2017 05:22:00,000	-0,71	59,85
734	12.09.2017 05:22:10,000	-0,62	58,98
735	12.09.2017 05:22:20,000	-0,62	57,53
736	12.09.2017 05:22:30,000	-0,62	55,84
737	12.09.2017 05:22:40,000	-0,62	54,15
738	12.09.2017 05:22:50,000	-0,58	52,27
739	12.09.2017 05:23:00,000	-0,58	50,10
740	12.09.2017 05:23:10,000	-0,54	47,98
741	12.09.2017 05:23:20,000	-0,54	46,05
742	12.09.2017 05:23:30,000	-0,54	43,64
743	12.09.2017 05:23:40,000	-0,54	42,43
744	12.09.2017 05:23:50,000	-0,54	40,98
745	12.09.2017 05:24:00,000	-0,50	39,59
746	12.09.2017 05:24:10,000	-0,46	37,71
747	12.09.2017 05:24:20,000	-0,41	36,55
748	12.09.2017 05:24:30,000	-0,41	35,10
749	12.09.2017 05:24:40,000	-0,37	33,71
750	12.09.2017 05:24:50,000	-0,37	32,98
751	12.09.2017 05:25:00,000	-0,37	31,78
752	12.09.2017 05:25:10,000	-0,37	30,09
753	12.09.2017 05:25:20,000	-0,41	28,60
754	12.09.2017 05:25:30,000	-0,46	27,10
755	12.09.2017 05:25:40,000	-0,46	25,90
756	12.09.2017 05:25:50,000	-0,29	24,89
757	12.09.2017 05:26:00,000	-0,21	24,27
758	12.09.2017 05:26:10,000	-0,17	22,87
759	12.09.2017 05:26:20,000	-0,08	21,76
760	12.09.2017 05:26:30,000	-0,04	21,33
761	12.09.2017 05:26:40,000	0,00	21,14
762	12.09.2017 05:26:50,000	0,00	20,18
763	12.09.2017 05:27:00,000	0,00	19,94
764	12.09.2017 05:27:10,000	-0,08	19,84
765	12.09.2017 05:27:20,000	-0,08	19,84
766	12.09.2017 05:27:30,000	-0,12	20,03
767	12.09.2017 05:27:40,000	-0,17	20,46
768	12.09.2017 05:27:50,000	-0,12	20,51
769	12.09.2017 05:28:00,000	-0,04	20,61
770	12.09.2017 05:28:10,000	0,00	20,90
771	12.09.2017 05:28:20,000	0,04	20,95
772	12.09.2017 05:28:30,000	0,04	20,71
773	12.09.2017 05:28:40,000	0,04	20,95
774	12.09.2017 05:28:50,000	0,04	21,19
775	12.09.2017 05:29:00,000	0,04	20,95
776	12.09.2017 05:29:10,000	0,04	21,43
777	12.09.2017 05:29:20,000	0,04	22,15
778	12.09.2017 05:29:30,000	0,08	22,93
779	12.09.2017 05:29:40,000	0,00	23,79
780	12.09.2017 05:29:50,000	-0,08	24,41
781	12.09.2017 05:30:00,000	-0,08	25,14
782	12.09.2017 05:30:10,000	-0,21	25,95
783	12.09.2017 05:30:20,000	-0,29	26,82
784	12.09.2017 05:30:30,000	-0,33	27,49
785	12.09.2017 05:30:40,000	-0,37	27,92
786	12.09.2017 05:30:50,000	-0,37	28,65
787	12.09.2017 05:31:00,000	-0,41	29,08
788	12.09.2017 05:31:10,000	-0,41	29,80
789	12.09.2017 05:31:20,000	-0,41	30,28
790	12.09.2017 05:31:30,000	-0,41	30,52
791	12.09.2017 05:31:40,000	-0,41	31,49
792	12.09.2017 05:31:50,000	-0,41	31,97
793	12.09.2017 05:32:00,000	-0,37	32,26
794	12.09.2017 05:32:10,000	-0,37	32,74
795	12.09.2017 05:32:20,000	-0,37	33,47
796	12.09.2017 05:32:30,000	-0,37	33,95
797	12.09.2017 05:32:40,000	-0,33	34,48
798	12.09.2017 05:32:50,000	-0,33	34,96
799	12.09.2017 05:33:00,000	-0,29	35,49
800	12.09.2017 05:33:10,000	-0,33	36,65
801	12.09.2017 05:33:20,000	-0,37	37,32
802	12.09.2017 05:33:30,000	-0,37	37,57
803	12.09.2017 05:33:40,000	-0,37	38,29
804	12.09.2017 05:33:50,000	-0,37	38,53
805	12.09.2017 05:34:00,000	-0,41	38,96
806	12.09.2017 05:34:10,000	-0,41	38,96
807	12.09.2017 05:34:20,000	-0,41	38,72
808	12.09.2017 05:34:30,000	-0,41	38,48
809	12.09.2017 05:34:40,000	-0,41	38,24
810	12.09.2017 05:34:50,000	-0,41	37,52
811	12.09.2017 05:35:00,000	-0,41	37,03
812	12.09.2017 05:35:10,000	-0,41	36,55
813	12.09.2017 05:35:20,000	-0,41	35,83
814	12.09.2017 05:35:30,000	-0,37	35,15
815	12.09.2017 05:35:40,000	-0,37	34,91
816	12.09.2017 05:35:50,000	-0,33	34,24
817	12.09.2017 05:36:00,000	-0,33	33,76
818	12.09.2017 05:36:10,000	-0,33	33,28
819	12.09.2017 05:36:20,000	-0,37	32,74
820	12.09.2017 05:36:30,000	-0,41	31,73
821	12.09.2017 05:36:40,000	-0,41	31,49
822	12.09.2017 05:36:50,000	-0,46	30,96
823	12.09.2017 05:37:00,000	-0,41	30,28
824	12.09.2017 05:37:10,000	-0,41	29,80
825	12.09.2017 05:37:20,000	-0,41	29,32
826	12.09.2017 05:37:30,000	-0,41	29,08
827	12.09.2017 05:37:40,000	-0,46	28,31
828	12.09.2017 05:37:50,000	-0,46	28,06
829	12.09.2017 05:38:00,000	-0,46	27,34
830	12.09.2017 05:38:10,000	-0,50	26,81
831	12.09.2017 05:38:20,000	-0,46	23,97
832	12.09.2017 05:38:30,000	-0,37	21,66
833	12.09.2017 05:38:40,000	-0,25	21,08
834	12.09.2017 05:38:50,000	-0,12	20,27
835	12.09.2017 05:39:00,000	-0,17	19,98
836	12.09.2017 05:39:10,000	-0,21	21,13
837	12.09.2017 05:39:20,000	-0,08	21,52
838	12.09.2017 05:39:30,000	0,00	21,86
839	12.09.2017 05:39:40,000	0,04	22,15
840	12.09.2017 05:39:50,000	-0,04	22,78
841	12.09.2017 05:40:00,000	0,00	23,07
842	12.09.2017 05:40:10,000	0,12	23,22
843	12.09.2017 05:40:20,000	-0,08	23,93
844	12.09.2017 05:40:30,000	-0,21	24,27
845	12.09.2017 05:40:40,000	-0,17	24,07
846	12.09.2017 05:40:50,000	-0,17	24,80
847	12.09.2017 05:41:00,000	-0,21	24,75
848	12.09.2017 05:41:10,000	-0,29	25,13
849	12.09.2017 05:41:20,000	-0,33	25,32
850	12.09.2017 05:41:30,000	-0,33	24,60
851	12.09.2017 05:41:40,000	-0,33	25,08
852	12.09.2017 05:41:50,000	-0,37	25,03
853	12.09.2017 05:42:00,000	-0,37	25,51
854	12.09.2017 05:42:10,000	-0,41	25,70
855	12.09.2017 05:42:20,000	-0,41	25,95
856	12.09.2017 05:42:30,000	-0,46	26,38
857	12.09.2017 05:42:40,000	-0,46	26,86
858	12.09.2017 05:42:50,000	-0,46	27,10
859	12.09.2017 05:43:00,000	-0,46	27,34
860	12.09.2017 05:43:10,000	-0,46	27,58
861	12.09.2017 05:43:20,000	-0,46	27,82
862	12.09.2017 05:43:30,000	-0,46	28,31
863	12.09.2017 05:43:40,000	-0,46	28,79
864	12.09.2017 05:43:50,000	-0,50	28,74
865	12.09.2017 05:44:00,000	-0,50	28,98
866	12.09.2017 05:44:10,000	-0,50	29,22
867	12.09.2017 05:44:20,000	-0,50	29,70
868	12.09.2017 05:44:30,000	-0,46	29,51
869	12.09.2017 05:44:40,000	-0,50	29,46
870	12.09.2017 05:44:50,000	-0,50	27,77
871	12.09.2017 05:45:00,000	-0,50	26,33
872	12.09.2017 05:45:10,000	-0,50	26,81
873	12.09.2017 05:45:20,000	-0,50	27,29
874	12.09.2017 05:45:30,000	-0,50	27,53
875	12.09.2017 05:45:40,000	-0,50	28,02
876	12.09.2017 05:45:50,000	-0,46	28,31
877	12.09.2017 05:46:00,000	-0,46	28,55
878	12.09.2017 05:46:10,000	-0,50	28,98
879	12.09.2017 05:46:20,000	-0,50	28,98
880	12.09.2017 05:46:30,000	-0,50	29,46
881	12.09.2017 05:46:40,000	-0,50	29,70
882	12.09.2017 05:46:50,000	-0,50	29,46
883	12.09.2017 05:47:00,000	-0,50	29,70
884	12.09.2017 05:47:10,000	-0,50	29,70
885	12.09.2017 05:47:20,000	-0,46	29,51
886	12.09.2017 05:47:30,000	-0,46	29,99
887	12.09.2017 05:47:40,000	-0,46	29,99
888	12.09.2017 05:47:50,000	-0,46	30,47
889	12.09.2017 05:48:00,000	-0,46	30,47
890	12.09.2017 05:48:10,000	-0,46	30,47
891	12.09.2017 05:48:20,000	-0,46	30,47
892	12.09.2017 05:48:30,000	-0,46	30,23
893	12.09.2017 05:48:40,000	-0,46	30,47
894	12.09.2017 05:48:50,000	-0,46	30,23
895	12.09.2017 05:49:00,000	-0,46	30,23
896	12.09.2017 05:49:10,000	-0,46	30,23
897	12.09.2017 05:49:20,000	-0,46	29,99
898	12.09.2017 05:49:30,000	-0,50	29,94
899	12.09.2017 05:49:40,000	-0,50	28,98
900	12.09.2017 05:49:50,000	-0,50	26,81
901	12.09.2017 05:50:00,000	-0,50	25,12
902	12.09.2017 05:50:10,000	-0,41	23,54
903	12.09.2017 05:50:20,000	-0,37	21,66
904	12.09.2017 05:50:30,000	-0,25	18,92
905	12.09.2017 05:50:40,000	-0,25	17,23
906	12.09.2017 05:50:50,000	-0,21	15,35
907	12.09.2017 05:51:00,000	-0,17	13,48
908	12.09.2017 05:51:10,000	-0,12	11,36
909	12.09.2017 05:51:20,000	-0,04	9,53
910	12.09.2017 05:51:30,000	-0,08	8,04
911	12.09.2017 05:51:40,000	0,08	6,07
912	12.09.2017 05:51:50,000	0,37	4,25
913	12.09.2017 05:52:00,000	0,81	2,14
914	12.09.2017 05:52:10,000	1,26	0,00
915	12.09.2017 05:52:20,000	1,77	0,00
916	12.09.2017 05:52:30,000	2,09	0,00
917	12.09.2017 05:52:40,000	2,09	0,00
918	12.09.2017 05:52:50,000	2,09	0,00
919	12.09.2017 05:53:00,000	2,05	0,00
920	12.09.2017 05:53:10,000	2,05	0,00
921	12.09.2017 05:53:20,000	2,01	0,00
922	12.09.2017 05:53:30,000	1,97	0,00
923	12.09.2017 05:53:40,000	1,97	0,00
924	12.09.2017 05:53:50,000	1,97	0,00
925	12.09.2017 05:54:00,000	1,93	0,00
926	12.09.2017 05:54:10,000	1,93	0,00
927	12.09.2017 05:54:20,000	1,93	0,00
928	12.09.2017 05:54:30,000	1,93	0,00
929	12.09.2017 05:54:40,000	1,89	0,00
930	12.09.2017 05:54:50,000	1,93	0,00
931	12.09.2017 05:55:00,000	1,93	0,00
932	12.09.2017 05:55:10,000	1,93	0,00
933	12.09.2017 05:55:20,000	1,93	0,00
934	12.09.2017 05:55:30,000	1,93	0,00
935	12.09.2017 05:55:40,000	1,97	0,00
936	12.09.2017 05:55:50,000	1,97	0,00
937	12.09.2017 05:56:00,000	1,97	0,00
938	12.09.2017 05:56:10,000	1,97	0,00
939	12.09.2017 05:56:20,000	2,01	0,00
940	12.09.2017 05:56:30,000	2,05	0,00
941	12.09.2017 05:56:40,000	2,09	0,00
942	12.09.2017 05:56:50,000	2,13	0,00
943	12.09.2017 05:57:00,000	3,36	0,00
944	12.09.2017 05:57:10,000	4,15	0,00
945	12.09.2017 05:57:20,000	6,54	0,00
946	12.09.2017 05:57:30,000	8,04	0,00
947	12.09.2017 05:57:40,000	8,86	0,00
948	12.09.2017 05:57:50,000	9,83	0,00
