#B	Created:	14.09.2017 05:19:18
##	Version	SeaStar	7.49
#5	Field separation:	0
#2	Date & Time:	1
#6	Decimal point:	,
#7	Date def.:	dd.mm.yyyy	.
#8	Time def.:	:
##	Axis	0	Temperature(°C)	clRed	FALSE
##	Axis	1	Depth(m)	clBlue	TRUE
##	Series	0	Temp(°C)	clRed	0	Temp(°C)	2
##	Series	1	Depth(m)	clBlue	1	Depth(m)	2
##	Recorder	68	DST centi	8047
##	Chart	68C8047DAT	
#D	Data:	894	14.09.2017 02:50:00	14.09.2017 05:18:50
1	14.09.2017 02:50:00,000	19,71	0,00
2	14.09.2017 02:50:10,000	19,62	0,00
3	14.09.2017 02:50:20,000	19,54	0,00
4	14.09.2017 02:50:30,000	19,45	0,00
5	14.09.2017 02:50:40,000	19,36	0,00
6	14.09.2017 02:50:50,000	19,27	0,00
7	14.09.2017 02:51:00,000	19,21	0,00
8	14.09.2017 02:51:10,000	19,09	0,00
9	14.09.2017 02:51:20,000	19,03	0,00
10	14.09.2017 02:51:30,000	18,91	0,00
11	14.09.2017 02:51:40,000	18,86	0,00
12	14.09.2017 02:51:50,000	18,77	0,00
13	14.09.2017 02:52:00,000	18,68	0,00
14	14.09.2017 02:52:10,000	18,59	0,00
15	14.09.2017 02:52:20,000	18,50	0,00
16	14.09.2017 02:52:30,000	18,41	0,00
17	14.09.2017 02:52:40,000	18,32	0,00
18	14.09.2017 02:52:50,000	18,23	0,00
19	14.09.2017 02:53:00,000	18,14	0,00
20	14.09.2017 02:53:10,000	18,05	0,00
21	14.09.2017 02:53:20,000	17,96	0,00
22	14.09.2017 02:53:30,000	17,87	0,00
23	14.09.2017 02:53:40,000	17,81	0,00
24	14.09.2017 02:53:50,000	17,73	0,00
25	14.09.2017 02:54:00,000	17,64	0,00
26	14.09.2017 02:54:10,000	17,55	0,00
27	14.09.2017 02:54:20,000	17,46	0,00
28	14.09.2017 02:54:30,000	17,37	0,00
29	14.09.2017 02:54:40,000	17,31	0,00
30	14.09.2017 02:54:50,000	17,25	0,00
31	14.09.2017 02:55:00,000	17,16	0,00
32	14.09.2017 02:55:10,000	17,07	0,00
33	14.09.2017 02:55:20,000	16,98	0,00
34	14.09.2017 02:55:30,000	16,89	0,00
35	14.09.2017 02:55:40,000	16,83	0,00
36	14.09.2017 02:55:50,000	16,74	0,00
37	14.09.2017 02:56:00,000	16,64	0,00
38	14.09.2017 02:56:10,000	16,58	0,00
39	14.09.2017 02:56:20,000	16,49	0,00
40	14.09.2017 02:56:30,000	16,40	0,00
41	14.09.2017 02:56:40,000	16,31	0,00
42	14.09.2017 02:56:50,000	16,22	0,00
43	14.09.2017 02:57:00,000	16,16	0,00
44	14.09.2017 02:57:10,000	16,07	0,00
45	14.09.2017 02:57:20,000	15,98	0,00
46	14.09.2017 02:57:30,000	15,92	0,00
47	14.09.2017 02:57:40,000	15,83	0,00
48	14.09.2017 02:57:50,000	15,77	0,00
49	14.09.2017 02:58:00,000	15,67	0,00
50	14.09.2017 02:58:10,000	15,58	0,00
51	14.09.2017 02:58:20,000	15,52	0,00
52	14.09.2017 02:58:30,000	15,43	0,00
53	14.09.2017 02:58:40,000	15,37	0,00
54	14.09.2017 02:58:50,000	15,28	0,00
55	14.09.2017 02:59:00,000	15,19	0,00
56	14.09.2017 02:59:10,000	15,12	0,00
57	14.09.2017 02:59:20,000	13,33	0,15
58	14.09.2017 02:59:30,000	10,36	1,73
59	14.09.2017 02:59:40,000	8,26	1,28
60	14.09.2017 02:59:50,000	6,88	1,51
61	14.09.2017 03:00:00,000	6,00	1,96
62	14.09.2017 03:00:10,000	5,14	1,96
63	14.09.2017 03:00:20,000	4,71	2,86
64	14.09.2017 03:00:30,000	4,56	4,69
65	14.09.2017 03:00:40,000	4,60	6,52
66	14.09.2017 03:00:50,000	4,53	8,51
67	14.09.2017 03:01:00,000	4,16	10,09
68	14.09.2017 03:01:10,000	4,12	11,87
69	14.09.2017 03:01:20,000	3,86	14,20
70	14.09.2017 03:01:30,000	3,26	15,41
71	14.09.2017 03:01:40,000	2,12	14,47
72	14.09.2017 03:01:50,000	1,26	13,93
73	14.09.2017 03:02:00,000	1,02	13,33
74	14.09.2017 03:02:10,000	0,74	12,70
75	14.09.2017 03:02:20,000	0,54	12,58
76	14.09.2017 03:02:30,000	0,50	13,46
77	14.09.2017 03:02:40,000	0,46	14,56
78	14.09.2017 03:02:50,000	0,30	16,04
79	14.09.2017 03:03:00,000	0,22	16,90
80	14.09.2017 03:03:10,000	0,14	17,30
81	14.09.2017 03:03:20,000	0,02	17,00
82	14.09.2017 03:03:30,000	-0,02	16,74
83	14.09.2017 03:03:40,000	-0,11	16,69
84	14.09.2017 03:03:50,000	-0,11	16,69
85	14.09.2017 03:04:00,000	-0,15	16,22
86	14.09.2017 03:04:10,000	-0,15	15,76
87	14.09.2017 03:04:20,000	-0,15	15,54
88	14.09.2017 03:04:30,000	-0,19	15,74
89	14.09.2017 03:04:40,000	-0,19	15,29
90	14.09.2017 03:04:50,000	-0,19	15,51
91	14.09.2017 03:05:00,000	-0,19	15,29
92	14.09.2017 03:05:10,000	-0,07	15,81
93	14.09.2017 03:05:20,000	-0,02	17,42
94	14.09.2017 03:05:30,000	-0,11	18,50
95	14.09.2017 03:05:40,000	-0,19	18,90
96	14.09.2017 03:05:50,000	-0,23	19,56
97	14.09.2017 03:06:00,000	-0,23	20,69
98	14.09.2017 03:06:10,000	-0,27	21,57
99	14.09.2017 03:06:20,000	-0,27	23,15
100	14.09.2017 03:06:30,000	-0,31	23,58
101	14.09.2017 03:06:40,000	-0,35	23,78
102	14.09.2017 03:06:50,000	-0,35	23,56
103	14.09.2017 03:07:00,000	-0,39	23,53
104	14.09.2017 03:07:10,000	-0,35	23,33
105	14.09.2017 03:07:20,000	-0,35	23,56
106	14.09.2017 03:07:30,000	-0,35	24,01
107	14.09.2017 03:07:40,000	-0,35	24,46
108	14.09.2017 03:07:50,000	-0,39	24,66
109	14.09.2017 03:08:00,000	-0,35	24,91
110	14.09.2017 03:08:10,000	-0,35	24,91
111	14.09.2017 03:08:20,000	-0,39	24,89
112	14.09.2017 03:08:30,000	-0,39	24,44
113	14.09.2017 03:08:40,000	-0,39	24,21
114	14.09.2017 03:08:50,000	-0,39	24,21
115	14.09.2017 03:09:00,000	-0,39	24,89
116	14.09.2017 03:09:10,000	-0,39	26,25
117	14.09.2017 03:09:20,000	-0,35	27,63
118	14.09.2017 03:09:30,000	-0,31	29,02
119	14.09.2017 03:09:40,000	-0,35	29,90
120	14.09.2017 03:09:50,000	-0,35	29,67
121	14.09.2017 03:10:00,000	-0,35	30,12
122	14.09.2017 03:10:10,000	-0,35	30,58
123	14.09.2017 03:10:20,000	-0,27	31,53
124	14.09.2017 03:10:30,000	-0,23	32,24
125	14.09.2017 03:10:40,000	0,06	32,42
126	14.09.2017 03:10:50,000	0,30	33,25
127	14.09.2017 03:11:00,000	0,38	34,21
128	14.09.2017 03:11:10,000	0,58	35,02
129	14.09.2017 03:11:20,000	0,78	36,05
130	14.09.2017 03:11:30,000	1,06	37,13
131	14.09.2017 03:11:40,000	1,10	38,06
132	14.09.2017 03:11:50,000	0,98	39,12
133	14.09.2017 03:12:00,000	1,06	40,30
134	14.09.2017 03:12:10,000	1,26	41,34
135	14.09.2017 03:12:20,000	1,38	42,32
136	14.09.2017 03:12:30,000	1,46	43,50
137	14.09.2017 03:12:40,000	1,57	44,48
138	14.09.2017 03:12:50,000	1,61	45,87
139	14.09.2017 03:13:00,000	1,65	47,25
140	14.09.2017 03:13:10,000	1,65	48,62
141	14.09.2017 03:13:20,000	1,61	50,18
142	14.09.2017 03:13:30,000	1,53	51,72
143	14.09.2017 03:13:40,000	1,46	53,49
144	14.09.2017 03:13:50,000	1,38	55,03
145	14.09.2017 03:14:00,000	1,30	56,79
146	14.09.2017 03:14:10,000	1,22	58,79
147	14.09.2017 03:14:20,000	1,14	60,56
148	14.09.2017 03:14:30,000	1,06	62,78
149	14.09.2017 03:14:40,000	1,02	64,80
150	14.09.2017 03:14:50,000	1,06	66,42
151	14.09.2017 03:15:00,000	0,86	68,56
152	14.09.2017 03:15:10,000	0,58	70,66
153	14.09.2017 03:15:20,000	0,34	72,78
154	14.09.2017 03:15:30,000	0,22	74,98
155	14.09.2017 03:15:40,000	0,06	76,92
156	14.09.2017 03:15:50,000	-0,15	79,30
157	14.09.2017 03:16:00,000	-0,31	81,47
158	14.09.2017 03:16:10,000	-0,43	83,67
159	14.09.2017 03:16:20,000	-0,52	85,66
160	14.09.2017 03:16:30,000	-0,60	87,89
161	14.09.2017 03:16:40,000	-0,60	89,71
162	14.09.2017 03:16:50,000	-0,60	91,98
163	14.09.2017 03:17:00,000	-0,52	94,08
164	14.09.2017 03:17:10,000	-0,31	95,58
165	14.09.2017 03:17:20,000	-0,31	97,86
166	14.09.2017 03:17:30,000	-0,56	99,98
167	14.09.2017 03:17:40,000	-0,72	101,92
168	14.09.2017 03:17:50,000	-0,81	103,92
169	14.09.2017 03:18:00,000	-0,77	106,00
170	14.09.2017 03:18:10,000	-0,77	107,82
171	14.09.2017 03:18:20,000	-0,89	110,02
172	14.09.2017 03:18:30,000	-0,97	112,02
173	14.09.2017 03:18:40,000	-1,06	113,79
174	14.09.2017 03:18:50,000	-1,10	116,04
175	14.09.2017 03:19:00,000	-1,18	118,04
176	14.09.2017 03:19:10,000	-1,22	120,06
177	14.09.2017 03:19:20,000	-1,22	122,11
178	14.09.2017 03:19:30,000	-1,22	124,16
179	14.09.2017 03:19:40,000	-1,22	126,22
180	14.09.2017 03:19:50,000	-1,22	128,50
181	14.09.2017 03:20:00,000	-1,27	130,75
182	14.09.2017 03:20:10,000	-1,27	132,57
183	14.09.2017 03:20:20,000	-1,31	134,83
184	14.09.2017 03:20:30,000	-1,31	137,11
185	14.09.2017 03:20:40,000	-1,35	139,13
186	14.09.2017 03:20:50,000	-1,27	141,69
187	14.09.2017 03:21:00,000	-1,22	144,00
188	14.09.2017 03:21:10,000	-1,18	146,31
189	14.09.2017 03:21:20,000	-1,18	148,59
190	14.09.2017 03:21:30,000	-1,18	150,87
191	14.09.2017 03:21:40,000	-1,18	153,38
192	14.09.2017 03:21:50,000	-1,18	155,88
193	14.09.2017 03:22:00,000	-1,18	157,94
194	14.09.2017 03:22:10,000	-1,18	160,67
195	14.09.2017 03:22:20,000	-1,18	163,41
196	14.09.2017 03:22:30,000	-1,18	165,69
197	14.09.2017 03:22:40,000	-1,18	168,43
198	14.09.2017 03:22:50,000	-1,18	171,40
199	14.09.2017 03:23:00,000	-1,14	173,93
200	14.09.2017 03:23:10,000	-1,14	176,67
201	14.09.2017 03:23:20,000	-1,10	179,43
202	14.09.2017 03:23:30,000	-1,10	182,17
203	14.09.2017 03:23:40,000	-1,06	184,71
204	14.09.2017 03:23:50,000	-1,01	187,47
205	14.09.2017 03:24:00,000	-0,97	190,01
206	14.09.2017 03:24:10,000	-0,93	192,54
207	14.09.2017 03:24:20,000	-0,89	195,08
208	14.09.2017 03:24:30,000	-0,85	197,38
209	14.09.2017 03:24:40,000	-0,81	199,46
210	14.09.2017 03:24:50,000	-0,77	201,77
211	14.09.2017 03:25:00,000	-0,68	203,88
212	14.09.2017 03:25:10,000	-0,60	205,53
213	14.09.2017 03:25:20,000	-0,56	207,38
214	14.09.2017 03:25:30,000	-0,52	209,00
215	14.09.2017 03:25:40,000	-0,52	210,60
216	14.09.2017 03:25:50,000	-0,52	211,97
217	14.09.2017 03:26:00,000	-0,52	213,11
218	14.09.2017 03:26:10,000	-0,52	214,70
219	14.09.2017 03:26:20,000	-0,52	216,07
220	14.09.2017 03:26:30,000	-0,48	217,24
221	14.09.2017 03:26:40,000	-0,43	218,63
222	14.09.2017 03:26:50,000	-0,39	219,80
223	14.09.2017 03:27:00,000	-0,35	220,74
224	14.09.2017 03:27:10,000	-0,35	222,11
225	14.09.2017 03:27:20,000	-0,35	223,02
226	14.09.2017 03:27:30,000	-0,31	223,96
227	14.09.2017 03:27:40,000	-0,31	225,32
228	14.09.2017 03:27:50,000	-0,31	225,78
229	14.09.2017 03:28:00,000	-0,27	226,95
230	14.09.2017 03:28:10,000	-0,27	227,86
231	14.09.2017 03:28:20,000	-0,23	228,80
232	14.09.2017 03:28:30,000	-0,23	229,71
233	14.09.2017 03:28:40,000	-0,23	230,62
234	14.09.2017 03:28:50,000	-0,23	231,53
235	14.09.2017 03:29:00,000	-0,23	232,68
236	14.09.2017 03:29:10,000	-0,19	233,61
237	14.09.2017 03:29:20,000	-0,19	234,75
238	14.09.2017 03:29:30,000	-0,15	235,92
239	14.09.2017 03:29:40,000	-0,15	236,83
240	14.09.2017 03:29:50,000	-0,15	237,97
241	14.09.2017 03:30:00,000	-0,15	239,34
242	14.09.2017 03:30:10,000	-0,11	239,82
243	14.09.2017 03:30:20,000	-0,11	240,51
244	14.09.2017 03:30:30,000	-0,11	240,73
245	14.09.2017 03:30:40,000	-0,11	240,73
246	14.09.2017 03:30:50,000	-0,11	240,73
247	14.09.2017 03:31:00,000	-0,11	240,51
248	14.09.2017 03:31:10,000	-0,11	240,05
249	14.09.2017 03:31:20,000	-0,11	240,05
250	14.09.2017 03:31:30,000	-0,11	240,28
251	14.09.2017 03:31:40,000	-0,11	240,51
252	14.09.2017 03:31:50,000	-0,11	240,96
253	14.09.2017 03:32:00,000	-0,11	241,42
254	14.09.2017 03:32:10,000	-0,11	241,65
255	14.09.2017 03:32:20,000	-0,11	242,33
256	14.09.2017 03:32:30,000	-0,07	242,58
257	14.09.2017 03:32:40,000	-0,07	243,04
258	14.09.2017 03:32:50,000	-0,07	243,95
259	14.09.2017 03:33:00,000	-0,07	244,41
260	14.09.2017 03:33:10,000	-0,02	244,89
261	14.09.2017 03:33:20,000	-0,02	245,57
262	14.09.2017 03:33:30,000	0,02	246,06
263	14.09.2017 03:33:40,000	0,02	246,51
264	14.09.2017 03:33:50,000	0,06	246,99
265	14.09.2017 03:34:00,000	0,06	247,45
266	14.09.2017 03:34:10,000	0,06	247,91
267	14.09.2017 03:34:20,000	0,06	248,36
268	14.09.2017 03:34:30,000	0,06	249,05
269	14.09.2017 03:34:40,000	0,10	249,30
270	14.09.2017 03:34:50,000	0,10	249,76
271	14.09.2017 03:35:00,000	0,10	250,67
272	14.09.2017 03:35:10,000	0,10	251,12
273	14.09.2017 03:35:20,000	0,14	252,06
274	14.09.2017 03:35:30,000	0,14	252,29
275	14.09.2017 03:35:40,000	0,14	253,20
276	14.09.2017 03:35:50,000	0,14	253,89
277	14.09.2017 03:36:00,000	0,14	254,57
278	14.09.2017 03:36:10,000	0,14	255,25
279	14.09.2017 03:36:20,000	0,14	255,94
280	14.09.2017 03:36:30,000	0,18	256,65
281	14.09.2017 03:36:40,000	0,18	257,33
282	14.09.2017 03:36:50,000	0,18	258,02
283	14.09.2017 03:37:00,000	0,18	258,47
284	14.09.2017 03:37:10,000	0,18	259,16
285	14.09.2017 03:37:20,000	0,18	259,84
286	14.09.2017 03:37:30,000	0,18	260,52
287	14.09.2017 03:37:40,000	0,18	261,21
288	14.09.2017 03:37:50,000	0,18	262,12
289	14.09.2017 03:38:00,000	0,22	263,06
290	14.09.2017 03:38:10,000	0,22	263,97
291	14.09.2017 03:38:20,000	0,22	264,88
292	14.09.2017 03:38:30,000	0,22	265,34
293	14.09.2017 03:38:40,000	0,22	265,56
294	14.09.2017 03:38:50,000	0,22	266,02
295	14.09.2017 03:39:00,000	0,22	266,02
296	14.09.2017 03:39:10,000	0,22	266,25
297	14.09.2017 03:39:20,000	0,22	266,02
298	14.09.2017 03:39:30,000	0,22	266,25
299	14.09.2017 03:39:40,000	0,22	266,02
300	14.09.2017 03:39:50,000	0,22	266,48
301	14.09.2017 03:40:00,000	0,22	267,16
302	14.09.2017 03:40:10,000	0,22	267,62
303	14.09.2017 03:40:20,000	0,22	268,53
304	14.09.2017 03:40:30,000	0,26	269,24
305	14.09.2017 03:40:40,000	0,26	269,92
306	14.09.2017 03:40:50,000	0,26	270,83
307	14.09.2017 03:41:00,000	0,26	271,74
308	14.09.2017 03:41:10,000	0,26	272,66
309	14.09.2017 03:41:20,000	0,26	273,80
310	14.09.2017 03:41:30,000	0,26	274,94
311	14.09.2017 03:41:40,000	0,26	275,85
312	14.09.2017 03:41:50,000	0,26	277,22
313	14.09.2017 03:42:00,000	0,26	278,35
314	14.09.2017 03:42:10,000	0,26	279,27
315	14.09.2017 03:42:20,000	0,30	280,20
316	14.09.2017 03:42:30,000	0,30	280,89
317	14.09.2017 03:42:40,000	0,30	281,57
318	14.09.2017 03:42:50,000	0,30	281,80
319	14.09.2017 03:43:00,000	0,30	282,03
320	14.09.2017 03:43:10,000	0,30	282,03
321	14.09.2017 03:43:20,000	0,30	282,25
322	14.09.2017 03:43:30,000	0,30	282,25
323	14.09.2017 03:43:40,000	0,30	282,48
324	14.09.2017 03:43:50,000	0,30	282,25
325	14.09.2017 03:44:00,000	0,30	282,71
326	14.09.2017 03:44:10,000	0,30	282,71
327	14.09.2017 03:44:20,000	0,30	282,94
328	14.09.2017 03:44:30,000	0,30	282,71
329	14.09.2017 03:44:40,000	0,30	282,71
330	14.09.2017 03:44:50,000	0,30	282,48
331	14.09.2017 03:45:00,000	0,30	282,48
332	14.09.2017 03:45:10,000	0,30	282,48
333	14.09.2017 03:45:20,000	0,30	282,71
334	14.09.2017 03:45:30,000	0,30	282,48
335	14.09.2017 03:45:40,000	0,30	282,48
336	14.09.2017 03:45:50,000	0,30	282,48
337	14.09.2017 03:46:00,000	0,30	282,25
338	14.09.2017 03:46:10,000	0,30	282,25
339	14.09.2017 03:46:20,000	0,30	282,48
340	14.09.2017 03:46:30,000	0,30	282,48
341	14.09.2017 03:46:40,000	0,30	282,03
342	14.09.2017 03:46:50,000	0,30	282,03
343	14.09.2017 03:47:00,000	0,30	281,80
344	14.09.2017 03:47:10,000	0,30	281,57
345	14.09.2017 03:47:20,000	0,30	281,34
346	14.09.2017 03:47:30,000	0,30	280,89
347	14.09.2017 03:47:40,000	0,30	280,66
348	14.09.2017 03:47:50,000	0,26	280,18
349	14.09.2017 03:48:00,000	0,26	279,72
350	14.09.2017 03:48:10,000	0,26	279,27
351	14.09.2017 03:48:20,000	0,26	278,81
352	14.09.2017 03:48:30,000	0,26	278,13
353	14.09.2017 03:48:40,000	0,26	277,67
354	14.09.2017 03:48:50,000	0,26	276,99
355	14.09.2017 03:49:00,000	0,26	276,30
356	14.09.2017 03:49:10,000	0,26	275,85
357	14.09.2017 03:49:20,000	0,26	275,39
358	14.09.2017 03:49:30,000	0,26	274,48
359	14.09.2017 03:49:40,000	0,26	274,02
360	14.09.2017 03:49:50,000	0,26	273,11
361	14.09.2017 03:50:00,000	0,26	272,88
362	14.09.2017 03:50:10,000	0,26	272,20
363	14.09.2017 03:50:20,000	0,26	271,74
364	14.09.2017 03:50:30,000	0,22	270,81
365	14.09.2017 03:50:40,000	0,22	270,12
366	14.09.2017 03:50:50,000	0,22	269,44
367	14.09.2017 03:51:00,000	0,22	268,98
368	14.09.2017 03:51:10,000	0,22	268,53
369	14.09.2017 03:51:20,000	0,22	268,07
370	14.09.2017 03:51:30,000	0,22	267,62
371	14.09.2017 03:51:40,000	0,22	266,70
372	14.09.2017 03:51:50,000	0,22	266,25
373	14.09.2017 03:52:00,000	0,22	265,56
374	14.09.2017 03:52:10,000	0,22	265,11
375	14.09.2017 03:52:20,000	0,22	264,88
376	14.09.2017 03:52:30,000	0,22	264,88
377	14.09.2017 03:52:40,000	0,22	265,34
378	14.09.2017 03:52:50,000	0,22	265,34
379	14.09.2017 03:53:00,000	0,22	265,79
380	14.09.2017 03:53:10,000	0,22	266,02
381	14.09.2017 03:53:20,000	0,22	266,48
382	14.09.2017 03:53:30,000	0,22	266,70
383	14.09.2017 03:53:40,000	0,22	266,93
384	14.09.2017 03:53:50,000	0,22	266,70
385	14.09.2017 03:54:00,000	0,22	266,48
386	14.09.2017 03:54:10,000	0,22	266,02
387	14.09.2017 03:54:20,000	0,22	265,79
388	14.09.2017 03:54:30,000	0,22	265,11
389	14.09.2017 03:54:40,000	0,22	264,65
390	14.09.2017 03:54:50,000	0,22	263,74
391	14.09.2017 03:55:00,000	0,22	263,29
392	14.09.2017 03:55:10,000	0,22	262,60
393	14.09.2017 03:55:20,000	0,22	261,92
394	14.09.2017 03:55:30,000	0,22	261,46
395	14.09.2017 03:55:40,000	0,22	261,01
396	14.09.2017 03:55:50,000	0,22	260,32
397	14.09.2017 03:56:00,000	0,22	260,09
398	14.09.2017 03:56:10,000	0,18	259,38
399	14.09.2017 03:56:20,000	0,18	259,16
400	14.09.2017 03:56:30,000	0,18	258,47
401	14.09.2017 03:56:40,000	0,18	258,02
402	14.09.2017 03:56:50,000	0,18	257,56
403	14.09.2017 03:57:00,000	0,18	257,33
404	14.09.2017 03:57:10,000	0,18	256,88
405	14.09.2017 03:57:20,000	0,18	256,19
406	14.09.2017 03:57:30,000	0,18	256,19
407	14.09.2017 03:57:40,000	0,18	255,96
408	14.09.2017 03:57:50,000	0,18	255,74
409	14.09.2017 03:58:00,000	0,18	255,05
410	14.09.2017 03:58:10,000	0,14	255,03
411	14.09.2017 03:58:20,000	0,14	255,03
412	14.09.2017 03:58:30,000	0,14	254,80
413	14.09.2017 03:58:40,000	0,14	255,03
414	14.09.2017 03:58:50,000	0,14	254,80
415	14.09.2017 03:59:00,000	0,14	254,80
416	14.09.2017 03:59:10,000	0,14	255,03
417	14.09.2017 03:59:20,000	0,14	254,80
418	14.09.2017 03:59:30,000	0,14	255,03
419	14.09.2017 03:59:40,000	0,14	255,25
420	14.09.2017 03:59:50,000	0,14	255,25
421	14.09.2017 04:00:00,000	0,14	255,48
422	14.09.2017 04:00:10,000	0,14	255,48
423	14.09.2017 04:00:20,000	0,14	255,71
424	14.09.2017 04:00:30,000	0,18	255,74
425	14.09.2017 04:00:40,000	0,18	255,96
426	14.09.2017 04:00:50,000	0,18	256,19
427	14.09.2017 04:01:00,000	0,18	255,96
428	14.09.2017 04:01:10,000	0,18	256,19
429	14.09.2017 04:01:20,000	0,18	256,42
430	14.09.2017 04:01:30,000	0,18	256,65
431	14.09.2017 04:01:40,000	0,18	256,88
432	14.09.2017 04:01:50,000	0,18	256,88
433	14.09.2017 04:02:00,000	0,18	256,88
434	14.09.2017 04:02:10,000	0,18	257,33
435	14.09.2017 04:02:20,000	0,18	257,10
436	14.09.2017 04:02:30,000	0,18	257,33
437	14.09.2017 04:02:40,000	0,18	257,56
438	14.09.2017 04:02:50,000	0,18	257,10
439	14.09.2017 04:03:00,000	0,18	257,33
440	14.09.2017 04:03:10,000	0,18	257,56
441	14.09.2017 04:03:20,000	0,18	257,56
442	14.09.2017 04:03:30,000	0,18	257,79
443	14.09.2017 04:03:40,000	0,18	258,02
444	14.09.2017 04:03:50,000	0,18	257,79
445	14.09.2017 04:04:00,000	0,18	258,02
446	14.09.2017 04:04:10,000	0,18	258,02
447	14.09.2017 04:04:20,000	0,18	258,02
448	14.09.2017 04:04:30,000	0,18	257,79
449	14.09.2017 04:04:40,000	0,18	257,56
450	14.09.2017 04:04:50,000	0,18	256,88
451	14.09.2017 04:05:00,000	0,18	255,96
452	14.09.2017 04:05:10,000	0,18	254,82
453	14.09.2017 04:05:20,000	0,18	253,68
454	14.09.2017 04:05:30,000	0,14	252,06
455	14.09.2017 04:05:40,000	0,14	250,24
456	14.09.2017 04:05:50,000	0,14	248,41
457	14.09.2017 04:06:00,000	0,10	246,34
458	14.09.2017 04:06:10,000	0,10	243,83
459	14.09.2017 04:06:20,000	0,06	241,75
460	14.09.2017 04:06:30,000	0,06	239,24
461	14.09.2017 04:06:40,000	0,02	237,62
462	14.09.2017 04:06:50,000	-0,02	235,31
463	14.09.2017 04:07:00,000	-0,02	233,49
464	14.09.2017 04:07:10,000	-0,07	231,64
465	14.09.2017 04:07:20,000	-0,07	230,04
466	14.09.2017 04:07:30,000	-0,11	228,19
467	14.09.2017 04:07:40,000	-0,11	226,82
468	14.09.2017 04:07:50,000	-0,11	225,23
469	14.09.2017 04:08:00,000	-0,11	224,09
470	14.09.2017 04:08:10,000	-0,15	222,92
471	14.09.2017 04:08:20,000	-0,15	221,55
472	14.09.2017 04:08:30,000	-0,19	220,61
473	14.09.2017 04:08:40,000	-0,19	219,70
474	14.09.2017 04:08:50,000	-0,19	218,79
475	14.09.2017 04:09:00,000	-0,19	218,33
476	14.09.2017 04:09:10,000	-0,19	217,65
477	14.09.2017 04:09:20,000	-0,23	216,94
478	14.09.2017 04:09:30,000	-0,23	216,48
479	14.09.2017 04:09:40,000	-0,23	216,02
480	14.09.2017 04:09:50,000	-0,27	215,77
481	14.09.2017 04:10:00,000	-0,27	215,31
482	14.09.2017 04:10:10,000	-0,27	214,63
483	14.09.2017 04:10:20,000	-0,27	214,40
484	14.09.2017 04:10:30,000	-0,27	214,17
485	14.09.2017 04:10:40,000	-0,27	213,26
486	14.09.2017 04:10:50,000	-0,27	212,58
487	14.09.2017 04:11:00,000	-0,27	211,66
488	14.09.2017 04:11:10,000	-0,31	210,73
489	14.09.2017 04:11:20,000	-0,31	210,04
490	14.09.2017 04:11:30,000	-0,31	209,59
491	14.09.2017 04:11:40,000	-0,35	209,10
492	14.09.2017 04:11:50,000	-0,35	208,42
493	14.09.2017 04:12:00,000	-0,35	208,19
494	14.09.2017 04:12:10,000	-0,39	207,94
495	14.09.2017 04:12:20,000	-0,39	207,71
496	14.09.2017 04:12:30,000	-0,39	207,48
497	14.09.2017 04:12:40,000	-0,39	207,48
498	14.09.2017 04:12:50,000	-0,39	207,48
499	14.09.2017 04:13:00,000	-0,39	207,48
500	14.09.2017 04:13:10,000	-0,39	207,48
501	14.09.2017 04:13:20,000	-0,39	207,71
502	14.09.2017 04:13:30,000	-0,35	207,96
503	14.09.2017 04:13:40,000	-0,35	208,19
504	14.09.2017 04:13:50,000	-0,35	207,96
505	14.09.2017 04:14:00,000	-0,35	207,96
506	14.09.2017 04:14:10,000	-0,35	207,73
507	14.09.2017 04:14:20,000	-0,35	207,73
508	14.09.2017 04:14:30,000	-0,35	207,51
509	14.09.2017 04:14:40,000	-0,35	207,05
510	14.09.2017 04:14:50,000	-0,35	207,05
511	14.09.2017 04:15:00,000	-0,35	206,82
512	14.09.2017 04:15:10,000	-0,35	206,37
513	14.09.2017 04:15:20,000	-0,35	206,37
514	14.09.2017 04:15:30,000	-0,35	206,14
515	14.09.2017 04:15:40,000	-0,35	205,68
516	14.09.2017 04:15:50,000	-0,39	205,43
517	14.09.2017 04:16:00,000	-0,39	205,20
518	14.09.2017 04:16:10,000	-0,39	205,20
519	14.09.2017 04:16:20,000	-0,39	204,74
520	14.09.2017 04:16:30,000	-0,39	204,52
521	14.09.2017 04:16:40,000	-0,39	204,06
522	14.09.2017 04:16:50,000	-0,39	203,60
523	14.09.2017 04:17:00,000	-0,39	203,37
524	14.09.2017 04:17:10,000	-0,39	202,92
525	14.09.2017 04:17:20,000	-0,43	202,44
526	14.09.2017 04:17:30,000	-0,43	202,21
527	14.09.2017 04:17:40,000	-0,43	201,52
528	14.09.2017 04:17:50,000	-0,43	201,30
529	14.09.2017 04:18:00,000	-0,43	200,84
530	14.09.2017 04:18:10,000	-0,43	200,15
531	14.09.2017 04:18:20,000	-0,43	199,93
532	14.09.2017 04:18:30,000	-0,43	199,24
533	14.09.2017 04:18:40,000	-0,43	198,79
534	14.09.2017 04:18:50,000	-0,48	198,30
535	14.09.2017 04:19:00,000	-0,48	197,62
536	14.09.2017 04:19:10,000	-0,52	197,14
537	14.09.2017 04:19:20,000	-0,52	196,45
538	14.09.2017 04:19:30,000	-0,52	196,00
539	14.09.2017 04:19:40,000	-0,56	195,06
540	14.09.2017 04:19:50,000	-0,56	194,37
541	14.09.2017 04:20:00,000	-0,56	193,46
542	14.09.2017 04:20:10,000	-0,56	192,78
543	14.09.2017 04:20:20,000	-0,56	192,09
544	14.09.2017 04:20:30,000	-0,60	191,15
545	14.09.2017 04:20:40,000	-0,60	190,47
546	14.09.2017 04:20:50,000	-0,60	189,56
547	14.09.2017 04:21:00,000	-0,64	188,62
548	14.09.2017 04:21:10,000	-0,64	187,93
549	14.09.2017 04:21:20,000	-0,64	187,25
550	14.09.2017 04:21:30,000	-0,68	186,54
551	14.09.2017 04:21:40,000	-0,68	185,63
552	14.09.2017 04:21:50,000	-0,72	184,92
553	14.09.2017 04:22:00,000	-0,72	184,23
554	14.09.2017 04:22:10,000	-0,72	183,09
555	14.09.2017 04:22:20,000	-0,72	182,41
556	14.09.2017 04:22:30,000	-0,72	181,72
557	14.09.2017 04:22:40,000	-0,72	180,81
558	14.09.2017 04:22:50,000	-0,72	180,13
559	14.09.2017 04:23:00,000	-0,77	179,41
560	14.09.2017 04:23:10,000	-0,77	178,50
561	14.09.2017 04:23:20,000	-0,77	177,36
562	14.09.2017 04:23:30,000	-0,77	176,45
563	14.09.2017 04:23:40,000	-0,77	175,76
564	14.09.2017 04:23:50,000	-0,81	174,60
565	14.09.2017 04:24:00,000	-0,81	173,91
566	14.09.2017 04:24:10,000	-0,81	172,77
567	14.09.2017 04:24:20,000	-0,81	171,63
568	14.09.2017 04:24:30,000	-0,85	170,69
569	14.09.2017 04:24:40,000	-0,85	169,55
570	14.09.2017 04:24:50,000	-0,85	168,64
571	14.09.2017 04:25:00,000	-0,85	167,50
572	14.09.2017 04:25:10,000	-0,85	166,82
573	14.09.2017 04:25:20,000	-0,85	165,68
574	14.09.2017 04:25:30,000	-0,89	164,74
575	14.09.2017 04:25:40,000	-0,89	164,05
576	14.09.2017 04:25:50,000	-0,89	162,91
577	14.09.2017 04:26:00,000	-0,93	161,75
578	14.09.2017 04:26:10,000	-0,93	160,83
579	14.09.2017 04:26:20,000	-0,93	159,69
580	14.09.2017 04:26:30,000	-0,93	158,78
581	14.09.2017 04:26:40,000	-0,97	157,61
582	14.09.2017 04:26:50,000	-0,97	156,24
583	14.09.2017 04:27:00,000	-0,97	155,10
584	14.09.2017 04:27:10,000	-1,01	153,94
585	14.09.2017 04:27:20,000	-1,01	152,80
586	14.09.2017 04:27:30,000	-1,01	151,66
587	14.09.2017 04:27:40,000	-1,06	150,03
588	14.09.2017 04:27:50,000	-1,10	148,87
589	14.09.2017 04:28:00,000	-1,10	147,73
590	14.09.2017 04:28:10,000	-1,14	146,56
591	14.09.2017 04:28:20,000	-1,22	145,37
592	14.09.2017 04:28:30,000	-1,27	143,97
593	14.09.2017 04:28:40,000	-1,27	142,60
594	14.09.2017 04:28:50,000	-1,27	141,46
595	14.09.2017 04:29:00,000	-1,31	139,84
596	14.09.2017 04:29:10,000	-1,31	138,02
597	14.09.2017 04:29:20,000	-1,35	137,08
598	14.09.2017 04:29:30,000	-1,35	135,48
599	14.09.2017 04:29:40,000	-1,39	134,09
600	14.09.2017 04:29:50,000	-1,39	132,49
601	14.09.2017 04:30:00,000	-1,39	130,90
602	14.09.2017 04:30:10,000	-1,39	129,07
603	14.09.2017 04:30:20,000	-1,39	127,71
604	14.09.2017 04:30:30,000	-1,39	125,88
605	14.09.2017 04:30:40,000	-1,39	123,83
606	14.09.2017 04:30:50,000	-1,35	121,81
607	14.09.2017 04:31:00,000	-1,31	119,78
608	14.09.2017 04:31:10,000	-1,31	117,73
609	14.09.2017 04:31:20,000	-1,35	115,88
610	14.09.2017 04:31:30,000	-1,31	113,86
611	14.09.2017 04:31:40,000	-1,27	111,83
612	14.09.2017 04:31:50,000	-1,27	109,55
613	14.09.2017 04:32:00,000	-1,27	107,73
614	14.09.2017 04:32:10,000	-1,22	105,94
615	14.09.2017 04:32:20,000	-1,22	103,89
616	14.09.2017 04:32:30,000	-1,18	101,64
617	14.09.2017 04:32:40,000	-1,18	99,81
618	14.09.2017 04:32:50,000	-1,14	97,56
619	14.09.2017 04:33:00,000	-1,01	95,82
620	14.09.2017 04:33:10,000	-1,01	93,32
621	14.09.2017 04:33:20,000	-0,93	91,55
622	14.09.2017 04:33:30,000	-0,85	89,55
623	14.09.2017 04:33:40,000	-0,77	87,78
624	14.09.2017 04:33:50,000	-0,77	86,42
625	14.09.2017 04:34:00,000	-0,81	84,80
626	14.09.2017 04:34:10,000	-0,72	83,26
627	14.09.2017 04:34:20,000	-0,60	81,97
628	14.09.2017 04:34:30,000	-0,43	80,48
629	14.09.2017 04:34:40,000	-0,27	79,22
630	14.09.2017 04:34:50,000	-0,27	77,86
631	14.09.2017 04:35:00,000	-0,19	76,77
632	14.09.2017 04:35:10,000	-0,23	75,61
633	14.09.2017 04:35:20,000	-0,02	74,37
634	14.09.2017 04:35:30,000	0,10	73,31
635	14.09.2017 04:35:40,000	0,06	72,38
636	14.09.2017 04:35:50,000	0,06	71,24
637	14.09.2017 04:36:00,000	0,06	70,10
638	14.09.2017 04:36:10,000	0,10	68,99
639	14.09.2017 04:36:20,000	0,10	67,40
640	14.09.2017 04:36:30,000	0,14	66,06
641	14.09.2017 04:36:40,000	0,18	64,72
642	14.09.2017 04:36:50,000	0,18	63,36
643	14.09.2017 04:37:00,000	0,26	62,05
644	14.09.2017 04:37:10,000	0,34	60,74
645	14.09.2017 04:37:20,000	0,46	59,45
646	14.09.2017 04:37:30,000	0,54	57,91
647	14.09.2017 04:37:40,000	0,62	56,60
648	14.09.2017 04:37:50,000	0,78	55,11
649	14.09.2017 04:38:00,000	0,94	54,07
650	14.09.2017 04:38:10,000	1,02	52,99
651	14.09.2017 04:38:20,000	1,10	51,90
652	14.09.2017 04:38:30,000	1,22	51,07
653	14.09.2017 04:38:40,000	1,30	50,44
654	14.09.2017 04:38:50,000	1,38	49,58
655	14.09.2017 04:39:00,000	1,34	49,33
656	14.09.2017 04:39:10,000	1,26	48,82
657	14.09.2017 04:39:20,000	1,06	48,25
658	14.09.2017 04:39:30,000	0,94	48,17
659	14.09.2017 04:39:40,000	0,90	47,69
660	14.09.2017 04:39:50,000	0,86	47,44
661	14.09.2017 04:40:00,000	0,86	47,21
662	14.09.2017 04:40:10,000	0,90	46,78
663	14.09.2017 04:40:20,000	0,98	46,38
664	14.09.2017 04:40:30,000	0,98	46,15
665	14.09.2017 04:40:40,000	0,70	45,75
666	14.09.2017 04:40:50,000	0,34	45,52
667	14.09.2017 04:41:00,000	0,14	45,62
668	14.09.2017 04:41:10,000	0,02	45,77
669	14.09.2017 04:41:20,000	-0,11	45,92
670	14.09.2017 04:41:30,000	0,10	46,73
671	14.09.2017 04:41:40,000	0,38	47,59
672	14.09.2017 04:41:50,000	0,62	48,20
673	14.09.2017 04:42:00,000	0,70	49,15
674	14.09.2017 04:42:10,000	0,82	49,46
675	14.09.2017 04:42:20,000	0,94	50,44
676	14.09.2017 04:42:30,000	0,90	50,87
677	14.09.2017 04:42:40,000	0,94	51,80
678	14.09.2017 04:42:50,000	1,18	52,63
679	14.09.2017 04:43:00,000	1,30	53,39
680	14.09.2017 04:43:10,000	1,34	54,32
681	14.09.2017 04:43:20,000	1,26	55,18
682	14.09.2017 04:43:30,000	1,14	55,79
683	14.09.2017 04:43:40,000	1,02	56,62
684	14.09.2017 04:43:50,000	1,02	56,85
685	14.09.2017 04:44:00,000	0,98	57,05
686	14.09.2017 04:44:10,000	0,94	56,57
687	14.09.2017 04:44:20,000	0,94	55,21
688	14.09.2017 04:44:30,000	0,90	54,27
689	14.09.2017 04:44:40,000	1,02	53,44
690	14.09.2017 04:44:50,000	1,10	52,13
691	14.09.2017 04:45:00,000	0,86	49,94
692	14.09.2017 04:45:10,000	0,74	47,36
693	14.09.2017 04:45:20,000	0,50	45,62
694	14.09.2017 04:45:30,000	0,22	42,95
695	14.09.2017 04:45:40,000	0,02	40,10
696	14.09.2017 04:45:50,000	-0,19	37,48
697	14.09.2017 04:46:00,000	-0,27	34,93
698	14.09.2017 04:46:10,000	-0,31	31,96
699	14.09.2017 04:46:20,000	-0,31	29,24
700	14.09.2017 04:46:30,000	-0,35	26,73
701	14.09.2017 04:46:40,000	-0,39	24,66
702	14.09.2017 04:46:50,000	-0,43	23,28
703	14.09.2017 04:47:00,000	-0,35	21,74
704	14.09.2017 04:47:10,000	-0,35	20,61
705	14.09.2017 04:47:20,000	-0,23	19,11
706	14.09.2017 04:47:30,000	-0,15	17,57
707	14.09.2017 04:47:40,000	-0,07	16,04
708	14.09.2017 04:47:50,000	0,14	14,36
709	14.09.2017 04:48:00,000	0,54	13,03
710	14.09.2017 04:48:10,000	0,70	11,77
711	14.09.2017 04:48:20,000	0,94	10,57
712	14.09.2017 04:48:30,000	1,02	10,39
713	14.09.2017 04:48:40,000	1,14	10,01
714	14.09.2017 04:48:50,000	1,10	9,53
715	14.09.2017 04:49:00,000	1,22	9,16
716	14.09.2017 04:49:10,000	1,38	8,80
717	14.09.2017 04:49:20,000	1,42	8,60
718	14.09.2017 04:49:30,000	1,46	8,17
719	14.09.2017 04:49:40,000	1,50	7,97
720	14.09.2017 04:49:50,000	1,57	7,80
721	14.09.2017 04:50:00,000	1,61	7,59
722	14.09.2017 04:50:10,000	1,65	7,39
723	14.09.2017 04:50:20,000	1,65	7,62
724	14.09.2017 04:50:30,000	1,69	7,42
725	14.09.2017 04:50:40,000	1,73	7,22
726	14.09.2017 04:50:50,000	1,73	7,22
727	14.09.2017 04:51:00,000	1,77	7,24
728	14.09.2017 04:51:10,000	1,73	7,22
729	14.09.2017 04:51:20,000	1,77	7,24
730	14.09.2017 04:51:30,000	1,81	6,81
731	14.09.2017 04:51:40,000	1,77	7,01
732	14.09.2017 04:51:50,000	1,81	6,81
733	14.09.2017 04:52:00,000	1,85	6,61
734	14.09.2017 04:52:10,000	1,85	6,84
735	14.09.2017 04:52:20,000	1,85	6,61
736	14.09.2017 04:52:30,000	1,73	6,54
737	14.09.2017 04:52:40,000	1,73	6,76
738	14.09.2017 04:52:50,000	1,81	6,59
739	14.09.2017 04:53:00,000	1,73	6,54
740	14.09.2017 04:53:10,000	1,77	6,34
741	14.09.2017 04:53:20,000	1,85	6,16
742	14.09.2017 04:53:30,000	1,92	6,21
743	14.09.2017 04:53:40,000	1,92	6,21
744	14.09.2017 04:53:50,000	2,00	5,80
745	14.09.2017 04:54:00,000	2,00	6,03
746	14.09.2017 04:54:10,000	2,04	6,05
747	14.09.2017 04:54:20,000	2,04	5,60
748	14.09.2017 04:54:30,000	1,96	5,55
749	14.09.2017 04:54:40,000	1,96	5,10
750	14.09.2017 04:54:50,000	1,96	4,65
751	14.09.2017 04:55:00,000	1,96	4,44
752	14.09.2017 04:55:10,000	2,00	3,76
753	14.09.2017 04:55:20,000	2,00	3,54
754	14.09.2017 04:55:30,000	2,00	2,64
755	14.09.2017 04:55:40,000	2,00	2,64
756	14.09.2017 04:55:50,000	2,00	2,41
757	14.09.2017 04:56:00,000	2,00	2,64
758	14.09.2017 04:56:10,000	2,04	2,64
759	14.09.2017 04:56:20,000	2,04	2,86
760	14.09.2017 04:56:30,000	2,08	2,86
761	14.09.2017 04:56:40,000	2,08	2,41
762	14.09.2017 04:56:50,000	2,08	2,41
763	14.09.2017 04:57:00,000	2,12	1,73
764	14.09.2017 04:57:10,000	2,12	2,18
765	14.09.2017 04:57:20,000	2,12	2,18
766	14.09.2017 04:57:30,000	2,12	2,64
767	14.09.2017 04:57:40,000	2,12	2,18
768	14.09.2017 04:57:50,000	2,16	2,64
769	14.09.2017 04:58:00,000	2,16	2,41
770	14.09.2017 04:58:10,000	2,20	2,18
771	14.09.2017 04:58:20,000	2,20	2,18
772	14.09.2017 04:58:30,000	2,20	1,96
773	14.09.2017 04:58:40,000	2,20	1,96
774	14.09.2017 04:58:50,000	2,20	1,51
775	14.09.2017 04:59:00,000	2,20	0,60
776	14.09.2017 04:59:10,000	2,20	0,00
777	14.09.2017 04:59:20,000	2,20	0,00
778	14.09.2017 04:59:30,000	2,20	0,00
779	14.09.2017 04:59:40,000	2,20	0,00
780	14.09.2017 04:59:50,000	2,20	0,00
781	14.09.2017 05:00:00,000	2,20	0,00
782	14.09.2017 05:00:10,000	2,20	0,00
783	14.09.2017 05:00:20,000	2,20	0,00
784	14.09.2017 05:00:30,000	2,20	0,00
785	14.09.2017 05:00:40,000	2,20	0,00
786	14.09.2017 05:00:50,000	2,20	0,00
787	14.09.2017 05:01:00,000	2,20	0,00
788	14.09.2017 05:01:10,000	2,20	0,00
789	14.09.2017 05:01:20,000	2,20	0,00
790	14.09.2017 05:01:30,000	2,20	0,00
791	14.09.2017 05:01:40,000	2,20	0,00
792	14.09.2017 05:01:50,000	2,20	0,00
793	14.09.2017 05:02:00,000	2,20	0,00
794	14.09.2017 05:02:10,000	2,20	0,00
795	14.09.2017 05:02:20,000	2,20	0,00
796	14.09.2017 05:02:30,000	2,20	0,00
797	14.09.2017 05:02:40,000	2,20	0,00
798	14.09.2017 05:02:50,000	2,20	0,00
799	14.09.2017 05:03:00,000	2,20	0,00
800	14.09.2017 05:03:10,000	2,20	0,00
801	14.09.2017 05:03:20,000	2,23	0,00
802	14.09.2017 05:03:30,000	2,23	0,00
803	14.09.2017 05:03:40,000	2,23	0,00
804	14.09.2017 05:03:50,000	2,27	0,00
805	14.09.2017 05:04:00,000	2,27	0,00
806	14.09.2017 05:04:10,000	2,31	0,00
807	14.09.2017 05:04:20,000	2,31	0,00
808	14.09.2017 05:04:30,000	2,31	0,00
809	14.09.2017 05:04:40,000	2,35	0,00
810	14.09.2017 05:04:50,000	2,35	0,00
811	14.09.2017 05:05:00,000	2,39	0,00
812	14.09.2017 05:05:10,000	2,39	0,00
813	14.09.2017 05:05:20,000	2,43	0,00
814	14.09.2017 05:05:30,000	2,43	0,00
815	14.09.2017 05:05:40,000	2,43	0,00
816	14.09.2017 05:05:50,000	2,47	0,00
817	14.09.2017 05:06:00,000	2,47	0,00
818	14.09.2017 05:06:10,000	2,50	0,00
819	14.09.2017 05:06:20,000	2,54	0,00
820	14.09.2017 05:06:30,000	2,58	0,00
821	14.09.2017 05:06:40,000	2,58	0,00
822	14.09.2017 05:06:50,000	2,62	0,00
823	14.09.2017 05:07:00,000	2,66	0,00
824	14.09.2017 05:07:10,000	2,66	0,00
825	14.09.2017 05:07:20,000	2,70	0,00
826	14.09.2017 05:07:30,000	2,73	0,00
827	14.09.2017 05:07:40,000	2,73	0,00
828	14.09.2017 05:07:50,000	2,77	0,00
829	14.09.2017 05:08:00,000	2,81	0,00
830	14.09.2017 05:08:10,000	2,85	0,00
831	14.09.2017 05:08:20,000	2,85	0,00
832	14.09.2017 05:08:30,000	2,89	0,00
833	14.09.2017 05:08:40,000	2,92	0,00
834	14.09.2017 05:08:50,000	2,96	0,00
835	14.09.2017 05:09:00,000	3,00	0,00
836	14.09.2017 05:09:10,000	3,04	0,00
837	14.09.2017 05:09:20,000	3,04	0,00
838	14.09.2017 05:09:30,000	3,08	0,00
839	14.09.2017 05:09:40,000	3,11	0,00
840	14.09.2017 05:09:50,000	3,15	0,00
841	14.09.2017 05:10:00,000	3,23	0,00
842	14.09.2017 05:10:10,000	3,26	0,00
843	14.09.2017 05:10:20,000	3,34	0,00
844	14.09.2017 05:10:30,000	3,38	0,00
845	14.09.2017 05:10:40,000	3,41	0,00
846	14.09.2017 05:10:50,000	3,49	0,00
847	14.09.2017 05:11:00,000	3,56	0,00
848	14.09.2017 05:11:10,000	3,60	0,00
849	14.09.2017 05:11:20,000	3,64	0,00
850	14.09.2017 05:11:30,000	3,71	0,00
851	14.09.2017 05:11:40,000	3,79	0,00
852	14.09.2017 05:11:50,000	3,83	0,00
853	14.09.2017 05:12:00,000	3,90	0,00
854	14.09.2017 05:12:10,000	3,97	0,00
855	14.09.2017 05:12:20,000	4,01	0,00
856	14.09.2017 05:12:30,000	4,08	0,00
857	14.09.2017 05:12:40,000	4,16	0,00
858	14.09.2017 05:12:50,000	4,23	0,00
859	14.09.2017 05:13:00,000	4,27	0,00
860	14.09.2017 05:13:10,000	4,34	0,00
861	14.09.2017 05:13:20,000	4,38	0,00
862	14.09.2017 05:13:30,000	4,45	0,00
863	14.09.2017 05:13:40,000	4,53	0,00
864	14.09.2017 05:13:50,000	4,60	0,00
865	14.09.2017 05:14:00,000	4,64	0,00
866	14.09.2017 05:14:10,000	4,71	0,00
867	14.09.2017 05:14:20,000	4,78	0,00
868	14.09.2017 05:14:30,000	4,82	0,00
869	14.09.2017 05:14:40,000	4,85	0,00
870	14.09.2017 05:14:50,000	4,93	0,00
871	14.09.2017 05:15:00,000	5,00	0,00
872	14.09.2017 05:15:10,000	5,07	0,00
873	14.09.2017 05:15:20,000	5,11	0,00
874	14.09.2017 05:15:30,000	5,18	0,00
875	14.09.2017 05:15:40,000	5,25	0,00
876	14.09.2017 05:15:50,000	5,32	0,00
877	14.09.2017 05:16:00,000	5,40	0,00
878	14.09.2017 05:16:10,000	5,43	0,00
879	14.09.2017 05:16:20,000	5,50	0,00
880	14.09.2017 05:16:30,000	5,54	0,00
881	14.09.2017 05:16:40,000	5,61	0,00
882	14.09.2017 05:16:50,000	5,68	0,00
883	14.09.2017 05:17:00,000	5,75	0,00
884	14.09.2017 05:17:10,000	5,79	0,00
885	14.09.2017 05:17:20,000	5,86	0,00
886	14.09.2017 05:17:30,000	5,93	0,00
887	14.09.2017 05:17:40,000	5,97	0,00
888	14.09.2017 05:17:50,000	6,04	0,00
889	14.09.2017 05:18:00,000	6,11	0,00
890	14.09.2017 05:18:10,000	6,78	0,00
891	14.09.2017 05:18:20,000	10,94	0,00
892	14.09.2017 05:18:30,000	14,17	0,00
893	14.09.2017 05:18:40,000	16,28	0,00
