#B	Created:	14.09.2017 00:01:50
##	Version	SeaStar	7.49
#5	Field separation:	0
#2	Date & Time:	1
#6	Decimal point:	,
#7	Date def.:	dd.mm.yyyy	.
#8	Time def.:	:
##	Axis	0	Temperature(°C)	clRed	FALSE
##	Axis	1	Depth(m)	clBlue	TRUE
##	Series	0	Temp(°C)	clRed	0	Temp(°C)	2
##	Series	1	Depth(m)	clBlue	1	Depth(m)	2
##	Recorder	31	DST centi	8762
##	Chart	31C8762DAT	
#D	Data:	789	13.09.2017 21:50:00	14.09.2017 00:01:20
1	13.09.2017 21:50:00,000	23,53	0,36
2	13.09.2017 21:50:10,000	23,53	0,36
3	13.09.2017 21:50:20,000	23,53	0,36
4	13.09.2017 21:50:30,000	23,50	0,57
5	13.09.2017 21:50:40,000	23,50	0,57
6	13.09.2017 21:50:50,000	23,50	0,57
7	13.09.2017 21:51:00,000	23,50	0,33
8	13.09.2017 21:51:10,000	23,50	0,57
9	13.09.2017 21:51:20,000	23,47	0,53
10	13.09.2017 21:51:30,000	23,47	0,53
11	13.09.2017 21:51:40,000	23,47	0,53
12	13.09.2017 21:51:50,000	23,47	0,53
13	13.09.2017 21:52:00,000	23,44	0,50
14	13.09.2017 21:52:10,000	23,44	0,50
15	13.09.2017 21:52:20,000	23,44	0,50
16	13.09.2017 21:52:30,000	23,41	0,46
17	13.09.2017 21:52:40,000	23,41	0,46
18	13.09.2017 21:52:50,000	23,38	0,67
19	13.09.2017 21:53:00,000	23,38	0,43
20	13.09.2017 21:53:10,000	23,35	0,40
21	13.09.2017 21:53:20,000	23,35	0,40
22	13.09.2017 21:53:30,000	23,32	0,60
23	13.09.2017 21:53:40,000	23,32	0,60
24	13.09.2017 21:53:50,000	23,29	0,57
25	13.09.2017 21:54:00,000	23,27	0,29
26	13.09.2017 21:54:10,000	23,24	0,50
27	13.09.2017 21:54:20,000	23,21	0,71
28	13.09.2017 21:54:30,000	23,18	0,67
29	13.09.2017 21:54:40,000	23,15	0,64
30	13.09.2017 21:54:50,000	23,12	0,61
31	13.09.2017 21:55:00,000	23,09	0,57
32	13.09.2017 21:55:10,000	23,03	0,75
33	13.09.2017 21:55:20,000	23,00	0,71
34	13.09.2017 21:55:30,000	22,98	0,68
35	13.09.2017 21:55:40,000	22,92	0,61
36	13.09.2017 21:55:50,000	22,89	0,82
37	13.09.2017 21:56:00,000	22,86	0,54
38	13.09.2017 21:56:10,000	22,80	0,71
39	13.09.2017 21:56:20,000	22,77	0,68
40	13.09.2017 21:56:30,000	22,71	0,85
41	13.09.2017 21:56:40,000	22,66	0,78
42	13.09.2017 21:56:50,000	22,63	0,75
43	13.09.2017 21:57:00,000	22,57	0,68
44	13.09.2017 21:57:10,000	22,51	0,61
45	13.09.2017 21:57:20,000	22,48	0,58
46	13.09.2017 21:57:30,000	22,42	0,51
47	13.09.2017 21:57:40,000	22,40	0,72
48	13.09.2017 21:57:50,000	22,34	0,65
49	13.09.2017 21:58:00,000	22,28	0,58
50	13.09.2017 21:58:10,000	22,25	0,79
51	13.09.2017 21:58:20,000	22,19	0,72
52	13.09.2017 21:58:30,000	22,13	0,65
53	13.09.2017 21:58:40,000	22,08	0,82
54	13.09.2017 21:58:50,000	22,02	0,76
55	13.09.2017 21:59:00,000	21,99	0,72
56	13.09.2017 21:59:10,000	21,93	0,89
57	13.09.2017 21:59:20,000	21,90	0,62
58	13.09.2017 21:59:30,000	21,84	0,55
59	13.09.2017 21:59:40,000	21,78	0,72
60	13.09.2017 21:59:50,000	21,73	0,65
61	13.09.2017 22:00:00,000	21,67	0,59
62	13.09.2017 22:00:10,000	21,61	0,52
63	13.09.2017 22:00:20,000	21,55	0,69
64	13.09.2017 22:00:30,000	21,52	0,65
65	13.09.2017 22:00:40,000	21,46	0,59
66	13.09.2017 22:00:50,000	21,41	1,00
67	13.09.2017 22:01:00,000	21,35	0,45
68	13.09.2017 22:01:10,000	21,29	0,62
69	13.09.2017 22:01:20,000	21,23	0,55
70	13.09.2017 22:01:30,000	21,17	0,72
71	13.09.2017 22:01:40,000	21,14	0,93
72	13.09.2017 22:01:50,000	21,08	0,86
73	13.09.2017 22:02:00,000	21,03	0,79
74	13.09.2017 22:02:10,000	20,97	0,72
75	13.09.2017 22:02:20,000	20,91	0,65
76	13.09.2017 22:02:30,000	20,85	0,58
77	13.09.2017 22:02:40,000	20,79	0,76
78	13.09.2017 22:02:50,000	20,73	0,93
79	13.09.2017 22:03:00,000	20,68	0,62
80	13.09.2017 22:03:10,000	20,65	0,58
81	13.09.2017 22:03:20,000	20,59	0,75
82	13.09.2017 22:03:30,000	20,53	0,68
83	13.09.2017 22:03:40,000	20,47	0,86
84	13.09.2017 22:03:50,000	20,41	0,55
85	13.09.2017 22:04:00,000	20,35	0,72
86	13.09.2017 22:04:10,000	20,30	0,89
87	13.09.2017 22:04:20,000	20,24	0,58
88	13.09.2017 22:04:30,000	20,21	0,78
89	13.09.2017 22:04:40,000	20,15	0,71
90	13.09.2017 22:04:50,000	20,09	0,65
91	13.09.2017 22:05:00,000	20,03	0,82
92	13.09.2017 22:05:10,000	19,97	0,75
93	13.09.2017 22:05:20,000	19,91	0,68
94	13.09.2017 22:05:30,000	19,86	0,61
95	13.09.2017 22:05:40,000	19,80	0,78
96	13.09.2017 22:05:50,000	19,77	0,50
97	13.09.2017 22:06:00,000	19,71	0,67
98	13.09.2017 22:06:10,000	19,65	0,84
99	13.09.2017 22:06:20,000	19,59	0,77
100	13.09.2017 22:06:30,000	19,53	0,94
101	13.09.2017 22:06:40,000	19,47	0,87
102	13.09.2017 22:06:50,000	19,44	0,84
103	13.09.2017 22:07:00,000	19,38	1,01
104	13.09.2017 22:07:10,000	19,33	0,94
105	13.09.2017 22:07:20,000	19,27	0,87
106	13.09.2017 22:07:30,000	19,21	0,80
107	13.09.2017 22:07:40,000	19,15	0,73
108	13.09.2017 22:07:50,000	19,12	0,69
109	13.09.2017 22:08:00,000	19,06	0,86
110	13.09.2017 22:08:10,000	19,00	1,03
111	13.09.2017 22:08:20,000	18,94	0,72
112	13.09.2017 22:08:30,000	18,88	0,65
113	13.09.2017 22:08:40,000	18,82	0,82
114	13.09.2017 22:08:50,000	18,76	0,51
115	13.09.2017 22:09:00,000	18,71	0,68
116	13.09.2017 22:09:10,000	18,68	0,65
117	13.09.2017 22:09:20,000	18,62	0,82
118	13.09.2017 22:09:30,000	18,56	0,51
119	13.09.2017 22:09:40,000	18,50	0,68
120	13.09.2017 22:09:50,000	18,44	0,60
121	13.09.2017 22:10:00,000	18,38	1,01
122	13.09.2017 22:10:10,000	18,32	0,70
123	13.09.2017 22:10:20,000	18,26	0,87
124	13.09.2017 22:10:30,000	18,20	0,80
125	13.09.2017 22:10:40,000	18,17	0,77
126	13.09.2017 22:10:50,000	18,14	0,73
127	13.09.2017 22:11:00,000	18,11	0,70
128	13.09.2017 22:11:10,000	17,22	4,91
129	13.09.2017 22:11:20,000	11,27	10,67
130	13.09.2017 22:11:30,000	8,55	9,48
131	13.09.2017 22:11:40,000	6,93	9,40
132	13.09.2017 22:11:50,000	5,76	8,68
133	13.09.2017 22:12:00,000	4,96	8,65
134	13.09.2017 22:12:10,000	4,45	9,46
135	13.09.2017 22:12:20,000	4,00	10,12
136	13.09.2017 22:12:30,000	3,59	10,81
137	13.09.2017 22:12:40,000	3,28	11,88
138	13.09.2017 22:12:50,000	2,94	12,42
139	13.09.2017 22:13:00,000	2,09	13,55
140	13.09.2017 22:13:10,000	1,46	15,67
141	13.09.2017 22:13:20,000	1,02	16,58
142	13.09.2017 22:13:30,000	0,73	17,45
143	13.09.2017 22:13:40,000	0,49	18,60
144	13.09.2017 22:13:50,000	0,29	19,56
145	13.09.2017 22:14:00,000	0,12	21,29
146	13.09.2017 22:14:10,000	0,04	22,15
147	13.09.2017 22:14:20,000	-0,04	21,57
148	13.09.2017 22:14:30,000	-0,12	20,99
149	13.09.2017 22:14:40,000	-0,17	20,94
150	13.09.2017 22:14:50,000	-0,17	20,94
151	13.09.2017 22:15:00,000	-0,21	20,41
152	13.09.2017 22:15:10,000	-0,21	20,65
153	13.09.2017 22:15:20,000	-0,25	21,57
154	13.09.2017 22:15:30,000	-0,25	23,49
155	13.09.2017 22:15:40,000	-0,29	25,37
156	13.09.2017 22:15:50,000	-0,33	26,77
157	13.09.2017 22:16:00,000	-0,37	26,24
158	13.09.2017 22:16:10,000	-0,37	25,75
159	13.09.2017 22:16:20,000	-0,41	24,98
160	13.09.2017 22:16:30,000	-0,41	24,50
161	13.09.2017 22:16:40,000	-0,41	23,78
162	13.09.2017 22:16:50,000	-0,33	23,15
163	13.09.2017 22:17:00,000	-0,33	22,91
164	13.09.2017 22:17:10,000	-0,29	22,24
165	13.09.2017 22:17:20,000	-0,29	22,00
166	13.09.2017 22:17:30,000	-0,29	21,76
167	13.09.2017 22:17:40,000	-0,29	23,20
168	13.09.2017 22:17:50,000	-0,29	24,65
169	13.09.2017 22:18:00,000	-0,33	25,32
170	13.09.2017 22:18:10,000	-0,37	26,00
171	13.09.2017 22:18:20,000	-0,33	27,25
172	13.09.2017 22:18:30,000	-0,33	28,45
173	13.09.2017 22:18:40,000	-0,33	29,66
174	13.09.2017 22:18:50,000	-0,25	30,24
175	13.09.2017 22:19:00,000	-0,17	30,58
176	13.09.2017 22:19:10,000	-0,12	30,39
177	13.09.2017 22:19:20,000	-0,12	30,63
178	13.09.2017 22:19:30,000	-0,08	30,44
179	13.09.2017 22:19:40,000	-0,08	30,44
180	13.09.2017 22:19:50,000	-0,08	30,44
181	13.09.2017 22:20:00,000	-0,04	30,73
182	13.09.2017 22:20:10,000	-0,08	31,40
183	13.09.2017 22:20:20,000	-0,08	32,13
184	13.09.2017 22:20:30,000	-0,08	33,33
185	13.09.2017 22:20:40,000	0,37	33,63
186	13.09.2017 22:20:50,000	0,65	33,49
187	13.09.2017 22:21:00,000	0,77	34,36
188	13.09.2017 22:21:10,000	0,77	34,60
189	13.09.2017 22:21:20,000	0,77	35,33
190	13.09.2017 22:21:30,000	0,73	36,48
191	13.09.2017 22:21:40,000	0,69	37,64
192	13.09.2017 22:21:50,000	0,65	38,56
193	13.09.2017 22:22:00,000	0,77	39,91
194	13.09.2017 22:22:10,000	0,98	40,88
195	13.09.2017 22:22:20,000	1,14	42,04
196	13.09.2017 22:22:30,000	1,26	42,42
197	13.09.2017 22:22:40,000	1,34	42,52
198	13.09.2017 22:22:50,000	1,38	42,57
199	13.09.2017 22:23:00,000	1,42	43,34
200	13.09.2017 22:23:10,000	1,46	43,63
201	13.09.2017 22:23:20,000	1,57	44,01
202	13.09.2017 22:23:30,000	1,65	44,11
203	13.09.2017 22:23:40,000	1,73	43,97
204	13.09.2017 22:23:50,000	1,69	44,88
205	13.09.2017 22:24:00,000	1,50	45,37
206	13.09.2017 22:24:10,000	1,30	45,61
207	13.09.2017 22:24:20,000	1,14	46,38
208	13.09.2017 22:24:30,000	1,06	46,76
209	13.09.2017 22:24:40,000	0,94	47,34
210	13.09.2017 22:24:50,000	0,86	48,45
211	13.09.2017 22:25:00,000	0,81	48,88
212	13.09.2017 22:25:10,000	0,81	49,61
213	13.09.2017 22:25:20,000	0,81	50,33
214	13.09.2017 22:25:30,000	0,81	51,54
215	13.09.2017 22:25:40,000	0,94	52,65
216	13.09.2017 22:25:50,000	1,02	53,71
217	13.09.2017 22:26:00,000	0,98	54,87
218	13.09.2017 22:26:10,000	0,94	56,27
219	13.09.2017 22:26:20,000	0,94	57,47
220	13.09.2017 22:26:30,000	0,94	58,68
221	13.09.2017 22:26:40,000	0,98	60,42
222	13.09.2017 22:26:50,000	0,94	61,82
223	13.09.2017 22:27:00,000	0,81	63,36
224	13.09.2017 22:27:10,000	0,90	64,91
225	13.09.2017 22:27:20,000	0,90	66,36
226	13.09.2017 22:27:30,000	0,90	68,05
227	13.09.2017 22:27:40,000	0,77	69,83
228	13.09.2017 22:27:50,000	0,73	71,48
229	13.09.2017 22:28:00,000	0,73	72,92
230	13.09.2017 22:28:10,000	0,61	74,71
231	13.09.2017 22:28:20,000	0,29	76,49
232	13.09.2017 22:28:30,000	0,04	78,13
233	13.09.2017 22:28:40,000	-0,17	80,05
234	13.09.2017 22:28:50,000	-0,33	81,55
235	13.09.2017 22:29:00,000	-0,46	83,09
236	13.09.2017 22:29:10,000	-0,54	84,92
237	13.09.2017 22:29:20,000	-0,62	86,51
238	13.09.2017 22:29:30,000	-0,75	88,30
239	13.09.2017 22:29:40,000	-0,71	90,04
240	13.09.2017 22:29:50,000	-0,54	91,45
241	13.09.2017 22:30:00,000	-0,17	92,86
242	13.09.2017 22:30:10,000	0,08	94,85
243	13.09.2017 22:30:20,000	-0,12	97,26
244	13.09.2017 22:30:30,000	-0,50	99,23
245	13.09.2017 22:30:40,000	-0,71	100,92
246	13.09.2017 22:30:50,000	-0,88	102,41
247	13.09.2017 22:31:00,000	-0,79	103,72
248	13.09.2017 22:31:10,000	-0,75	105,46
249	13.09.2017 22:31:20,000	-0,96	107,14
250	13.09.2017 22:31:30,000	-1,04	108,74
251	13.09.2017 22:31:40,000	-1,13	110,33
252	13.09.2017 22:31:50,000	-1,21	111,92
253	13.09.2017 22:32:00,000	-1,21	113,37
254	13.09.2017 22:32:10,000	-1,26	115,01
255	13.09.2017 22:32:20,000	-1,30	116,66
256	13.09.2017 22:32:30,000	-1,30	118,11
257	13.09.2017 22:32:40,000	-1,26	119,61
258	13.09.2017 22:32:50,000	-1,21	121,11
259	13.09.2017 22:33:00,000	-1,26	122,75
260	13.09.2017 22:33:10,000	-1,30	124,15
261	13.09.2017 22:33:20,000	-1,30	125,85
262	13.09.2017 22:33:30,000	-1,26	126,87
263	13.09.2017 22:33:40,000	-1,30	128,51
264	13.09.2017 22:33:50,000	-1,30	129,96
265	13.09.2017 22:34:00,000	-1,30	131,41
266	13.09.2017 22:34:10,000	-1,34	132,57
267	13.09.2017 22:34:20,000	-1,34	134,27
268	13.09.2017 22:34:30,000	-1,34	135,72
269	13.09.2017 22:34:40,000	-1,34	137,17
270	13.09.2017 22:34:50,000	-1,38	138,09
271	13.09.2017 22:35:00,000	-1,38	139,78
272	13.09.2017 22:35:10,000	-1,38	140,99
273	13.09.2017 22:35:20,000	-1,38	142,44
274	13.09.2017 22:35:30,000	-1,38	143,65
275	13.09.2017 22:35:40,000	-1,38	144,86
276	13.09.2017 22:35:50,000	-1,38	146,07
277	13.09.2017 22:36:00,000	-1,38	147,77
278	13.09.2017 22:36:10,000	-1,38	148,98
279	13.09.2017 22:36:20,000	-1,34	150,48
280	13.09.2017 22:36:30,000	-1,30	151,98
281	13.09.2017 22:36:40,000	-1,26	153,24
282	13.09.2017 22:36:50,000	-1,26	154,94
283	13.09.2017 22:37:00,000	-1,21	156,44
284	13.09.2017 22:37:10,000	-1,17	157,94
285	13.09.2017 22:37:20,000	-1,13	159,20
286	13.09.2017 22:37:30,000	-1,13	160,66
287	13.09.2017 22:37:40,000	-1,09	161,92
288	13.09.2017 22:37:50,000	-1,04	163,42
289	13.09.2017 22:38:00,000	-1,04	164,63
290	13.09.2017 22:38:10,000	-1,04	166,08
291	13.09.2017 22:38:20,000	-1,00	167,59
292	13.09.2017 22:38:30,000	-1,00	168,55
293	13.09.2017 22:38:40,000	-1,00	169,76
294	13.09.2017 22:38:50,000	-0,96	171,03
295	13.09.2017 22:39:00,000	-0,96	172,24
296	13.09.2017 22:39:10,000	-0,96	173,20
297	13.09.2017 22:39:20,000	-0,96	174,42
298	13.09.2017 22:39:30,000	-0,92	175,68
299	13.09.2017 22:39:40,000	-0,92	176,64
300	13.09.2017 22:39:50,000	-0,88	178,39
301	13.09.2017 22:40:00,000	-0,88	179,36
302	13.09.2017 22:40:10,000	-0,83	180,62
303	13.09.2017 22:40:20,000	-0,83	181,83
304	13.09.2017 22:40:30,000	-0,83	183,04
305	13.09.2017 22:40:40,000	-0,79	184,06
306	13.09.2017 22:40:50,000	-0,79	185,51
307	13.09.2017 22:41:00,000	-0,75	186,77
308	13.09.2017 22:41:10,000	-0,75	188,23
309	13.09.2017 22:41:20,000	-0,71	189,49
310	13.09.2017 22:41:30,000	-0,71	190,70
311	13.09.2017 22:41:40,000	-0,71	192,15
312	13.09.2017 22:41:50,000	-0,67	193,17
313	13.09.2017 22:42:00,000	-0,62	194,67
314	13.09.2017 22:42:10,000	-0,62	195,88
315	13.09.2017 22:42:20,000	-0,62	197,34
316	13.09.2017 22:42:30,000	-0,58	198,35
317	13.09.2017 22:42:40,000	-0,58	200,05
318	13.09.2017 22:42:50,000	-0,54	201,55
319	13.09.2017 22:43:00,000	-0,54	203,25
320	13.09.2017 22:43:10,000	-0,50	205,24
321	13.09.2017 22:43:20,000	-0,50	206,93
322	13.09.2017 22:43:30,000	-0,50	208,87
323	13.09.2017 22:43:40,000	-0,46	210,85
324	13.09.2017 22:43:50,000	-0,46	213,03
325	13.09.2017 22:44:00,000	-0,41	215,02
326	13.09.2017 22:44:10,000	-0,37	217,25
327	13.09.2017 22:44:20,000	-0,33	219,72
328	13.09.2017 22:44:30,000	-0,29	222,19
329	13.09.2017 22:44:40,000	-0,25	224,67
330	13.09.2017 22:44:50,000	-0,21	227,38
331	13.09.2017 22:45:00,000	-0,17	229,85
332	13.09.2017 22:45:10,000	-0,17	232,27
333	13.09.2017 22:45:20,000	-0,12	234,74
334	13.09.2017 22:45:30,000	-0,08	236,73
335	13.09.2017 22:45:40,000	0,00	239,25
336	13.09.2017 22:45:50,000	0,04	241,48
337	13.09.2017 22:46:00,000	0,04	243,42
338	13.09.2017 22:46:10,000	0,08	245,41
339	13.09.2017 22:46:20,000	0,12	247,64
340	13.09.2017 22:46:30,000	0,16	249,38
341	13.09.2017 22:46:40,000	0,16	251,56
342	13.09.2017 22:46:50,000	0,16	253,01
343	13.09.2017 22:47:00,000	0,20	255,00
344	13.09.2017 22:47:10,000	0,20	256,69
345	13.09.2017 22:47:20,000	0,20	258,15
346	13.09.2017 22:47:30,000	0,20	259,60
347	13.09.2017 22:47:40,000	0,20	261,05
348	13.09.2017 22:47:50,000	0,20	262,26
349	13.09.2017 22:48:00,000	0,20	263,72
350	13.09.2017 22:48:10,000	0,20	264,69
351	13.09.2017 22:48:20,000	0,20	265,90
352	13.09.2017 22:48:30,000	0,25	267,40
353	13.09.2017 22:48:40,000	0,25	268,13
354	13.09.2017 22:48:50,000	0,25	268,85
355	13.09.2017 22:49:00,000	0,25	269,58
356	13.09.2017 22:49:10,000	0,25	270,55
357	13.09.2017 22:49:20,000	0,25	271,03
358	13.09.2017 22:49:30,000	0,25	271,76
359	13.09.2017 22:49:40,000	0,25	272,00
360	13.09.2017 22:49:50,000	0,25	271,52
361	13.09.2017 22:50:00,000	0,25	271,27
362	13.09.2017 22:50:10,000	0,25	270,55
363	13.09.2017 22:50:20,000	0,25	270,30
364	13.09.2017 22:50:30,000	0,25	269,58
365	13.09.2017 22:50:40,000	0,25	269,09
366	13.09.2017 22:50:50,000	0,25	268,37
367	13.09.2017 22:51:00,000	0,25	267,64
368	13.09.2017 22:51:10,000	0,25	267,16
369	13.09.2017 22:51:20,000	0,25	266,91
370	13.09.2017 22:51:30,000	0,25	266,19
371	13.09.2017 22:51:40,000	0,25	265,70
372	13.09.2017 22:51:50,000	0,25	265,46
373	13.09.2017 22:52:00,000	0,25	265,22
374	13.09.2017 22:52:10,000	0,25	264,74
375	13.09.2017 22:52:20,000	0,25	264,49
376	13.09.2017 22:52:30,000	0,25	263,77
377	13.09.2017 22:52:40,000	0,25	264,01
378	13.09.2017 22:52:50,000	0,25	263,52
379	13.09.2017 22:53:00,000	0,25	263,28
380	13.09.2017 22:53:10,000	0,25	263,04
381	13.09.2017 22:53:20,000	0,25	262,56
382	13.09.2017 22:53:30,000	0,25	262,56
383	13.09.2017 22:53:40,000	0,25	262,07
384	13.09.2017 22:53:50,000	0,25	262,31
385	13.09.2017 22:54:00,000	0,25	261,83
386	13.09.2017 22:54:10,000	0,25	261,59
387	13.09.2017 22:54:20,000	0,25	261,59
388	13.09.2017 22:54:30,000	0,25	261,35
389	13.09.2017 22:54:40,000	0,25	261,10
390	13.09.2017 22:54:50,000	0,25	260,86
391	13.09.2017 22:55:00,000	0,25	260,62
392	13.09.2017 22:55:10,000	0,25	260,38
393	13.09.2017 22:55:20,000	0,25	260,38
394	13.09.2017 22:55:30,000	0,25	259,17
395	13.09.2017 22:55:40,000	0,25	258,92
396	13.09.2017 22:55:50,000	0,25	258,20
397	13.09.2017 22:56:00,000	0,25	256,99
398	13.09.2017 22:56:10,000	0,25	256,50
399	13.09.2017 22:56:20,000	0,25	255,78
400	13.09.2017 22:56:30,000	0,25	254,56
401	13.09.2017 22:56:40,000	0,20	253,79
402	13.09.2017 22:56:50,000	0,20	252,82
403	13.09.2017 22:57:00,000	0,20	252,34
404	13.09.2017 22:57:10,000	0,20	251,13
405	13.09.2017 22:57:20,000	0,20	251,13
406	13.09.2017 22:57:30,000	0,20	250,88
407	13.09.2017 22:57:40,000	0,20	250,40
408	13.09.2017 22:57:50,000	0,20	250,64
409	13.09.2017 22:58:00,000	0,20	250,64
410	13.09.2017 22:58:10,000	0,20	250,88
411	13.09.2017 22:58:20,000	0,20	250,88
412	13.09.2017 22:58:30,000	0,20	251,37
413	13.09.2017 22:58:40,000	0,20	251,37
414	13.09.2017 22:58:50,000	0,20	251,61
415	13.09.2017 22:59:00,000	0,20	251,85
416	13.09.2017 22:59:10,000	0,20	252,09
417	13.09.2017 22:59:20,000	0,20	252,09
418	13.09.2017 22:59:30,000	0,20	252,58
419	13.09.2017 22:59:40,000	0,20	252,82
420	13.09.2017 22:59:50,000	0,20	252,82
421	13.09.2017 23:00:00,000	0,20	252,82
422	13.09.2017 23:00:10,000	0,20	253,06
423	13.09.2017 23:00:20,000	0,20	253,30
424	13.09.2017 23:00:30,000	0,20	253,55
425	13.09.2017 23:00:40,000	0,20	253,30
426	13.09.2017 23:00:50,000	0,20	253,55
427	13.09.2017 23:01:00,000	0,20	253,79
428	13.09.2017 23:01:10,000	0,20	253,79
429	13.09.2017 23:01:20,000	0,20	253,55
430	13.09.2017 23:01:30,000	0,20	253,79
431	13.09.2017 23:01:40,000	0,20	253,79
432	13.09.2017 23:01:50,000	0,20	253,79
433	13.09.2017 23:02:00,000	0,20	253,79
434	13.09.2017 23:02:10,000	0,20	253,55
435	13.09.2017 23:02:20,000	0,20	253,30
436	13.09.2017 23:02:30,000	0,20	252,58
437	13.09.2017 23:02:40,000	0,20	251,61
438	13.09.2017 23:02:50,000	0,20	250,88
439	13.09.2017 23:03:00,000	0,20	249,67
440	13.09.2017 23:03:10,000	0,20	248,22
441	13.09.2017 23:03:20,000	0,20	246,52
442	13.09.2017 23:03:30,000	0,16	245,02
443	13.09.2017 23:03:40,000	0,16	243,33
444	13.09.2017 23:03:50,000	0,16	241,63
445	13.09.2017 23:04:00,000	0,16	239,45
446	13.09.2017 23:04:10,000	0,12	236,98
447	13.09.2017 23:04:20,000	0,08	234,75
448	13.09.2017 23:04:30,000	0,08	232,09
449	13.09.2017 23:04:40,000	0,04	230,10
450	13.09.2017 23:04:50,000	0,00	227,87
451	13.09.2017 23:05:00,000	-0,04	225,64
452	13.09.2017 23:05:10,000	-0,04	223,46
453	13.09.2017 23:05:20,000	-0,08	221,23
454	13.09.2017 23:05:30,000	-0,12	219,49
455	13.09.2017 23:05:40,000	-0,17	217,26
456	13.09.2017 23:05:50,000	-0,21	215,27
457	13.09.2017 23:06:00,000	-0,25	213,28
458	13.09.2017 23:06:10,000	-0,25	211,59
459	13.09.2017 23:06:20,000	-0,29	209,36
460	13.09.2017 23:06:30,000	-0,29	207,66
461	13.09.2017 23:06:40,000	-0,29	205,97
462	13.09.2017 23:06:50,000	-0,33	204,22
463	13.09.2017 23:07:00,000	-0,37	202,24
464	13.09.2017 23:07:10,000	-0,37	200,54
465	13.09.2017 23:07:20,000	-0,37	198,60
466	13.09.2017 23:07:30,000	-0,41	197,10
467	13.09.2017 23:07:40,000	-0,41	195,41
468	13.09.2017 23:07:50,000	-0,46	193,18
469	13.09.2017 23:08:00,000	-0,46	191,72
470	13.09.2017 23:08:10,000	-0,50	190,22
471	13.09.2017 23:08:20,000	-0,54	187,99
472	13.09.2017 23:08:30,000	-0,54	187,02
473	13.09.2017 23:08:40,000	-0,58	185,04
474	13.09.2017 23:08:50,000	-0,58	183,83
475	13.09.2017 23:09:00,000	-0,62	182,56
476	13.09.2017 23:09:10,000	-0,67	181,06
477	13.09.2017 23:09:20,000	-0,67	179,85
478	13.09.2017 23:09:30,000	-0,71	178,35
479	13.09.2017 23:09:40,000	-0,71	176,65
480	13.09.2017 23:09:50,000	-0,71	175,20
481	13.09.2017 23:10:00,000	-0,75	173,46
482	13.09.2017 23:10:10,000	-0,79	171,71
483	13.09.2017 23:10:20,000	-0,79	170,50
484	13.09.2017 23:10:30,000	-0,83	169,00
485	13.09.2017 23:10:40,000	-0,83	167,79
486	13.09.2017 23:10:50,000	-0,83	166,58
487	13.09.2017 23:11:00,000	-0,88	165,32
488	13.09.2017 23:11:10,000	-0,88	164,11
489	13.09.2017 23:11:20,000	-0,92	163,09
490	13.09.2017 23:11:30,000	-0,92	162,12
491	13.09.2017 23:11:40,000	-0,92	161,15
492	13.09.2017 23:11:50,000	-0,96	159,89
493	13.09.2017 23:12:00,000	-0,96	158,92
494	13.09.2017 23:12:10,000	-0,96	157,95
495	13.09.2017 23:12:20,000	-0,96	156,98
496	13.09.2017 23:12:30,000	-0,96	156,02
497	13.09.2017 23:12:40,000	-1,00	154,76
498	13.09.2017 23:12:50,000	-1,00	153,79
499	13.09.2017 23:13:00,000	-1,00	153,06
500	13.09.2017 23:13:10,000	-1,04	152,04
501	13.09.2017 23:13:20,000	-1,04	151,07
502	13.09.2017 23:13:30,000	-1,09	150,30
503	13.09.2017 23:13:40,000	-1,17	149,47
504	13.09.2017 23:13:50,000	-1,21	148,69
505	13.09.2017 23:14:00,000	-1,26	147,68
506	13.09.2017 23:14:10,000	-1,26	146,71
507	13.09.2017 23:14:20,000	-1,30	146,17
508	13.09.2017 23:14:30,000	-1,30	145,21
509	13.09.2017 23:14:40,000	-1,34	144,67
510	13.09.2017 23:14:50,000	-1,34	143,46
511	13.09.2017 23:15:00,000	-1,38	142,20
512	13.09.2017 23:15:10,000	-1,38	140,75
513	13.09.2017 23:15:20,000	-1,38	138,81
514	13.09.2017 23:15:30,000	-1,38	137,36
515	13.09.2017 23:15:40,000	-1,38	135,42
516	13.09.2017 23:15:50,000	-1,38	133,97
517	13.09.2017 23:16:00,000	-1,38	132,04
518	13.09.2017 23:16:10,000	-1,38	130,34
519	13.09.2017 23:16:20,000	-1,34	128,46
520	13.09.2017 23:16:30,000	-1,34	126,77
521	13.09.2017 23:16:40,000	-1,26	124,69
522	13.09.2017 23:16:50,000	-1,17	122,37
523	13.09.2017 23:17:00,000	-1,17	120,44
524	13.09.2017 23:17:10,000	-1,17	118,26
525	13.09.2017 23:17:20,000	-1,21	116,27
526	13.09.2017 23:17:30,000	-1,21	114,10
527	13.09.2017 23:17:40,000	-1,21	111,92
528	13.09.2017 23:17:50,000	-1,21	109,74
529	13.09.2017 23:18:00,000	-1,17	107,38
530	13.09.2017 23:18:10,000	-1,17	105,44
531	13.09.2017 23:18:20,000	-1,21	103,70
532	13.09.2017 23:18:30,000	-1,21	101,28
533	13.09.2017 23:18:40,000	-1,17	99,15
534	13.09.2017 23:18:50,000	-1,09	97,32
535	13.09.2017 23:19:00,000	-1,00	95,49
536	13.09.2017 23:19:10,000	-1,00	94,04
537	13.09.2017 23:19:20,000	-1,04	92,30
538	13.09.2017 23:19:30,000	-1,04	90,60
539	13.09.2017 23:19:40,000	-1,00	88,96
540	13.09.2017 23:19:50,000	-0,88	87,18
541	13.09.2017 23:20:00,000	-0,79	85,83
542	13.09.2017 23:20:10,000	-0,71	84,48
543	13.09.2017 23:20:20,000	-0,75	83,22
544	13.09.2017 23:20:30,000	-0,75	82,50
545	13.09.2017 23:20:40,000	-0,79	81,24
546	13.09.2017 23:20:50,000	-0,83	80,46
547	13.09.2017 23:21:00,000	-0,83	79,50
548	13.09.2017 23:21:10,000	-0,79	78,58
549	13.09.2017 23:21:20,000	-0,75	77,42
550	13.09.2017 23:21:30,000	-0,75	76,94
551	13.09.2017 23:21:40,000	-0,71	76,27
552	13.09.2017 23:21:50,000	-0,71	75,30
553	13.09.2017 23:22:00,000	-0,67	74,62
554	13.09.2017 23:22:10,000	-0,62	73,71
555	13.09.2017 23:22:20,000	-0,54	73,08
556	13.09.2017 23:22:30,000	-0,54	72,12
557	13.09.2017 23:22:40,000	-0,50	71,44
558	13.09.2017 23:22:50,000	-0,41	70,58
559	13.09.2017 23:23:00,000	-0,37	69,66
560	13.09.2017 23:23:10,000	-0,37	68,45
561	13.09.2017 23:23:20,000	-0,33	67,78
562	13.09.2017 23:23:30,000	-0,29	66,86
563	13.09.2017 23:23:40,000	-0,25	66,43
564	13.09.2017 23:23:50,000	-0,25	65,46
565	13.09.2017 23:24:00,000	-0,25	64,98
566	13.09.2017 23:24:10,000	-0,21	64,06
567	13.09.2017 23:24:20,000	-0,12	63,44
568	13.09.2017 23:24:30,000	-0,12	62,47
569	13.09.2017 23:24:40,000	-0,08	61,80
570	13.09.2017 23:24:50,000	0,00	60,69
571	13.09.2017 23:25:00,000	0,16	59,68
572	13.09.2017 23:25:10,000	0,29	58,86
573	13.09.2017 23:25:20,000	0,29	58,14
574	13.09.2017 23:25:30,000	0,25	57,37
575	13.09.2017 23:25:40,000	0,33	56,26
576	13.09.2017 23:25:50,000	0,41	55,15
577	13.09.2017 23:26:00,000	0,61	53,95
578	13.09.2017 23:26:10,000	0,77	52,94
579	13.09.2017 23:26:20,000	0,94	51,68
580	13.09.2017 23:26:30,000	1,06	50,38
581	13.09.2017 23:26:40,000	1,10	49,46
582	13.09.2017 23:26:50,000	1,18	48,11
583	13.09.2017 23:27:00,000	1,30	46,81
584	13.09.2017 23:27:10,000	1,50	45,85
585	13.09.2017 23:27:20,000	1,54	44,69
586	13.09.2017 23:27:30,000	1,54	43,48
587	13.09.2017 23:27:40,000	1,50	42,47
588	13.09.2017 23:27:50,000	1,42	41,17
589	13.09.2017 23:28:00,000	1,34	40,35
590	13.09.2017 23:28:10,000	1,26	39,29
591	13.09.2017 23:28:20,000	1,02	39,00
592	13.09.2017 23:28:30,000	0,77	38,22
593	13.09.2017 23:28:40,000	0,57	37,74
594	13.09.2017 23:28:50,000	0,37	37,49
595	13.09.2017 23:29:00,000	0,25	36,62
596	13.09.2017 23:29:10,000	0,12	36,71
597	13.09.2017 23:29:20,000	0,04	36,61
598	13.09.2017 23:29:30,000	-0,12	36,66
599	13.09.2017 23:29:40,000	-0,21	36,80
600	13.09.2017 23:29:50,000	-0,25	36,75
601	13.09.2017 23:30:00,000	-0,29	36,70
602	13.09.2017 23:30:10,000	-0,33	36,41
603	13.09.2017 23:30:20,000	-0,37	36,12
604	13.09.2017 23:30:30,000	-0,41	35,59
605	13.09.2017 23:30:40,000	-0,46	35,30
606	13.09.2017 23:30:50,000	-0,46	34,81
607	13.09.2017 23:31:00,000	-0,50	34,52
608	13.09.2017 23:31:10,000	-0,50	33,80
609	13.09.2017 23:31:20,000	-0,50	33,08
610	13.09.2017 23:31:30,000	-0,54	32,54
611	13.09.2017 23:31:40,000	-0,54	31,82
612	13.09.2017 23:31:50,000	-0,54	31,34
613	13.09.2017 23:32:00,000	-0,50	30,67
614	13.09.2017 23:32:10,000	-0,50	29,70
615	13.09.2017 23:32:20,000	-0,50	29,46
616	13.09.2017 23:32:30,000	-0,50	29,46
617	13.09.2017 23:32:40,000	-0,50	29,22
618	13.09.2017 23:32:50,000	-0,50	29,46
619	13.09.2017 23:33:00,000	-0,50	29,70
620	13.09.2017 23:33:10,000	-0,46	29,99
621	13.09.2017 23:33:20,000	-0,46	29,99
622	13.09.2017 23:33:30,000	-0,41	29,80
623	13.09.2017 23:33:40,000	-0,41	29,32
624	13.09.2017 23:33:50,000	-0,46	29,27
625	13.09.2017 23:34:00,000	-0,46	29,03
626	13.09.2017 23:34:10,000	-0,46	28,55
627	13.09.2017 23:34:20,000	-0,46	28,55
628	13.09.2017 23:34:30,000	-0,46	28,06
629	13.09.2017 23:34:40,000	-0,46	27,82
630	13.09.2017 23:34:50,000	-0,46	27,82
631	13.09.2017 23:35:00,000	-0,41	28,11
632	13.09.2017 23:35:10,000	-0,41	28,36
633	13.09.2017 23:35:20,000	-0,41	28,11
634	13.09.2017 23:35:30,000	-0,41	28,11
635	13.09.2017 23:35:40,000	-0,37	27,92
636	13.09.2017 23:35:50,000	-0,37	27,68
637	13.09.2017 23:36:00,000	-0,37	27,44
638	13.09.2017 23:36:10,000	-0,37	26,96
639	13.09.2017 23:36:20,000	-0,33	26,53
640	13.09.2017 23:36:30,000	-0,33	26,29
641	13.09.2017 23:36:40,000	-0,29	26,09
642	13.09.2017 23:36:50,000	-0,29	25,61
643	13.09.2017 23:37:00,000	-0,29	25,13
644	13.09.2017 23:37:10,000	-0,29	24,41
645	13.09.2017 23:37:20,000	-0,29	24,17
646	13.09.2017 23:37:30,000	-0,29	23,69
647	13.09.2017 23:37:40,000	-0,29	23,20
648	13.09.2017 23:37:50,000	-0,29	22,48
649	13.09.2017 23:38:00,000	-0,29	22,00
650	13.09.2017 23:38:10,000	-0,29	21,76
651	13.09.2017 23:38:20,000	-0,25	22,05
652	13.09.2017 23:38:30,000	-0,25	22,29
653	13.09.2017 23:38:40,000	-0,25	22,77
654	13.09.2017 23:38:50,000	-0,25	23,01
655	13.09.2017 23:39:00,000	-0,25	23,49
656	13.09.2017 23:39:10,000	-0,25	23,49
657	13.09.2017 23:39:20,000	-0,29	23,20
658	13.09.2017 23:39:30,000	-0,29	22,72
659	13.09.2017 23:39:40,000	-0,29	22,72
660	13.09.2017 23:39:50,000	-0,29	22,48
661	13.09.2017 23:40:00,000	-0,25	22,53
662	13.09.2017 23:40:10,000	-0,25	22,77
663	13.09.2017 23:40:20,000	-0,25	23,25
664	13.09.2017 23:40:30,000	-0,29	23,20
665	13.09.2017 23:40:40,000	-0,25	23,01
666	13.09.2017 23:40:50,000	-0,29	22,48
667	13.09.2017 23:41:00,000	-0,25	22,53
668	13.09.2017 23:41:10,000	-0,25	22,05
669	13.09.2017 23:41:20,000	-0,25	22,05
670	13.09.2017 23:41:30,000	-0,25	22,05
671	13.09.2017 23:41:40,000	-0,25	22,29
672	13.09.2017 23:41:50,000	-0,25	23,01
673	13.09.2017 23:42:00,000	-0,25	22,77
674	13.09.2017 23:42:10,000	-0,29	22,96
675	13.09.2017 23:42:20,000	-0,29	22,96
676	13.09.2017 23:42:30,000	-0,29	23,20
677	13.09.2017 23:42:40,000	-0,29	22,96
678	13.09.2017 23:42:50,000	-0,29	23,44
679	13.09.2017 23:43:00,000	-0,29	23,44
680	13.09.2017 23:43:10,000	-0,29	23,44
681	13.09.2017 23:43:20,000	-0,25	23,73
682	13.09.2017 23:43:30,000	-0,25	23,73
683	13.09.2017 23:43:40,000	-0,25	23,73
684	13.09.2017 23:43:50,000	-0,25	23,73
685	13.09.2017 23:44:00,000	-0,25	23,73
686	13.09.2017 23:44:10,000	-0,25	23,98
687	13.09.2017 23:44:20,000	-0,25	23,98
688	13.09.2017 23:44:30,000	-0,25	23,98
689	13.09.2017 23:44:40,000	-0,25	23,98
690	13.09.2017 23:44:50,000	-0,25	23,98
691	13.09.2017 23:45:00,000	-0,25	23,25
692	13.09.2017 23:45:10,000	-0,25	22,53
693	13.09.2017 23:45:20,000	-0,25	20,84
694	13.09.2017 23:45:30,000	-0,25	19,88
695	13.09.2017 23:45:40,000	-0,25	18,68
696	13.09.2017 23:45:50,000	-0,21	17,76
697	13.09.2017 23:46:00,000	-0,21	18,24
698	13.09.2017 23:46:10,000	-0,21	18,48
699	13.09.2017 23:46:20,000	-0,17	18,53
700	13.09.2017 23:46:30,000	-0,17	19,26
701	13.09.2017 23:46:40,000	-0,17	19,98
702	13.09.2017 23:46:50,000	-0,17	20,46
703	13.09.2017 23:47:00,000	-0,17	20,46
704	13.09.2017 23:47:10,000	-0,17	20,70
705	13.09.2017 23:47:20,000	-0,21	19,69
706	13.09.2017 23:47:30,000	-0,17	19,26
707	13.09.2017 23:47:40,000	-0,17	18,77
708	13.09.2017 23:47:50,000	-0,17	18,53
709	13.09.2017 23:48:00,000	-0,17	17,81
710	13.09.2017 23:48:10,000	-0,17	17,09
711	13.09.2017 23:48:20,000	-0,17	16,85
712	13.09.2017 23:48:30,000	-0,17	16,13
713	13.09.2017 23:48:40,000	-0,21	16,32
714	13.09.2017 23:48:50,000	-0,21	15,84
715	13.09.2017 23:49:00,000	-0,17	14,92
716	13.09.2017 23:49:10,000	-0,12	14,01
717	13.09.2017 23:49:20,000	0,08	12,33
718	13.09.2017 23:49:30,000	0,98	9,79
719	13.09.2017 23:49:40,000	1,54	8,30
720	13.09.2017 23:49:50,000	1,81	6,47
721	13.09.2017 23:50:00,000	1,97	4,98
722	13.09.2017 23:50:10,000	2,09	4,40
723	13.09.2017 23:50:20,000	2,16	3,54
724	13.09.2017 23:50:30,000	2,20	2,62
725	13.09.2017 23:50:40,000	2,24	2,19
726	13.09.2017 23:50:50,000	2,28	1,75
727	13.09.2017 23:51:00,000	2,28	0,07
728	13.09.2017 23:51:10,000	2,32	0,00
729	13.09.2017 23:51:20,000	2,32	0,00
730	13.09.2017 23:51:30,000	2,32	0,00
731	13.09.2017 23:51:40,000	2,32	0,00
732	13.09.2017 23:51:50,000	2,32	0,00
733	13.09.2017 23:52:00,000	2,32	0,00
734	13.09.2017 23:52:10,000	2,32	0,00
735	13.09.2017 23:52:20,000	2,32	0,00
736	13.09.2017 23:52:30,000	2,32	0,00
737	13.09.2017 23:52:40,000	2,32	0,00
738	13.09.2017 23:52:50,000	2,32	0,00
739	13.09.2017 23:53:00,000	2,32	0,00
740	13.09.2017 23:53:10,000	2,32	0,00
741	13.09.2017 23:53:20,000	2,28	0,00
742	13.09.2017 23:53:30,000	2,32	0,00
743	13.09.2017 23:53:40,000	2,32	0,00
744	13.09.2017 23:53:50,000	2,32	0,00
745	13.09.2017 23:54:00,000	2,32	0,00
746	13.09.2017 23:54:10,000	2,32	0,00
747	13.09.2017 23:54:20,000	2,32	0,00
748	13.09.2017 23:54:30,000	2,32	0,00
749	13.09.2017 23:54:40,000	2,32	0,00
750	13.09.2017 23:54:50,000	2,32	0,00
751	13.09.2017 23:55:00,000	2,32	0,00
752	13.09.2017 23:55:10,000	2,32	0,00
753	13.09.2017 23:55:20,000	2,32	0,00
754	13.09.2017 23:55:30,000	2,36	0,00
755	13.09.2017 23:55:40,000	2,36	0,00
756	13.09.2017 23:55:50,000	2,36	0,00
757	13.09.2017 23:56:00,000	2,40	0,00
758	13.09.2017 23:56:10,000	2,40	0,00
759	13.09.2017 23:56:20,000	2,44	0,00
760	13.09.2017 23:56:30,000	2,44	0,00
761	13.09.2017 23:56:40,000	2,48	0,00
762	13.09.2017 23:56:50,000	2,48	0,00
763	13.09.2017 23:57:00,000	2,52	0,00
764	13.09.2017 23:57:10,000	2,55	0,00
765	13.09.2017 23:57:20,000	2,59	0,00
766	13.09.2017 23:57:30,000	2,59	0,00
767	13.09.2017 23:57:40,000	2,63	0,00
768	13.09.2017 23:57:50,000	2,67	0,00
769	13.09.2017 23:58:00,000	2,71	0,00
770	13.09.2017 23:58:10,000	2,75	0,00
771	13.09.2017 23:58:20,000	2,79	0,00
772	13.09.2017 23:58:30,000	2,82	0,00
773	13.09.2017 23:58:40,000	2,86	0,00
774	13.09.2017 23:58:50,000	2,90	0,00
775	13.09.2017 23:59:00,000	2,90	0,00
776	13.09.2017 23:59:10,000	2,94	0,00
777	13.09.2017 23:59:20,000	2,98	0,00
778	13.09.2017 23:59:30,000	3,05	0,00
779	13.09.2017 23:59:40,000	3,09	0,00
780	13.09.2017 23:59:50,000	3,13	0,00
781	14.09.2017 00:00:00,000	3,17	0,00
782	14.09.2017 00:00:10,000	3,21	0,00
783	14.09.2017 00:00:20,000	3,28	0,00
784	14.09.2017 00:00:30,000	3,32	0,00
785	14.09.2017 00:00:40,000	3,36	0,00
786	14.09.2017 00:00:50,000	3,43	0,00
787	14.09.2017 00:01:00,000	3,47	0,00
788	14.09.2017 00:01:10,000	3,70	0,00
