#B	Created:	14.09.2017 05:11:45
##	Version	SeaStar	7.49
#5	Field separation:	0
#2	Date & Time:	1
#6	Decimal point:	,
#7	Date def.:	dd.mm.yyyy	.
#8	Time def.:	:
##	Axis	0	Temperature(°C)	clRed	FALSE
##	Axis	1	Depth(m)	clBlue	TRUE
##	Series	0	Temp(°C)	clRed	0	Temp(°C)	2
##	Series	1	Depth(m)	clBlue	1	Depth(m)	2
##	Recorder	32	DST centi	8762
##	Chart	32C8762DAT	
#D	Data:	846	14.09.2017 02:50:00	14.09.2017 05:10:50
1	14.09.2017 02:50:00,000	21,17	0,72
2	14.09.2017 02:50:10,000	21,08	0,86
3	14.09.2017 02:50:20,000	21,03	0,79
4	14.09.2017 02:50:30,000	20,97	0,72
5	14.09.2017 02:50:40,000	20,88	0,62
6	14.09.2017 02:50:50,000	20,79	0,76
7	14.09.2017 02:51:00,000	20,73	0,93
8	14.09.2017 02:51:10,000	20,65	0,82
9	14.09.2017 02:51:20,000	20,56	0,72
10	14.09.2017 02:51:30,000	20,50	0,65
11	14.09.2017 02:51:40,000	20,44	0,82
12	14.09.2017 02:51:50,000	20,35	0,72
13	14.09.2017 02:52:00,000	20,27	0,85
14	14.09.2017 02:52:10,000	20,21	1,02
15	14.09.2017 02:52:20,000	20,12	0,92
16	14.09.2017 02:52:30,000	20,06	0,85
17	14.09.2017 02:52:40,000	19,97	0,75
18	14.09.2017 02:52:50,000	19,91	0,92
19	14.09.2017 02:53:00,000	19,83	0,81
20	14.09.2017 02:53:10,000	19,74	0,95
21	14.09.2017 02:53:20,000	19,68	0,88
22	14.09.2017 02:53:30,000	19,62	1,05
23	14.09.2017 02:53:40,000	19,53	0,94
24	14.09.2017 02:53:50,000	19,47	0,87
25	14.09.2017 02:54:00,000	19,38	1,01
26	14.09.2017 02:54:10,000	19,33	0,94
27	14.09.2017 02:54:20,000	19,24	0,83
28	14.09.2017 02:54:30,000	19,18	1,01
29	14.09.2017 02:54:40,000	19,12	0,69
30	14.09.2017 02:54:50,000	19,03	1,07
31	14.09.2017 02:55:00,000	18,97	0,76
32	14.09.2017 02:55:10,000	18,88	0,89
33	14.09.2017 02:55:20,000	18,82	0,82
34	14.09.2017 02:55:30,000	18,76	0,99
35	14.09.2017 02:55:40,000	18,68	0,89
36	14.09.2017 02:55:50,000	18,62	0,82
37	14.09.2017 02:56:00,000	18,56	0,99
38	14.09.2017 02:56:10,000	18,47	0,88
39	14.09.2017 02:56:20,000	18,41	0,81
40	14.09.2017 02:56:30,000	18,35	0,98
41	14.09.2017 02:56:40,000	18,26	0,87
42	14.09.2017 02:56:50,000	18,20	1,04
43	14.09.2017 02:57:00,000	18,11	0,94
44	14.09.2017 02:57:10,000	18,02	1,07
45	14.09.2017 02:57:20,000	17,96	0,76
46	14.09.2017 02:57:30,000	17,90	0,93
47	14.09.2017 02:57:40,000	17,81	1,06
48	14.09.2017 02:57:50,000	17,72	0,95
49	14.09.2017 02:58:00,000	17,67	0,88
50	14.09.2017 02:58:10,000	17,58	1,01
51	14.09.2017 02:58:20,000	17,49	0,91
52	14.09.2017 02:58:30,000	17,37	1,00
53	14.09.2017 02:58:40,000	12,36	5,99
54	14.09.2017 02:58:50,000	9,56	6,88
55	14.09.2017 02:59:00,000	7,07	6,21
56	14.09.2017 02:59:10,000	5,83	5,40
57	14.09.2017 02:59:20,000	5,00	5,81
58	14.09.2017 02:59:30,000	4,26	5,62
59	14.09.2017 02:59:40,000	3,77	6,47
60	14.09.2017 02:59:50,000	3,40	7,69
61	14.09.2017 03:00:00,000	3,13	8,33
62	14.09.2017 03:00:10,000	2,79	10,31
63	14.09.2017 03:00:20,000	2,36	12,68
64	14.09.2017 03:00:30,000	1,69	15,96
65	14.09.2017 03:00:40,000	1,02	18,27
66	14.09.2017 03:00:50,000	0,69	19,57
67	14.09.2017 03:01:00,000	0,45	20,72
68	14.09.2017 03:01:10,000	0,29	22,21
69	14.09.2017 03:01:20,000	0,12	23,70
70	14.09.2017 03:01:30,000	0,04	23,60
71	14.09.2017 03:01:40,000	-0,08	22,01
72	14.09.2017 03:01:50,000	-0,12	21,23
73	14.09.2017 03:02:00,000	-0,17	20,70
74	14.09.2017 03:02:10,000	-0,21	20,41
75	14.09.2017 03:02:20,000	-0,21	20,65
76	14.09.2017 03:02:30,000	-0,29	22,00
77	14.09.2017 03:02:40,000	-0,29	23,44
78	14.09.2017 03:02:50,000	-0,33	25,56
79	14.09.2017 03:03:00,000	-0,33	26,77
80	14.09.2017 03:03:10,000	-0,25	27,35
81	14.09.2017 03:03:20,000	-0,25	27,11
82	14.09.2017 03:03:30,000	-0,21	26,92
83	14.09.2017 03:03:40,000	-0,25	26,87
84	14.09.2017 03:03:50,000	-0,25	26,63
85	14.09.2017 03:04:00,000	-0,25	26,39
86	14.09.2017 03:04:10,000	-0,25	26,39
87	14.09.2017 03:04:20,000	-0,29	25,61
88	14.09.2017 03:04:30,000	-0,33	25,32
89	14.09.2017 03:04:40,000	-0,33	25,32
90	14.09.2017 03:04:50,000	-0,33	25,08
91	14.09.2017 03:05:00,000	-0,37	25,03
92	14.09.2017 03:05:10,000	-0,37	26,24
93	14.09.2017 03:05:20,000	-0,29	27,78
94	14.09.2017 03:05:30,000	-0,12	28,94
95	14.09.2017 03:05:40,000	-0,29	29,47
96	14.09.2017 03:05:50,000	-0,33	29,90
97	14.09.2017 03:06:00,000	-0,25	30,96
98	14.09.2017 03:06:10,000	-0,21	31,98
99	14.09.2017 03:06:20,000	0,41	32,48
100	14.09.2017 03:06:30,000	0,90	33,06
101	14.09.2017 03:06:40,000	1,06	33,26
102	14.09.2017 03:06:50,000	1,18	33,16
103	14.09.2017 03:07:00,000	1,26	33,50
104	14.09.2017 03:07:10,000	1,34	33,12
105	14.09.2017 03:07:20,000	1,38	33,40
106	14.09.2017 03:07:30,000	1,50	34,27
107	14.09.2017 03:07:40,000	1,61	34,42
108	14.09.2017 03:07:50,000	1,65	34,71
109	14.09.2017 03:08:00,000	1,65	34,95
110	14.09.2017 03:08:10,000	1,69	35,00
111	14.09.2017 03:08:20,000	1,73	34,56
112	14.09.2017 03:08:30,000	1,73	34,32
113	14.09.2017 03:08:40,000	1,73	34,08
114	14.09.2017 03:08:50,000	1,73	34,56
115	14.09.2017 03:09:00,000	1,77	35,33
116	14.09.2017 03:09:10,000	1,57	37,26
117	14.09.2017 03:09:20,000	1,18	38,71
118	14.09.2017 03:09:30,000	1,10	39,33
119	14.09.2017 03:09:40,000	1,18	39,91
120	14.09.2017 03:09:50,000	1,30	39,58
121	14.09.2017 03:10:00,000	1,50	40,06
122	14.09.2017 03:10:10,000	1,61	40,69
123	14.09.2017 03:10:20,000	1,54	41,55
124	14.09.2017 03:10:30,000	1,50	42,47
125	14.09.2017 03:10:40,000	1,50	42,71
126	14.09.2017 03:10:50,000	1,54	43,48
127	14.09.2017 03:11:00,000	1,57	44,50
128	14.09.2017 03:11:10,000	1,61	45,51
129	14.09.2017 03:11:20,000	1,61	46,48
130	14.09.2017 03:11:30,000	1,61	47,44
131	14.09.2017 03:11:40,000	1,65	48,45
132	14.09.2017 03:11:50,000	1,57	49,56
133	14.09.2017 03:12:00,000	1,54	50,72
134	14.09.2017 03:12:10,000	1,54	51,45
135	14.09.2017 03:12:20,000	1,50	52,60
136	14.09.2017 03:12:30,000	1,42	53,95
137	14.09.2017 03:12:40,000	1,38	54,87
138	14.09.2017 03:12:50,000	1,22	56,37
139	14.09.2017 03:13:00,000	1,14	57,72
140	14.09.2017 03:13:10,000	1,02	59,26
141	14.09.2017 03:13:20,000	0,98	60,66
142	14.09.2017 03:13:30,000	0,98	62,11
143	14.09.2017 03:13:40,000	0,94	63,99
144	14.09.2017 03:13:50,000	1,10	65,64
145	14.09.2017 03:14:00,000	0,81	67,95
146	14.09.2017 03:14:10,000	0,45	69,68
147	14.09.2017 03:14:20,000	0,20	71,80
148	14.09.2017 03:14:30,000	0,12	73,39
149	14.09.2017 03:14:40,000	0,00	75,42
150	14.09.2017 03:14:50,000	-0,21	77,35
151	14.09.2017 03:15:00,000	-0,37	79,56
152	14.09.2017 03:15:10,000	-0,50	81,59
153	14.09.2017 03:15:20,000	-0,54	83,71
154	14.09.2017 03:15:30,000	-0,67	85,50
155	14.09.2017 03:15:40,000	-0,67	87,67
156	14.09.2017 03:15:50,000	-0,62	89,90
157	14.09.2017 03:16:00,000	-0,50	91,98
158	14.09.2017 03:16:10,000	-0,21	93,78
159	14.09.2017 03:16:20,000	-0,04	96,15
160	14.09.2017 03:16:30,000	-0,58	99,13
161	14.09.2017 03:16:40,000	-0,83	100,76
162	14.09.2017 03:16:50,000	-0,96	102,79
163	14.09.2017 03:17:00,000	-0,92	105,02
164	14.09.2017 03:17:10,000	-0,71	106,48
165	14.09.2017 03:17:20,000	-0,92	108,89
166	14.09.2017 03:17:30,000	-1,09	110,86
167	14.09.2017 03:17:40,000	-1,17	112,94
168	14.09.2017 03:17:50,000	-1,21	114,82
169	14.09.2017 03:18:00,000	-1,26	116,71
170	14.09.2017 03:18:10,000	-1,26	118,88
171	14.09.2017 03:18:20,000	-1,26	120,58
172	14.09.2017 03:18:30,000	-1,21	122,56
173	14.09.2017 03:18:40,000	-1,21	124,74
174	14.09.2017 03:18:50,000	-1,26	126,87
175	14.09.2017 03:19:00,000	-1,26	128,80
176	14.09.2017 03:19:10,000	-1,30	131,17
177	14.09.2017 03:19:20,000	-1,30	133,11
178	14.09.2017 03:19:30,000	-1,30	135,04
179	14.09.2017 03:19:40,000	-1,34	137,17
180	14.09.2017 03:19:50,000	-1,34	139,59
181	14.09.2017 03:20:00,000	-1,21	141,68
182	14.09.2017 03:20:10,000	-1,21	143,85
183	14.09.2017 03:20:20,000	-1,17	146,08
184	14.09.2017 03:20:30,000	-1,21	148,21
185	14.09.2017 03:20:40,000	-1,17	150,44
186	14.09.2017 03:20:50,000	-1,17	152,86
187	14.09.2017 03:21:00,000	-1,21	155,23
188	14.09.2017 03:21:10,000	-1,21	157,41
189	14.09.2017 03:21:20,000	-1,21	159,83
190	14.09.2017 03:21:30,000	-1,17	162,30
191	14.09.2017 03:21:40,000	-1,17	164,96
192	14.09.2017 03:21:50,000	-1,17	167,38
193	14.09.2017 03:22:00,000	-1,17	169,81
194	14.09.2017 03:22:10,000	-1,17	172,47
195	14.09.2017 03:22:20,000	-1,13	174,94
196	14.09.2017 03:22:30,000	-1,13	177,85
197	14.09.2017 03:22:40,000	-1,13	180,27
198	14.09.2017 03:22:50,000	-1,04	183,03
199	14.09.2017 03:23:00,000	-1,04	185,69
200	14.09.2017 03:23:10,000	-1,00	188,65
201	14.09.2017 03:23:20,000	-0,96	191,12
202	14.09.2017 03:23:30,000	-0,92	193,84
203	14.09.2017 03:23:40,000	-0,88	196,55
204	14.09.2017 03:23:50,000	-0,79	199,07
205	14.09.2017 03:24:00,000	-0,71	201,59
206	14.09.2017 03:24:10,000	-0,62	204,36
207	14.09.2017 03:24:20,000	-0,58	206,83
208	14.09.2017 03:24:30,000	-0,54	209,30
209	14.09.2017 03:24:40,000	-0,46	211,34
210	14.09.2017 03:24:50,000	-0,50	213,47
211	14.09.2017 03:25:00,000	-0,50	215,41
212	14.09.2017 03:25:10,000	-0,50	217,34
213	14.09.2017 03:25:20,000	-0,46	218,85
214	14.09.2017 03:25:30,000	-0,41	220,59
215	14.09.2017 03:25:40,000	-0,37	221,85
216	14.09.2017 03:25:50,000	-0,33	223,60
217	14.09.2017 03:26:00,000	-0,29	224,62
218	14.09.2017 03:26:10,000	-0,29	226,31
219	14.09.2017 03:26:20,000	-0,29	227,52
220	14.09.2017 03:26:30,000	-0,29	228,73
221	14.09.2017 03:26:40,000	-0,25	229,75
222	14.09.2017 03:26:50,000	-0,25	231,21
223	14.09.2017 03:27:00,000	-0,21	232,22
224	14.09.2017 03:27:10,000	-0,21	233,43
225	14.09.2017 03:27:20,000	-0,21	234,40
226	14.09.2017 03:27:30,000	-0,17	235,42
227	14.09.2017 03:27:40,000	-0,17	236,39
228	14.09.2017 03:27:50,000	-0,17	237,36
229	14.09.2017 03:28:00,000	-0,17	238,33
230	14.09.2017 03:28:10,000	-0,12	239,10
231	14.09.2017 03:28:20,000	-0,12	240,32
232	14.09.2017 03:28:30,000	-0,12	241,04
233	14.09.2017 03:28:40,000	-0,12	241,77
234	14.09.2017 03:28:50,000	-0,12	242,98
235	14.09.2017 03:29:00,000	-0,08	243,76
236	14.09.2017 03:29:10,000	-0,04	244,77
237	14.09.2017 03:29:20,000	0,00	246,03
238	14.09.2017 03:29:30,000	0,00	247,00
239	14.09.2017 03:29:40,000	0,04	248,02
240	14.09.2017 03:29:50,000	0,04	249,23
241	14.09.2017 03:30:00,000	0,04	250,20
242	14.09.2017 03:30:10,000	0,08	251,22
243	14.09.2017 03:30:20,000	0,08	251,22
244	14.09.2017 03:30:30,000	0,08	251,70
245	14.09.2017 03:30:40,000	0,08	251,46
246	14.09.2017 03:30:50,000	0,08	251,46
247	14.09.2017 03:31:00,000	0,08	251,46
248	14.09.2017 03:31:10,000	0,08	251,22
249	14.09.2017 03:31:20,000	0,08	251,22
250	14.09.2017 03:31:30,000	0,08	251,22
251	14.09.2017 03:31:40,000	0,08	251,70
252	14.09.2017 03:31:50,000	0,08	252,19
253	14.09.2017 03:32:00,000	0,08	252,43
254	14.09.2017 03:32:10,000	0,08	252,91
255	14.09.2017 03:32:20,000	0,08	253,16
256	14.09.2017 03:32:30,000	0,08	253,64
257	14.09.2017 03:32:40,000	0,08	253,88
258	14.09.2017 03:32:50,000	0,12	254,66
259	14.09.2017 03:33:00,000	0,12	255,14
260	14.09.2017 03:33:10,000	0,12	255,63
261	14.09.2017 03:33:20,000	0,12	256,35
262	14.09.2017 03:33:30,000	0,12	256,84
263	14.09.2017 03:33:40,000	0,16	257,13
264	14.09.2017 03:33:50,000	0,12	257,56
265	14.09.2017 03:34:00,000	0,16	258,10
266	14.09.2017 03:34:10,000	0,16	258,34
267	14.09.2017 03:34:20,000	0,16	258,82
268	14.09.2017 03:34:30,000	0,16	259,31
269	14.09.2017 03:34:40,000	0,16	260,04
270	14.09.2017 03:34:50,000	0,16	260,52
271	14.09.2017 03:35:00,000	0,16	261,00
272	14.09.2017 03:35:10,000	0,16	261,97
273	14.09.2017 03:35:20,000	0,16	262,46
274	14.09.2017 03:35:30,000	0,16	263,18
275	14.09.2017 03:35:40,000	0,20	263,72
276	14.09.2017 03:35:50,000	0,20	264,20
277	14.09.2017 03:36:00,000	0,20	265,17
278	14.09.2017 03:36:10,000	0,20	265,90
279	14.09.2017 03:36:20,000	0,20	266,62
280	14.09.2017 03:36:30,000	0,20	267,11
281	14.09.2017 03:36:40,000	0,20	268,08
282	14.09.2017 03:36:50,000	0,20	268,32
283	14.09.2017 03:37:00,000	0,20	269,29
284	14.09.2017 03:37:10,000	0,20	269,77
285	14.09.2017 03:37:20,000	0,20	270,50
286	14.09.2017 03:37:30,000	0,25	271,27
287	14.09.2017 03:37:40,000	0,25	272,00
288	14.09.2017 03:37:50,000	0,25	272,97
289	14.09.2017 03:38:00,000	0,25	273,94
290	14.09.2017 03:38:10,000	0,25	274,66
291	14.09.2017 03:38:20,000	0,25	275,15
292	14.09.2017 03:38:30,000	0,25	275,87
293	14.09.2017 03:38:40,000	0,25	276,12
294	14.09.2017 03:38:50,000	0,25	276,36
295	14.09.2017 03:39:00,000	0,25	276,60
296	14.09.2017 03:39:10,000	0,25	276,60
297	14.09.2017 03:39:20,000	0,25	276,60
298	14.09.2017 03:39:30,000	0,25	276,60
299	14.09.2017 03:39:40,000	0,25	276,60
300	14.09.2017 03:39:50,000	0,25	277,08
301	14.09.2017 03:40:00,000	0,25	277,57
302	14.09.2017 03:40:10,000	0,25	278,05
303	14.09.2017 03:40:20,000	0,25	279,02
304	14.09.2017 03:40:30,000	0,25	279,75
305	14.09.2017 03:40:40,000	0,25	280,72
306	14.09.2017 03:40:50,000	0,25	281,69
307	14.09.2017 03:41:00,000	0,29	282,70
308	14.09.2017 03:41:10,000	0,29	283,67
309	14.09.2017 03:41:20,000	0,29	284,64
310	14.09.2017 03:41:30,000	0,29	285,85
311	14.09.2017 03:41:40,000	0,29	286,82
312	14.09.2017 03:41:50,000	0,29	288,03
313	14.09.2017 03:42:00,000	0,29	289,00
314	14.09.2017 03:42:10,000	0,29	289,97
315	14.09.2017 03:42:20,000	0,29	290,69
316	14.09.2017 03:42:30,000	0,29	291,42
317	14.09.2017 03:42:40,000	0,29	291,66
318	14.09.2017 03:42:50,000	0,29	292,15
319	14.09.2017 03:43:00,000	0,29	292,15
320	14.09.2017 03:43:10,000	0,29	292,39
321	14.09.2017 03:43:20,000	0,29	292,39
322	14.09.2017 03:43:30,000	0,29	292,63
323	14.09.2017 03:43:40,000	0,33	292,92
324	14.09.2017 03:43:50,000	0,33	292,92
325	14.09.2017 03:44:00,000	0,33	293,16
326	14.09.2017 03:44:10,000	0,29	292,87
327	14.09.2017 03:44:20,000	0,29	293,11
328	14.09.2017 03:44:30,000	0,29	292,87
329	14.09.2017 03:44:40,000	0,29	293,11
330	14.09.2017 03:44:50,000	0,29	292,87
331	14.09.2017 03:45:00,000	0,29	293,11
332	14.09.2017 03:45:10,000	0,29	292,87
333	14.09.2017 03:45:20,000	0,29	292,87
334	14.09.2017 03:45:30,000	0,29	292,87
335	14.09.2017 03:45:40,000	0,29	293,11
336	14.09.2017 03:45:50,000	0,29	292,63
337	14.09.2017 03:46:00,000	0,29	292,87
338	14.09.2017 03:46:10,000	0,29	292,63
339	14.09.2017 03:46:20,000	0,29	292,63
340	14.09.2017 03:46:30,000	0,29	292,63
341	14.09.2017 03:46:40,000	0,29	292,39
342	14.09.2017 03:46:50,000	0,29	292,39
343	14.09.2017 03:47:00,000	0,29	292,15
344	14.09.2017 03:47:10,000	0,29	291,66
345	14.09.2017 03:47:20,000	0,29	291,42
346	14.09.2017 03:47:30,000	0,29	291,18
347	14.09.2017 03:47:40,000	0,29	290,69
348	14.09.2017 03:47:50,000	0,29	290,45
349	14.09.2017 03:48:00,000	0,29	289,72
350	14.09.2017 03:48:10,000	0,29	289,72
351	14.09.2017 03:48:20,000	0,29	288,76
352	14.09.2017 03:48:30,000	0,29	288,03
353	14.09.2017 03:48:40,000	0,29	287,55
354	14.09.2017 03:48:50,000	0,29	287,06
355	14.09.2017 03:49:00,000	0,29	286,33
356	14.09.2017 03:49:10,000	0,29	285,85
357	14.09.2017 03:49:20,000	0,29	285,37
358	14.09.2017 03:49:30,000	0,29	284,64
359	14.09.2017 03:49:40,000	0,29	284,16
360	14.09.2017 03:49:50,000	0,29	283,43
361	14.09.2017 03:50:00,000	0,25	282,65
362	14.09.2017 03:50:10,000	0,25	281,93
363	14.09.2017 03:50:20,000	0,25	281,20
364	14.09.2017 03:50:30,000	0,25	280,96
365	14.09.2017 03:50:40,000	0,25	279,99
366	14.09.2017 03:50:50,000	0,25	279,51
367	14.09.2017 03:51:00,000	0,25	279,02
368	14.09.2017 03:51:10,000	0,25	278,54
369	14.09.2017 03:51:20,000	0,25	277,81
370	14.09.2017 03:51:30,000	0,25	277,33
371	14.09.2017 03:51:40,000	0,25	276,60
372	14.09.2017 03:51:50,000	0,25	275,87
373	14.09.2017 03:52:00,000	0,25	275,39
374	14.09.2017 03:52:10,000	0,20	275,10
375	14.09.2017 03:52:20,000	0,20	274,86
376	14.09.2017 03:52:30,000	0,20	275,10
377	14.09.2017 03:52:40,000	0,20	274,86
378	14.09.2017 03:52:50,000	0,20	275,34
379	14.09.2017 03:53:00,000	0,20	275,58
380	14.09.2017 03:53:10,000	0,20	276,07
381	14.09.2017 03:53:20,000	0,25	276,36
382	14.09.2017 03:53:30,000	0,25	276,84
383	14.09.2017 03:53:40,000	0,25	277,08
384	14.09.2017 03:53:50,000	0,25	276,60
385	14.09.2017 03:54:00,000	0,25	276,36
386	14.09.2017 03:54:10,000	0,25	275,87
387	14.09.2017 03:54:20,000	0,25	275,39
388	14.09.2017 03:54:30,000	0,25	274,66
389	14.09.2017 03:54:40,000	0,25	274,18
390	14.09.2017 03:54:50,000	0,25	273,45
391	14.09.2017 03:55:00,000	0,25	273,21
392	14.09.2017 03:55:10,000	0,25	272,00
393	14.09.2017 03:55:20,000	0,25	271,76
394	14.09.2017 03:55:30,000	0,20	271,22
395	14.09.2017 03:55:40,000	0,25	270,55
396	14.09.2017 03:55:50,000	0,20	270,01
397	14.09.2017 03:56:00,000	0,20	269,53
398	14.09.2017 03:56:10,000	0,20	269,04
399	14.09.2017 03:56:20,000	0,20	268,56
400	14.09.2017 03:56:30,000	0,20	268,08
401	14.09.2017 03:56:40,000	0,20	267,35
402	14.09.2017 03:56:50,000	0,20	267,11
403	14.09.2017 03:57:00,000	0,20	266,87
404	14.09.2017 03:57:10,000	0,20	266,62
405	14.09.2017 03:57:20,000	0,20	265,90
406	14.09.2017 03:57:30,000	0,20	265,90
407	14.09.2017 03:57:40,000	0,20	265,17
408	14.09.2017 03:57:50,000	0,20	264,93
409	14.09.2017 03:58:00,000	0,20	264,69
410	14.09.2017 03:58:10,000	0,20	264,69
411	14.09.2017 03:58:20,000	0,20	264,44
412	14.09.2017 03:58:30,000	0,20	264,44
413	14.09.2017 03:58:40,000	0,20	264,44
414	14.09.2017 03:58:50,000	0,20	264,44
415	14.09.2017 03:59:00,000	0,20	264,44
416	14.09.2017 03:59:10,000	0,20	264,44
417	14.09.2017 03:59:20,000	0,20	264,44
418	14.09.2017 03:59:30,000	0,20	264,69
419	14.09.2017 03:59:40,000	0,20	264,69
420	14.09.2017 03:59:50,000	0,20	264,69
421	14.09.2017 04:00:00,000	0,20	264,93
422	14.09.2017 04:00:10,000	0,20	264,93
423	14.09.2017 04:00:20,000	0,20	265,41
424	14.09.2017 04:00:30,000	0,20	265,41
425	14.09.2017 04:00:40,000	0,20	265,41
426	14.09.2017 04:00:50,000	0,20	265,90
427	14.09.2017 04:01:00,000	0,20	265,65
428	14.09.2017 04:01:10,000	0,20	266,14
429	14.09.2017 04:01:20,000	0,20	265,90
430	14.09.2017 04:01:30,000	0,20	266,38
431	14.09.2017 04:01:40,000	0,20	266,14
432	14.09.2017 04:01:50,000	0,20	266,62
433	14.09.2017 04:02:00,000	0,20	266,62
434	14.09.2017 04:02:10,000	0,20	266,87
435	14.09.2017 04:02:20,000	0,20	266,87
436	14.09.2017 04:02:30,000	0,20	266,87
437	14.09.2017 04:02:40,000	0,25	267,16
438	14.09.2017 04:02:50,000	0,20	267,35
439	14.09.2017 04:03:00,000	0,25	267,16
440	14.09.2017 04:03:10,000	0,25	267,40
441	14.09.2017 04:03:20,000	0,25	267,40
442	14.09.2017 04:03:30,000	0,25	267,40
443	14.09.2017 04:03:40,000	0,25	267,64
444	14.09.2017 04:03:50,000	0,25	267,64
445	14.09.2017 04:04:00,000	0,20	267,59
446	14.09.2017 04:04:10,000	0,20	267,59
447	14.09.2017 04:04:20,000	0,25	267,40
448	14.09.2017 04:04:30,000	0,20	267,35
449	14.09.2017 04:04:40,000	0,20	266,87
450	14.09.2017 04:04:50,000	0,20	266,14
451	14.09.2017 04:05:00,000	0,20	264,93
452	14.09.2017 04:05:10,000	0,20	263,96
453	14.09.2017 04:05:20,000	0,20	262,26
454	14.09.2017 04:05:30,000	0,20	261,05
455	14.09.2017 04:05:40,000	0,16	259,07
456	14.09.2017 04:05:50,000	0,16	257,13
457	14.09.2017 04:06:00,000	0,16	254,71
458	14.09.2017 04:06:10,000	0,12	252,72
459	14.09.2017 04:06:20,000	0,12	250,30
460	14.09.2017 04:06:30,000	0,12	248,12
461	14.09.2017 04:06:40,000	0,08	245,89
462	14.09.2017 04:06:50,000	0,08	244,44
463	14.09.2017 04:07:00,000	0,04	242,21
464	14.09.2017 04:07:10,000	0,04	240,51
465	14.09.2017 04:07:20,000	0,00	239,01
466	14.09.2017 04:07:30,000	-0,04	237,51
467	14.09.2017 04:07:40,000	-0,04	235,57
468	14.09.2017 04:07:50,000	-0,04	234,36
469	14.09.2017 04:08:00,000	-0,04	232,91
470	14.09.2017 04:08:10,000	-0,08	231,65
471	14.09.2017 04:08:20,000	-0,08	230,92
472	14.09.2017 04:08:30,000	-0,08	229,95
473	14.09.2017 04:08:40,000	-0,08	228,98
474	14.09.2017 04:08:50,000	-0,12	228,21
475	14.09.2017 04:09:00,000	-0,12	227,48
476	14.09.2017 04:09:10,000	-0,12	226,75
477	14.09.2017 04:09:20,000	-0,12	226,27
478	14.09.2017 04:09:30,000	-0,17	225,73
479	14.09.2017 04:09:40,000	-0,17	225,25
480	14.09.2017 04:09:50,000	-0,17	224,52
481	14.09.2017 04:10:00,000	-0,17	224,04
482	14.09.2017 04:10:10,000	-0,17	224,04
483	14.09.2017 04:10:20,000	-0,17	223,55
484	14.09.2017 04:10:30,000	-0,17	223,07
485	14.09.2017 04:10:40,000	-0,17	222,34
486	14.09.2017 04:10:50,000	-0,17	221,38
487	14.09.2017 04:11:00,000	-0,17	220,65
488	14.09.2017 04:11:10,000	-0,21	219,87
489	14.09.2017 04:11:20,000	-0,21	219,15
490	14.09.2017 04:11:30,000	-0,21	218,42
491	14.09.2017 04:11:40,000	-0,21	217,94
492	14.09.2017 04:11:50,000	-0,25	217,64
493	14.09.2017 04:12:00,000	-0,25	217,16
494	14.09.2017 04:12:10,000	-0,25	216,92
495	14.09.2017 04:12:20,000	-0,25	216,67
496	14.09.2017 04:12:30,000	-0,25	216,43
497	14.09.2017 04:12:40,000	-0,25	216,92
498	14.09.2017 04:12:50,000	-0,25	216,67
499	14.09.2017 04:13:00,000	-0,25	216,43
500	14.09.2017 04:13:10,000	-0,25	216,67
501	14.09.2017 04:13:20,000	-0,25	216,92
502	14.09.2017 04:13:30,000	-0,25	217,16
503	14.09.2017 04:13:40,000	-0,21	217,45
504	14.09.2017 04:13:50,000	-0,21	217,21
505	14.09.2017 04:14:00,000	-0,21	216,97
506	14.09.2017 04:14:10,000	-0,21	216,97
507	14.09.2017 04:14:20,000	-0,21	216,72
508	14.09.2017 04:14:30,000	-0,21	216,48
509	14.09.2017 04:14:40,000	-0,21	216,72
510	14.09.2017 04:14:50,000	-0,21	216,24
511	14.09.2017 04:15:00,000	-0,21	216,00
512	14.09.2017 04:15:10,000	-0,25	215,95
513	14.09.2017 04:15:20,000	-0,25	215,46
514	14.09.2017 04:15:30,000	-0,25	214,98
515	14.09.2017 04:15:40,000	-0,25	214,98
516	14.09.2017 04:15:50,000	-0,25	214,74
517	14.09.2017 04:16:00,000	-0,25	214,74
518	14.09.2017 04:16:10,000	-0,25	214,25
519	14.09.2017 04:16:20,000	-0,25	214,01
520	14.09.2017 04:16:30,000	-0,25	213,53
521	14.09.2017 04:16:40,000	-0,25	213,28
522	14.09.2017 04:16:50,000	-0,25	213,04
523	14.09.2017 04:17:00,000	-0,25	212,80
524	14.09.2017 04:17:10,000	-0,25	212,32
525	14.09.2017 04:17:20,000	-0,25	211,83
526	14.09.2017 04:17:30,000	-0,25	211,10
527	14.09.2017 04:17:40,000	-0,25	211,10
528	14.09.2017 04:17:50,000	-0,25	210,62
529	14.09.2017 04:18:00,000	-0,29	210,33
530	14.09.2017 04:18:10,000	-0,29	209,60
531	14.09.2017 04:18:20,000	-0,29	209,12
532	14.09.2017 04:18:30,000	-0,29	208,63
533	14.09.2017 04:18:40,000	-0,29	208,15
534	14.09.2017 04:18:50,000	-0,29	207,66
535	14.09.2017 04:19:00,000	-0,33	206,89
536	14.09.2017 04:19:10,000	-0,33	206,40
537	14.09.2017 04:19:20,000	-0,33	205,68
538	14.09.2017 04:19:30,000	-0,37	204,90
539	14.09.2017 04:19:40,000	-0,37	204,17
540	14.09.2017 04:19:50,000	-0,37	203,69
541	14.09.2017 04:20:00,000	-0,37	202,72
542	14.09.2017 04:20:10,000	-0,37	202,24
543	14.09.2017 04:20:20,000	-0,41	200,98
544	14.09.2017 04:20:30,000	-0,41	200,49
545	14.09.2017 04:20:40,000	-0,41	199,77
546	14.09.2017 04:20:50,000	-0,46	198,75
547	14.09.2017 04:21:00,000	-0,46	198,26
548	14.09.2017 04:21:10,000	-0,46	197,29
549	14.09.2017 04:21:20,000	-0,46	196,32
550	14.09.2017 04:21:30,000	-0,50	195,79
551	14.09.2017 04:21:40,000	-0,50	195,06
552	14.09.2017 04:21:50,000	-0,54	194,29
553	14.09.2017 04:22:00,000	-0,54	193,32
554	14.09.2017 04:22:10,000	-0,54	192,83
555	14.09.2017 04:22:20,000	-0,58	192,06
556	14.09.2017 04:22:30,000	-0,58	191,09
557	14.09.2017 04:22:40,000	-0,58	190,61
558	14.09.2017 04:22:50,000	-0,58	189,64
559	14.09.2017 04:23:00,000	-0,62	188,62
560	14.09.2017 04:23:10,000	-0,67	187,84
561	14.09.2017 04:23:20,000	-0,67	187,12
562	14.09.2017 04:23:30,000	-0,67	185,90
563	14.09.2017 04:23:40,000	-0,71	185,13
564	14.09.2017 04:23:50,000	-0,71	184,16
565	14.09.2017 04:24:00,000	-0,71	183,19
566	14.09.2017 04:24:10,000	-0,71	181,98
567	14.09.2017 04:24:20,000	-0,71	181,01
568	14.09.2017 04:24:30,000	-0,75	179,99
569	14.09.2017 04:24:40,000	-0,75	179,27
570	14.09.2017 04:24:50,000	-0,75	178,06
571	14.09.2017 04:25:00,000	-0,79	177,04
572	14.09.2017 04:25:10,000	-0,79	176,07
573	14.09.2017 04:25:20,000	-0,79	175,34
574	14.09.2017 04:25:30,000	-0,79	174,37
575	14.09.2017 04:25:40,000	-0,79	173,41
576	14.09.2017 04:25:50,000	-0,83	172,39
577	14.09.2017 04:26:00,000	-0,83	171,42
578	14.09.2017 04:26:10,000	-0,88	170,16
579	14.09.2017 04:26:20,000	-0,88	169,19
580	14.09.2017 04:26:30,000	-0,88	168,22
581	14.09.2017 04:26:40,000	-0,88	167,01
582	14.09.2017 04:26:50,000	-0,88	165,56
583	14.09.2017 04:27:00,000	-0,92	164,54
584	14.09.2017 04:27:10,000	-0,92	163,09
585	14.09.2017 04:27:20,000	-0,92	161,88
586	14.09.2017 04:27:30,000	-0,92	160,67
587	14.09.2017 04:27:40,000	-0,96	159,41
588	14.09.2017 04:27:50,000	-0,96	157,95
589	14.09.2017 04:28:00,000	-0,96	156,74
590	14.09.2017 04:28:10,000	-0,96	155,53
591	14.09.2017 04:28:20,000	-1,00	154,27
592	14.09.2017 04:28:30,000	-1,00	152,82
593	14.09.2017 04:28:40,000	-1,04	151,32
594	14.09.2017 04:28:50,000	-1,04	150,59
595	14.09.2017 04:29:00,000	-1,09	149,09
596	14.09.2017 04:29:10,000	-1,09	147,39
597	14.09.2017 04:29:20,000	-1,13	146,38
598	14.09.2017 04:29:30,000	-1,21	144,82
599	14.09.2017 04:29:40,000	-1,26	143,08
600	14.09.2017 04:29:50,000	-1,26	141,63
601	14.09.2017 04:30:00,000	-1,26	139,93
602	14.09.2017 04:30:10,000	-1,30	138,19
603	14.09.2017 04:30:20,000	-1,34	136,20
604	14.09.2017 04:30:30,000	-1,34	134,75
605	14.09.2017 04:30:40,000	-1,38	132,76
606	14.09.2017 04:30:50,000	-1,38	130,83
607	14.09.2017 04:31:00,000	-1,38	128,89
608	14.09.2017 04:31:10,000	-1,38	126,71
609	14.09.2017 04:31:20,000	-1,34	124,59
610	14.09.2017 04:31:30,000	-1,34	122,65
611	14.09.2017 04:31:40,000	-1,30	120,53
612	14.09.2017 04:31:50,000	-1,30	118,35
613	14.09.2017 04:32:00,000	-1,30	116,41
614	14.09.2017 04:32:10,000	-1,30	114,24
615	14.09.2017 04:32:20,000	-1,26	112,35
616	14.09.2017 04:32:30,000	-1,30	110,37
617	14.09.2017 04:32:40,000	-1,26	108,24
618	14.09.2017 04:32:50,000	-1,21	106,36
619	14.09.2017 04:33:00,000	-1,21	103,94
620	14.09.2017 04:33:10,000	-1,17	102,30
621	14.09.2017 04:33:20,000	-1,17	99,88
622	14.09.2017 04:33:30,000	-1,13	98,24
623	14.09.2017 04:33:40,000	-1,04	96,16
624	14.09.2017 04:33:50,000	-0,96	95,05
625	14.09.2017 04:34:00,000	-0,96	93,60
626	14.09.2017 04:34:10,000	-0,92	92,20
627	14.09.2017 04:34:20,000	-0,92	90,75
628	14.09.2017 04:34:30,000	-0,88	89,35
629	14.09.2017 04:34:40,000	-0,88	88,15
630	14.09.2017 04:34:50,000	-0,79	86,80
631	14.09.2017 04:35:00,000	-0,75	85,64
632	14.09.2017 04:35:10,000	-0,83	84,57
633	14.09.2017 04:35:20,000	-0,88	83,55
634	14.09.2017 04:35:30,000	-0,79	82,45
635	14.09.2017 04:35:40,000	-0,71	81,34
636	14.09.2017 04:35:50,000	-0,37	80,05
637	14.09.2017 04:36:00,000	-0,21	78,55
638	14.09.2017 04:36:10,000	-0,12	77,45
639	14.09.2017 04:36:20,000	-0,04	76,34
640	14.09.2017 04:36:30,000	0,08	74,79
641	14.09.2017 04:36:40,000	0,08	73,59
642	14.09.2017 04:36:50,000	0,08	72,14
643	14.09.2017 04:37:00,000	0,04	70,88
644	14.09.2017 04:37:10,000	0,08	69,48
645	14.09.2017 04:37:20,000	0,12	68,32
646	14.09.2017 04:37:30,000	0,16	66,44
647	14.09.2017 04:37:40,000	0,16	65,47
648	14.09.2017 04:37:50,000	0,16	64,27
649	14.09.2017 04:38:00,000	0,20	62,87
650	14.09.2017 04:38:10,000	0,25	61,95
651	14.09.2017 04:38:20,000	0,33	60,60
652	14.09.2017 04:38:30,000	0,37	60,17
653	14.09.2017 04:38:40,000	0,49	59,35
654	14.09.2017 04:38:50,000	0,57	58,97
655	14.09.2017 04:39:00,000	0,61	58,53
656	14.09.2017 04:39:10,000	0,65	57,86
657	14.09.2017 04:39:20,000	0,73	57,47
658	14.09.2017 04:39:30,000	0,81	57,33
659	14.09.2017 04:39:40,000	0,90	56,70
660	14.09.2017 04:39:50,000	0,94	56,75
661	14.09.2017 04:40:00,000	1,06	56,66
662	14.09.2017 04:40:10,000	1,14	56,03
663	14.09.2017 04:40:20,000	1,18	55,59
664	14.09.2017 04:40:30,000	1,14	55,79
665	14.09.2017 04:40:40,000	1,10	55,01
666	14.09.2017 04:40:50,000	1,02	55,16
667	14.09.2017 04:41:00,000	0,98	55,11
668	14.09.2017 04:41:10,000	1,06	55,69
669	14.09.2017 04:41:20,000	0,98	56,08
670	14.09.2017 04:41:30,000	1,06	57,14
671	14.09.2017 04:41:40,000	1,06	58,10
672	14.09.2017 04:41:50,000	1,02	59,26
673	14.09.2017 04:42:00,000	0,90	59,36
674	14.09.2017 04:42:10,000	0,86	60,03
675	14.09.2017 04:42:20,000	0,86	60,76
676	14.09.2017 04:42:30,000	0,81	61,43
677	14.09.2017 04:42:40,000	0,77	62,35
678	14.09.2017 04:42:50,000	0,69	63,46
679	14.09.2017 04:43:00,000	0,61	63,84
680	14.09.2017 04:43:10,000	0,53	65,43
681	14.09.2017 04:43:20,000	0,45	65,82
682	14.09.2017 04:43:30,000	0,37	66,45
683	14.09.2017 04:43:40,000	0,33	67,36
684	14.09.2017 04:43:50,000	0,29	67,31
685	14.09.2017 04:44:00,000	0,25	66,78
686	14.09.2017 04:44:10,000	0,20	66,49
687	14.09.2017 04:44:20,000	0,25	64,12
688	14.09.2017 04:44:30,000	0,33	63,50
689	14.09.2017 04:44:40,000	0,41	62,63
690	14.09.2017 04:44:50,000	0,49	60,80
691	14.09.2017 04:45:00,000	0,53	58,43
692	14.09.2017 04:45:10,000	0,65	56,17
693	14.09.2017 04:45:20,000	0,45	53,99
694	14.09.2017 04:45:30,000	0,37	51,72
695	14.09.2017 04:45:40,000	0,49	48,25
696	14.09.2017 04:45:50,000	0,08	46,31
697	14.09.2017 04:46:00,000	-0,08	43,70
698	14.09.2017 04:46:10,000	-0,21	40,90
699	14.09.2017 04:46:20,000	-0,29	37,91
700	14.09.2017 04:46:30,000	-0,33	35,20
701	14.09.2017 04:46:40,000	-0,33	34,48
702	14.09.2017 04:46:50,000	-0,37	32,74
703	14.09.2017 04:47:00,000	-0,33	31,11
704	14.09.2017 04:47:10,000	-0,33	29,90
705	14.09.2017 04:47:20,000	-0,33	28,70
706	14.09.2017 04:47:30,000	-0,37	26,72
707	14.09.2017 04:47:40,000	-0,46	25,41
708	14.09.2017 04:47:50,000	-0,46	23,97
709	14.09.2017 04:48:00,000	-0,37	22,14
710	14.09.2017 04:48:10,000	-0,33	21,23
711	14.09.2017 04:48:20,000	-0,37	20,69
712	14.09.2017 04:48:30,000	-0,37	20,45
713	14.09.2017 04:48:40,000	-0,33	20,26
714	14.09.2017 04:48:50,000	-0,25	19,40
715	14.09.2017 04:49:00,000	-0,17	19,26
716	14.09.2017 04:49:10,000	-0,08	18,63
717	14.09.2017 04:49:20,000	-0,12	18,10
718	14.09.2017 04:49:30,000	-0,08	18,15
719	14.09.2017 04:49:40,000	0,00	17,77
720	14.09.2017 04:49:50,000	0,00	17,77
721	14.09.2017 04:50:00,000	0,04	17,34
722	14.09.2017 04:50:10,000	0,04	17,34
723	14.09.2017 04:50:20,000	0,04	17,09
724	14.09.2017 04:50:30,000	0,04	17,09
725	14.09.2017 04:50:40,000	0,00	16,80
726	14.09.2017 04:50:50,000	0,00	17,05
727	14.09.2017 04:51:00,000	0,04	16,61
728	14.09.2017 04:51:10,000	-0,04	16,76
729	14.09.2017 04:51:20,000	0,04	16,37
730	14.09.2017 04:51:30,000	0,08	16,66
731	14.09.2017 04:51:40,000	0,12	16,23
732	14.09.2017 04:51:50,000	0,29	15,95
733	14.09.2017 04:52:00,000	0,41	16,33
734	14.09.2017 04:52:10,000	0,45	16,38
735	14.09.2017 04:52:20,000	0,57	16,29
736	14.09.2017 04:52:30,000	0,57	16,29
737	14.09.2017 04:52:40,000	0,61	16,34
738	14.09.2017 04:52:50,000	0,81	16,10
739	14.09.2017 04:53:00,000	0,77	16,29
740	14.09.2017 04:53:10,000	0,73	16,24
741	14.09.2017 04:53:20,000	0,90	15,96
742	14.09.2017 04:53:30,000	1,22	15,62
743	14.09.2017 04:53:40,000	1,38	15,57
744	14.09.2017 04:53:50,000	1,65	15,19
745	14.09.2017 04:54:00,000	1,73	15,29
746	14.09.2017 04:54:10,000	1,85	15,43
747	14.09.2017 04:54:20,000	1,93	15,04
748	14.09.2017 04:54:30,000	2,01	14,66
749	14.09.2017 04:54:40,000	2,09	14,27
750	14.09.2017 04:54:50,000	2,13	13,12
751	14.09.2017 04:55:00,000	2,28	12,58
752	14.09.2017 04:55:10,000	2,40	12,00
753	14.09.2017 04:55:20,000	2,36	11,72
754	14.09.2017 04:55:30,000	2,48	10,89
755	14.09.2017 04:55:40,000	2,52	10,46
756	14.09.2017 04:55:50,000	2,48	10,65
757	14.09.2017 04:56:00,000	2,52	10,46
758	14.09.2017 04:56:10,000	2,55	10,51
759	14.09.2017 04:56:20,000	2,59	10,56
760	14.09.2017 04:56:30,000	2,55	10,27
761	14.09.2017 04:56:40,000	2,48	9,93
762	14.09.2017 04:56:50,000	2,40	9,60
763	14.09.2017 04:57:00,000	2,48	9,21
764	14.09.2017 04:57:10,000	2,48	9,69
765	14.09.2017 04:57:20,000	2,48	9,69
766	14.09.2017 04:57:30,000	2,44	9,64
767	14.09.2017 04:57:40,000	2,48	10,17
768	14.09.2017 04:57:50,000	2,52	9,50
769	14.09.2017 04:58:00,000	2,48	9,21
770	14.09.2017 04:58:10,000	2,48	8,97
771	14.09.2017 04:58:20,000	2,52	8,78
772	14.09.2017 04:58:30,000	2,52	8,54
773	14.09.2017 04:58:40,000	2,52	8,78
774	14.09.2017 04:58:50,000	2,48	8,25
775	14.09.2017 04:59:00,000	2,48	7,28
776	14.09.2017 04:59:10,000	2,44	6,27
777	14.09.2017 04:59:20,000	2,40	5,26
778	14.09.2017 04:59:30,000	2,36	4,25
779	14.09.2017 04:59:40,000	2,28	3,44
780	14.09.2017 04:59:50,000	2,24	2,19
781	14.09.2017 05:00:00,000	2,24	1,71
782	14.09.2017 05:00:10,000	2,20	1,90
783	14.09.2017 05:00:20,000	2,20	0,70
784	14.09.2017 05:00:30,000	2,20	0,00
785	14.09.2017 05:00:40,000	2,16	0,00
786	14.09.2017 05:00:50,000	2,16	0,00
787	14.09.2017 05:01:00,000	2,16	0,00
788	14.09.2017 05:01:10,000	2,16	0,00
789	14.09.2017 05:01:20,000	2,20	0,00
790	14.09.2017 05:01:30,000	2,20	0,00
791	14.09.2017 05:01:40,000	2,20	0,00
792	14.09.2017 05:01:50,000	2,20	0,00
793	14.09.2017 05:02:00,000	2,20	0,00
794	14.09.2017 05:02:10,000	2,20	0,00
795	14.09.2017 05:02:20,000	2,20	0,00
796	14.09.2017 05:02:30,000	2,20	0,00
797	14.09.2017 05:02:40,000	2,20	0,00
798	14.09.2017 05:02:50,000	2,20	0,00
799	14.09.2017 05:03:00,000	2,20	0,00
800	14.09.2017 05:03:10,000	2,20	0,00
801	14.09.2017 05:03:20,000	2,20	0,00
802	14.09.2017 05:03:30,000	2,20	0,00
803	14.09.2017 05:03:40,000	2,20	0,00
804	14.09.2017 05:03:50,000	2,20	0,00
805	14.09.2017 05:04:00,000	2,20	0,00
806	14.09.2017 05:04:10,000	2,24	0,00
807	14.09.2017 05:04:20,000	2,24	0,00
808	14.09.2017 05:04:30,000	2,24	0,00
809	14.09.2017 05:04:40,000	2,24	0,00
810	14.09.2017 05:04:50,000	2,28	0,00
811	14.09.2017 05:05:00,000	2,28	0,00
812	14.09.2017 05:05:10,000	2,28	0,00
813	14.09.2017 05:05:20,000	2,28	0,00
814	14.09.2017 05:05:30,000	2,32	0,00
815	14.09.2017 05:05:40,000	2,32	0,00
816	14.09.2017 05:05:50,000	2,36	0,00
817	14.09.2017 05:06:00,000	2,36	0,00
818	14.09.2017 05:06:10,000	2,40	0,00
819	14.09.2017 05:06:20,000	2,40	0,00
820	14.09.2017 05:06:30,000	2,44	0,00
821	14.09.2017 05:06:40,000	2,44	0,00
822	14.09.2017 05:06:50,000	2,48	0,00
823	14.09.2017 05:07:00,000	2,52	0,00
824	14.09.2017 05:07:10,000	2,52	0,00
825	14.09.2017 05:07:20,000	2,55	0,00
826	14.09.2017 05:07:30,000	2,55	0,00
827	14.09.2017 05:07:40,000	2,59	0,00
828	14.09.2017 05:07:50,000	2,63	0,00
829	14.09.2017 05:08:00,000	2,67	0,00
830	14.09.2017 05:08:10,000	2,67	0,00
831	14.09.2017 05:08:20,000	2,71	0,00
832	14.09.2017 05:08:30,000	2,75	0,00
833	14.09.2017 05:08:40,000	2,79	0,00
834	14.09.2017 05:08:50,000	2,82	0,00
835	14.09.2017 05:09:00,000	2,86	0,00
836	14.09.2017 05:09:10,000	2,90	0,00
837	14.09.2017 05:09:20,000	2,94	0,00
838	14.09.2017 05:09:30,000	3,17	0,00
839	14.09.2017 05:09:40,000	4,85	0,00
840	14.09.2017 05:09:50,000	7,18	0,00
841	14.09.2017 05:10:00,000	8,65	0,00
842	14.09.2017 05:10:10,000	9,79	0,00
843	14.09.2017 05:10:20,000	11,20	0,00
844	14.09.2017 05:10:30,000	12,48	0,00
845	14.09.2017 05:10:40,000	13,43	0,00
