#B	Created:	14.09.2017 23:30:05
##	Version	SeaStar	7.49
#5	Field separation:	0
#2	Date & Time:	1
#6	Decimal point:	,
#7	Date def.:	dd.mm.yyyy	.
#8	Time def.:	:
##	Axis	0	Temperature(°C)	clRed	FALSE
##	Axis	1	Depth(m)	clBlue	TRUE
##	Series	0	Temp(°C)	clRed	0	Temp(°C)	2
##	Series	1	Depth(m)	clBlue	1	Depth(m)	2
##	Recorder	69	DST centi	8047
##	Chart	69C8047DAT	
#D	Data:	2066	14.09.2017 17:45:00	14.09.2017 23:29:10
1	14.09.2017 17:45:00,000	23,42	0,00
2	14.09.2017 17:45:10,000	23,42	0,00
3	14.09.2017 17:45:20,000	23,42	0,00
4	14.09.2017 17:45:30,000	23,42	0,00
5	14.09.2017 17:45:40,000	23,42	0,00
6	14.09.2017 17:45:50,000	23,42	0,00
7	14.09.2017 17:46:00,000	23,42	0,00
8	14.09.2017 17:46:10,000	23,45	0,00
9	14.09.2017 17:46:20,000	23,45	0,00
10	14.09.2017 17:46:30,000	23,45	0,00
11	14.09.2017 17:46:40,000	23,45	0,00
12	14.09.2017 17:46:50,000	23,45	0,00
13	14.09.2017 17:47:00,000	23,45	0,00
14	14.09.2017 17:47:10,000	23,47	0,00
15	14.09.2017 17:47:20,000	23,47	0,00
16	14.09.2017 17:47:30,000	23,47	0,00
17	14.09.2017 17:47:40,000	23,47	0,00
18	14.09.2017 17:47:50,000	23,47	0,00
19	14.09.2017 17:48:00,000	23,47	0,00
20	14.09.2017 17:48:10,000	23,47	0,00
21	14.09.2017 17:48:20,000	23,50	0,00
22	14.09.2017 17:48:30,000	23,50	0,00
23	14.09.2017 17:48:40,000	23,50	0,00
24	14.09.2017 17:48:50,000	23,50	0,00
25	14.09.2017 17:49:00,000	23,50	0,00
26	14.09.2017 17:49:10,000	23,50	0,00
27	14.09.2017 17:49:20,000	23,53	0,00
28	14.09.2017 17:49:30,000	23,53	0,00
29	14.09.2017 17:49:40,000	23,53	0,00
30	14.09.2017 17:49:50,000	23,53	0,00
31	14.09.2017 17:50:00,000	23,53	0,00
32	14.09.2017 17:50:10,000	23,53	0,00
33	14.09.2017 17:50:20,000	23,56	0,00
34	14.09.2017 17:50:30,000	23,56	0,00
35	14.09.2017 17:50:40,000	23,56	0,00
36	14.09.2017 17:50:50,000	23,56	0,00
37	14.09.2017 17:51:00,000	23,56	0,00
38	14.09.2017 17:51:10,000	23,56	0,00
39	14.09.2017 17:51:20,000	23,59	0,00
40	14.09.2017 17:51:30,000	23,59	0,00
41	14.09.2017 17:51:40,000	23,59	0,00
42	14.09.2017 17:51:50,000	23,59	0,00
43	14.09.2017 17:52:00,000	23,59	0,00
44	14.09.2017 17:52:10,000	23,59	0,00
45	14.09.2017 17:52:20,000	23,62	0,00
46	14.09.2017 17:52:30,000	23,62	0,00
47	14.09.2017 17:52:40,000	23,62	0,00
48	14.09.2017 17:52:50,000	23,62	0,00
49	14.09.2017 17:53:00,000	23,62	0,00
50	14.09.2017 17:53:10,000	23,65	0,00
51	14.09.2017 17:53:20,000	23,65	0,00
52	14.09.2017 17:53:30,000	23,65	0,00
53	14.09.2017 17:53:40,000	23,65	0,00
54	14.09.2017 17:53:50,000	23,65	0,00
55	14.09.2017 17:54:00,000	23,65	0,00
56	14.09.2017 17:54:10,000	23,65	0,00
57	14.09.2017 17:54:20,000	23,68	0,00
58	14.09.2017 17:54:30,000	23,68	0,00
59	14.09.2017 17:54:40,000	23,68	0,00
60	14.09.2017 17:54:50,000	23,68	0,00
61	14.09.2017 17:55:00,000	23,68	0,00
62	14.09.2017 17:55:10,000	23,71	0,00
63	14.09.2017 17:55:20,000	23,71	0,00
64	14.09.2017 17:55:30,000	23,71	0,00
65	14.09.2017 17:55:40,000	23,71	0,00
66	14.09.2017 17:55:50,000	23,71	0,00
67	14.09.2017 17:56:00,000	23,71	0,00
68	14.09.2017 17:56:10,000	23,71	0,00
69	14.09.2017 17:56:20,000	23,73	0,00
70	14.09.2017 17:56:30,000	23,73	0,00
71	14.09.2017 17:56:40,000	23,73	0,00
72	14.09.2017 17:56:50,000	23,73	0,00
73	14.09.2017 17:57:00,000	23,73	0,00
74	14.09.2017 17:57:10,000	23,73	0,00
75	14.09.2017 17:57:20,000	23,76	0,00
76	14.09.2017 17:57:30,000	23,76	0,00
77	14.09.2017 17:57:40,000	23,76	0,00
78	14.09.2017 17:57:50,000	23,76	0,00
79	14.09.2017 17:58:00,000	23,76	0,00
80	14.09.2017 17:58:10,000	23,76	0,00
81	14.09.2017 17:58:20,000	23,79	0,00
82	14.09.2017 17:58:30,000	23,79	0,00
83	14.09.2017 17:58:40,000	23,79	0,00
84	14.09.2017 17:58:50,000	23,79	0,00
85	14.09.2017 17:59:00,000	23,79	0,00
86	14.09.2017 17:59:10,000	23,79	0,00
87	14.09.2017 17:59:20,000	23,82	0,00
88	14.09.2017 17:59:30,000	23,82	0,00
89	14.09.2017 17:59:40,000	23,82	0,00
90	14.09.2017 17:59:50,000	23,82	0,00
91	14.09.2017 18:00:00,000	23,82	0,00
92	14.09.2017 18:00:10,000	23,82	0,00
93	14.09.2017 18:00:20,000	23,82	0,00
94	14.09.2017 18:00:30,000	23,85	0,00
95	14.09.2017 18:00:40,000	23,85	0,00
96	14.09.2017 18:00:50,000	23,85	0,00
97	14.09.2017 18:01:00,000	23,85	0,00
98	14.09.2017 18:01:10,000	23,85	0,00
99	14.09.2017 18:01:20,000	23,85	0,00
100	14.09.2017 18:01:30,000	23,88	0,00
101	14.09.2017 18:01:40,000	23,88	0,00
102	14.09.2017 18:01:50,000	23,88	0,00
103	14.09.2017 18:02:00,000	23,88	0,00
104	14.09.2017 18:02:10,000	23,88	0,00
105	14.09.2017 18:02:20,000	23,88	0,00
106	14.09.2017 18:02:30,000	23,88	0,00
107	14.09.2017 18:02:40,000	23,88	0,00
108	14.09.2017 18:02:50,000	23,88	0,00
109	14.09.2017 18:03:00,000	23,91	0,00
110	14.09.2017 18:03:10,000	23,91	0,00
111	14.09.2017 18:03:20,000	23,91	0,00
112	14.09.2017 18:03:30,000	23,91	0,00
113	14.09.2017 18:03:40,000	23,91	0,00
114	14.09.2017 18:03:50,000	23,91	0,00
115	14.09.2017 18:04:00,000	23,91	0,00
116	14.09.2017 18:04:10,000	23,91	0,00
117	14.09.2017 18:04:20,000	23,91	0,00
118	14.09.2017 18:04:30,000	23,91	0,00
119	14.09.2017 18:04:40,000	23,91	0,00
120	14.09.2017 18:04:50,000	23,94	0,00
121	14.09.2017 18:05:00,000	23,94	0,00
122	14.09.2017 18:05:10,000	23,94	0,00
123	14.09.2017 18:05:20,000	23,94	0,00
124	14.09.2017 18:05:30,000	23,94	0,00
125	14.09.2017 18:05:40,000	23,94	0,00
126	14.09.2017 18:05:50,000	23,94	0,00
127	14.09.2017 18:06:00,000	23,94	0,00
128	14.09.2017 18:06:10,000	23,94	0,00
129	14.09.2017 18:06:20,000	23,94	0,00
130	14.09.2017 18:06:30,000	23,94	0,00
131	14.09.2017 18:06:40,000	23,97	0,00
132	14.09.2017 18:06:50,000	23,97	0,00
133	14.09.2017 18:07:00,000	23,97	0,00
134	14.09.2017 18:07:10,000	23,97	0,00
135	14.09.2017 18:07:20,000	23,97	0,00
136	14.09.2017 18:07:30,000	23,97	0,00
137	14.09.2017 18:07:40,000	23,97	0,00
138	14.09.2017 18:07:50,000	23,97	0,00
139	14.09.2017 18:08:00,000	23,97	0,00
140	14.09.2017 18:08:10,000	23,97	0,00
141	14.09.2017 18:08:20,000	23,97	0,00
142	14.09.2017 18:08:30,000	23,97	0,00
143	14.09.2017 18:08:40,000	23,97	0,00
144	14.09.2017 18:08:50,000	23,97	0,00
145	14.09.2017 18:09:00,000	23,94	0,00
146	14.09.2017 18:09:10,000	23,94	0,00
147	14.09.2017 18:09:20,000	23,91	0,00
148	14.09.2017 18:09:30,000	23,91	0,00
149	14.09.2017 18:09:40,000	23,88	0,00
150	14.09.2017 18:09:50,000	23,85	0,00
151	14.09.2017 18:10:00,000	23,85	0,00
152	14.09.2017 18:10:10,000	23,82	0,00
153	14.09.2017 18:10:20,000	23,79	0,00
154	14.09.2017 18:10:30,000	23,79	0,00
155	14.09.2017 18:10:40,000	23,76	0,00
156	14.09.2017 18:10:50,000	23,73	0,00
157	14.09.2017 18:11:00,000	23,71	0,00
158	14.09.2017 18:11:10,000	23,68	0,00
159	14.09.2017 18:11:20,000	23,65	0,00
160	14.09.2017 18:11:30,000	23,59	0,00
161	14.09.2017 18:11:40,000	23,56	0,00
162	14.09.2017 18:11:50,000	23,53	0,00
163	14.09.2017 18:12:00,000	23,47	0,00
164	14.09.2017 18:12:10,000	23,45	0,00
165	14.09.2017 18:12:20,000	23,39	0,00
166	14.09.2017 18:12:30,000	23,33	0,00
167	14.09.2017 18:12:40,000	23,30	0,00
168	14.09.2017 18:12:50,000	23,27	0,00
169	14.09.2017 18:13:00,000	23,21	0,00
170	14.09.2017 18:13:10,000	23,16	0,00
171	14.09.2017 18:13:20,000	23,13	0,00
172	14.09.2017 18:13:30,000	23,07	0,00
173	14.09.2017 18:13:40,000	23,01	0,00
174	14.09.2017 18:13:50,000	22,95	0,00
175	14.09.2017 18:14:00,000	22,89	0,00
176	14.09.2017 18:14:10,000	22,84	0,00
177	14.09.2017 18:14:20,000	22,78	0,00
178	14.09.2017 18:14:30,000	22,72	0,00
179	14.09.2017 18:14:40,000	22,66	0,00
180	14.09.2017 18:14:50,000	22,60	0,00
181	14.09.2017 18:15:00,000	22,55	0,00
182	14.09.2017 18:15:10,000	22,49	0,00
183	14.09.2017 18:15:20,000	22,43	0,00
184	14.09.2017 18:15:30,000	22,37	0,00
185	14.09.2017 18:15:40,000	22,31	0,00
186	14.09.2017 18:15:50,000	22,23	0,00
187	14.09.2017 18:16:00,000	22,17	0,00
188	14.09.2017 18:16:10,000	22,11	0,00
189	14.09.2017 18:16:20,000	22,05	0,00
190	14.09.2017 18:16:30,000	21,99	0,00
191	14.09.2017 18:16:40,000	21,94	0,00
192	14.09.2017 18:16:50,000	21,85	0,00
193	14.09.2017 18:17:00,000	21,79	0,00
194	14.09.2017 18:17:10,000	21,73	0,00
195	14.09.2017 18:17:20,000	21,67	0,00
196	14.09.2017 18:17:30,000	21,62	0,00
197	14.09.2017 18:17:40,000	21,56	0,00
198	14.09.2017 18:17:50,000	21,53	0,00
199	14.09.2017 18:18:00,000	21,47	0,00
200	14.09.2017 18:18:10,000	21,41	0,00
201	14.09.2017 18:18:20,000	21,35	0,00
202	14.09.2017 18:18:30,000	21,29	0,00
203	14.09.2017 18:18:40,000	21,24	0,00
204	14.09.2017 18:18:50,000	21,18	0,00
205	14.09.2017 18:19:00,000	21,12	0,00
206	14.09.2017 18:19:10,000	21,06	0,00
207	14.09.2017 18:19:20,000	21,00	0,00
208	14.09.2017 18:19:30,000	20,94	0,00
209	14.09.2017 18:19:40,000	20,89	0,00
210	14.09.2017 18:19:50,000	20,56	0,00
211	14.09.2017 18:20:00,000	20,56	0,00
212	14.09.2017 18:20:10,000	20,48	0,00
213	14.09.2017 18:20:20,000	16,25	3,76
214	14.09.2017 18:20:30,000	13,42	3,99
215	14.09.2017 18:20:40,000	10,68	2,86
216	14.09.2017 18:20:50,000	9,03	2,86
217	14.09.2017 18:21:00,000	7,88	3,76
218	14.09.2017 18:21:10,000	7,06	5,10
219	14.09.2017 18:21:20,000	6,50	6,79
220	14.09.2017 18:21:30,000	6,07	8,56
221	14.09.2017 18:21:40,000	5,72	9,93
222	14.09.2017 18:21:50,000	5,43	11,10
223	14.09.2017 18:22:00,000	5,29	13,05
224	14.09.2017 18:22:10,000	5,18	15,02
225	14.09.2017 18:22:20,000	5,04	16,29
226	14.09.2017 18:22:30,000	4,93	17,12
227	14.09.2017 18:22:40,000	4,85	16,40
228	14.09.2017 18:22:50,000	4,78	15,45
229	14.09.2017 18:23:00,000	4,71	14,73
230	14.09.2017 18:23:10,000	4,67	13,80
231	14.09.2017 18:23:20,000	4,60	13,30
232	14.09.2017 18:23:30,000	4,60	13,30
233	14.09.2017 18:23:40,000	4,56	14,41
234	14.09.2017 18:23:50,000	4,56	15,77
235	14.09.2017 18:24:00,000	4,56	17,12
236	14.09.2017 18:24:10,000	4,64	17,40
237	14.09.2017 18:24:20,000	4,67	17,19
238	14.09.2017 18:24:30,000	4,67	16,74
239	14.09.2017 18:24:40,000	4,64	16,26
240	14.09.2017 18:24:50,000	4,60	15,79
241	14.09.2017 18:25:00,000	4,60	15,34
242	14.09.2017 18:25:10,000	4,56	15,09
243	14.09.2017 18:25:20,000	4,56	14,86
244	14.09.2017 18:25:30,000	4,53	14,61
245	14.09.2017 18:25:40,000	4,53	14,39
246	14.09.2017 18:25:50,000	4,53	15,97
247	14.09.2017 18:26:00,000	4,56	16,90
248	14.09.2017 18:26:10,000	4,64	17,85
249	14.09.2017 18:26:20,000	4,67	18,78
250	14.09.2017 18:26:30,000	4,64	19,88
251	14.09.2017 18:26:40,000	4,53	21,17
252	14.09.2017 18:26:50,000	4,45	22,26
253	14.09.2017 18:27:00,000	4,27	22,82
254	14.09.2017 18:27:10,000	3,79	23,20
255	14.09.2017 18:27:20,000	3,56	23,06
256	14.09.2017 18:27:30,000	3,56	22,61
257	14.09.2017 18:27:40,000	3,79	22,30
258	14.09.2017 18:27:50,000	3,79	22,30
259	14.09.2017 18:28:00,000	2,58	23,81
260	14.09.2017 18:28:10,000	1,85	24,48
261	14.09.2017 18:28:20,000	1,53	24,74
262	14.09.2017 18:28:30,000	1,30	24,59
263	14.09.2017 18:28:40,000	1,18	24,52
264	14.09.2017 18:28:50,000	1,30	24,82
265	14.09.2017 18:29:00,000	1,96	25,01
266	14.09.2017 18:29:10,000	3,00	25,88
267	14.09.2017 18:29:20,000	4,01	27,19
268	14.09.2017 18:29:30,000	4,31	28,51
269	14.09.2017 18:29:40,000	4,53	29,10
270	14.09.2017 18:29:50,000	4,75	29,24
271	14.09.2017 18:30:00,000	4,89	29,33
272	14.09.2017 18:30:10,000	5,18	29,96
273	14.09.2017 18:30:20,000	5,36	30,53
274	14.09.2017 18:30:30,000	5,47	31,05
275	14.09.2017 18:30:40,000	5,47	31,05
276	14.09.2017 18:30:50,000	5,54	31,09
277	14.09.2017 18:31:00,000	5,58	31,11
278	14.09.2017 18:31:10,000	5,61	31,13
279	14.09.2017 18:31:20,000	5,65	31,61
280	14.09.2017 18:31:30,000	5,68	31,41
281	14.09.2017 18:31:40,000	5,58	31,79
282	14.09.2017 18:31:50,000	5,54	32,00
283	14.09.2017 18:32:00,000	5,54	32,00
284	14.09.2017 18:32:10,000	5,50	32,20
285	14.09.2017 18:32:20,000	5,40	32,36
286	14.09.2017 18:32:30,000	5,40	32,59
287	14.09.2017 18:32:40,000	5,40	32,59
288	14.09.2017 18:32:50,000	5,36	33,02
289	14.09.2017 18:33:00,000	5,32	33,22
290	14.09.2017 18:33:10,000	5,25	33,63
291	14.09.2017 18:33:20,000	5,18	34,27
292	14.09.2017 18:33:30,000	5,11	34,67
293	14.09.2017 18:33:40,000	5,04	35,31
294	14.09.2017 18:33:50,000	4,89	35,90
295	14.09.2017 18:34:00,000	4,71	36,24
296	14.09.2017 18:34:10,000	4,45	37,21
297	14.09.2017 18:34:20,000	4,20	37,73
298	14.09.2017 18:34:30,000	4,01	38,30
299	14.09.2017 18:34:40,000	3,90	39,14
300	14.09.2017 18:34:50,000	3,79	39,97
301	14.09.2017 18:35:00,000	3,68	40,58
302	14.09.2017 18:35:10,000	3,56	41,42
303	14.09.2017 18:35:20,000	3,41	42,23
304	14.09.2017 18:35:30,000	3,23	43,25
305	14.09.2017 18:35:40,000	3,11	44,31
306	14.09.2017 18:35:50,000	3,04	45,17
307	14.09.2017 18:36:00,000	2,92	46,24
308	14.09.2017 18:36:10,000	2,85	47,10
309	14.09.2017 18:36:20,000	2,85	48,23
310	14.09.2017 18:36:30,000	2,92	49,19
311	14.09.2017 18:36:40,000	2,96	50,57
312	14.09.2017 18:36:50,000	3,00	51,51
313	14.09.2017 18:37:00,000	2,92	52,82
314	14.09.2017 18:37:10,000	2,77	53,86
315	14.09.2017 18:37:20,000	2,66	54,92
316	14.09.2017 18:37:30,000	2,62	56,03
317	14.09.2017 18:37:40,000	2,58	56,69
318	14.09.2017 18:37:50,000	2,50	57,78
319	14.09.2017 18:38:00,000	2,43	59,09
320	14.09.2017 18:38:10,000	2,43	59,78
321	14.09.2017 18:38:20,000	2,43	60,46
322	14.09.2017 18:38:30,000	2,39	61,57
323	14.09.2017 18:38:40,000	2,27	62,63
324	14.09.2017 18:38:50,000	2,20	63,49
325	14.09.2017 18:39:00,000	2,12	64,58
326	14.09.2017 18:39:10,000	2,00	65,87
327	14.09.2017 18:39:20,000	1,81	66,89
328	14.09.2017 18:39:30,000	1,69	67,95
329	14.09.2017 18:39:40,000	1,46	69,39
330	14.09.2017 18:39:50,000	1,30	70,20
331	14.09.2017 18:40:00,000	1,18	71,72
332	14.09.2017 18:40:10,000	1,10	72,81
333	14.09.2017 18:40:20,000	1,02	73,89
334	14.09.2017 18:40:30,000	1,10	75,08
335	14.09.2017 18:40:40,000	1,10	76,22
336	14.09.2017 18:40:50,000	1,10	77,35
337	14.09.2017 18:41:00,000	1,10	78,72
338	14.09.2017 18:41:10,000	1,06	79,83
339	14.09.2017 18:41:20,000	1,06	80,97
340	14.09.2017 18:41:30,000	0,98	82,28
341	14.09.2017 18:41:40,000	0,94	83,40
342	14.09.2017 18:41:50,000	0,86	84,48
343	14.09.2017 18:42:00,000	0,82	85,82
344	14.09.2017 18:42:10,000	0,82	86,73
345	14.09.2017 18:42:20,000	0,78	87,85
346	14.09.2017 18:42:30,000	0,70	88,71
347	14.09.2017 18:42:40,000	0,70	89,84
348	14.09.2017 18:42:50,000	0,70	90,76
349	14.09.2017 18:43:00,000	0,74	91,92
350	14.09.2017 18:43:10,000	0,78	92,85
351	14.09.2017 18:43:20,000	0,90	93,61
352	14.09.2017 18:43:30,000	0,98	94,57
353	14.09.2017 18:43:40,000	1,10	95,79
354	14.09.2017 18:43:50,000	1,14	96,72
355	14.09.2017 18:44:00,000	1,18	97,89
356	14.09.2017 18:44:10,000	1,26	98,62
357	14.09.2017 18:44:20,000	1,34	99,58
358	14.09.2017 18:44:30,000	1,34	100,95
359	14.09.2017 18:44:40,000	1,26	101,81
360	14.09.2017 18:44:50,000	1,06	103,28
361	14.09.2017 18:45:00,000	0,86	104,29
362	14.09.2017 18:45:10,000	0,54	105,68
363	14.09.2017 18:45:20,000	0,42	106,75
364	14.09.2017 18:45:30,000	0,22	108,21
365	14.09.2017 18:45:40,000	0,10	109,27
366	14.09.2017 18:45:50,000	-0,11	110,51
367	14.09.2017 18:46:00,000	-0,27	111,55
368	14.09.2017 18:46:10,000	-0,31	112,66
369	14.09.2017 18:46:20,000	-0,35	113,78
370	14.09.2017 18:46:30,000	-0,39	115,12
371	14.09.2017 18:46:40,000	-0,43	116,46
372	14.09.2017 18:46:50,000	-0,48	117,57
373	14.09.2017 18:47:00,000	-0,48	118,71
374	14.09.2017 18:47:10,000	-0,52	120,05
375	14.09.2017 18:47:20,000	-0,60	121,14
376	14.09.2017 18:47:30,000	-0,64	122,25
377	14.09.2017 18:47:40,000	-0,72	123,57
378	14.09.2017 18:47:50,000	-0,77	124,23
379	14.09.2017 18:48:00,000	-0,77	125,59
380	14.09.2017 18:48:10,000	-0,81	126,71
381	14.09.2017 18:48:20,000	-0,85	127,82
382	14.09.2017 18:48:30,000	-0,89	128,71
383	14.09.2017 18:48:40,000	-0,89	129,62
384	14.09.2017 18:48:50,000	-0,93	130,96
385	14.09.2017 18:49:00,000	-0,93	131,87
386	14.09.2017 18:49:10,000	-0,97	132,99
387	14.09.2017 18:49:20,000	-0,97	133,90
388	14.09.2017 18:49:30,000	-0,93	134,84
389	14.09.2017 18:49:40,000	-0,93	135,75
390	14.09.2017 18:49:50,000	-0,93	136,89
391	14.09.2017 18:50:00,000	-0,93	138,26
392	14.09.2017 18:50:10,000	-0,97	139,37
393	14.09.2017 18:50:20,000	-0,97	140,74
394	14.09.2017 18:50:30,000	-0,97	141,65
395	14.09.2017 18:50:40,000	-1,01	143,22
396	14.09.2017 18:50:50,000	-1,01	144,59
397	14.09.2017 18:51:00,000	-1,10	145,90
398	14.09.2017 18:51:10,000	-1,10	147,27
399	14.09.2017 18:51:20,000	-1,14	148,61
400	14.09.2017 18:51:30,000	-1,14	149,75
401	14.09.2017 18:51:40,000	-1,14	151,12
402	14.09.2017 18:51:50,000	-1,18	152,24
403	14.09.2017 18:52:00,000	-1,18	153,38
404	14.09.2017 18:52:10,000	-1,18	154,52
405	14.09.2017 18:52:20,000	-1,18	155,66
406	14.09.2017 18:52:30,000	-1,18	156,80
407	14.09.2017 18:52:40,000	-1,18	158,17
408	14.09.2017 18:52:50,000	-1,18	159,08
409	14.09.2017 18:53:00,000	-1,14	160,24
410	14.09.2017 18:53:10,000	-1,14	161,39
411	14.09.2017 18:53:20,000	-1,10	162,32
412	14.09.2017 18:53:30,000	-1,10	163,69
413	14.09.2017 18:53:40,000	-1,10	164,83
414	14.09.2017 18:53:50,000	-1,06	166,00
415	14.09.2017 18:54:00,000	-1,06	167,37
416	14.09.2017 18:54:10,000	-1,01	168,54
417	14.09.2017 18:54:20,000	-0,97	169,93
418	14.09.2017 18:54:30,000	-0,93	170,87
419	14.09.2017 18:54:40,000	-0,89	172,04
420	14.09.2017 18:54:50,000	-0,89	173,40
421	14.09.2017 18:55:00,000	-0,85	174,57
422	14.09.2017 18:55:10,000	-0,85	175,94
423	14.09.2017 18:55:20,000	-0,77	176,68
424	14.09.2017 18:55:30,000	-0,72	178,30
425	14.09.2017 18:55:40,000	-0,68	179,47
426	14.09.2017 18:55:50,000	-0,64	180,86
427	14.09.2017 18:56:00,000	-0,60	182,26
428	14.09.2017 18:56:10,000	-0,60	183,17
429	14.09.2017 18:56:20,000	-0,60	184,54
430	14.09.2017 18:56:30,000	-0,60	185,91
431	14.09.2017 18:56:40,000	-0,60	187,05
432	14.09.2017 18:56:50,000	-0,60	187,73
433	14.09.2017 18:57:00,000	-0,56	188,44
434	14.09.2017 18:57:10,000	-0,52	188,70
435	14.09.2017 18:57:20,000	-0,52	188,92
436	14.09.2017 18:57:30,000	-0,52	188,92
437	14.09.2017 18:57:40,000	-0,48	189,41
438	14.09.2017 18:57:50,000	-0,48	188,95
439	14.09.2017 18:58:00,000	-0,48	188,95
440	14.09.2017 18:58:10,000	-0,48	188,95
441	14.09.2017 18:58:20,000	-0,48	188,95
442	14.09.2017 18:58:30,000	-0,48	188,72
443	14.09.2017 18:58:40,000	-0,48	188,95
444	14.09.2017 18:58:50,000	-0,48	189,41
445	14.09.2017 18:59:00,000	-0,43	190,57
446	14.09.2017 18:59:10,000	-0,43	191,49
447	14.09.2017 18:59:20,000	-0,43	192,63
448	14.09.2017 18:59:30,000	-0,43	193,77
449	14.09.2017 18:59:40,000	-0,43	195,14
450	14.09.2017 18:59:50,000	-0,43	196,50
451	14.09.2017 19:00:00,000	-0,39	198,13
452	14.09.2017 19:00:10,000	-0,35	199,29
453	14.09.2017 19:00:20,000	-0,31	200,46
454	14.09.2017 19:00:30,000	-0,27	201,86
455	14.09.2017 19:00:40,000	-0,23	203,25
456	14.09.2017 19:00:50,000	-0,23	204,16
457	14.09.2017 19:01:00,000	-0,23	204,85
458	14.09.2017 19:01:10,000	-0,19	205,56
459	14.09.2017 19:01:20,000	-0,19	206,24
460	14.09.2017 19:01:30,000	-0,15	206,72
461	14.09.2017 19:01:40,000	-0,15	207,64
462	14.09.2017 19:01:50,000	-0,15	207,86
463	14.09.2017 19:02:00,000	-0,15	208,32
464	14.09.2017 19:02:10,000	-0,15	208,78
465	14.09.2017 19:02:20,000	-0,15	209,23
466	14.09.2017 19:02:30,000	-0,15	209,92
467	14.09.2017 19:02:40,000	-0,15	210,37
468	14.09.2017 19:02:50,000	-0,15	211,29
469	14.09.2017 19:03:00,000	-0,11	211,54
470	14.09.2017 19:03:10,000	-0,11	212,22
471	14.09.2017 19:03:20,000	-0,11	212,68
472	14.09.2017 19:03:30,000	-0,11	213,36
473	14.09.2017 19:03:40,000	-0,11	213,82
474	14.09.2017 19:03:50,000	-0,11	214,28
475	14.09.2017 19:04:00,000	-0,11	214,73
476	14.09.2017 19:04:10,000	-0,11	215,42
477	14.09.2017 19:04:20,000	-0,11	215,65
478	14.09.2017 19:04:30,000	-0,11	216,56
479	14.09.2017 19:04:40,000	-0,11	217,01
480	14.09.2017 19:04:50,000	-0,11	217,24
481	14.09.2017 19:05:00,000	-0,11	218,15
482	14.09.2017 19:05:10,000	-0,11	218,61
483	14.09.2017 19:05:20,000	-0,07	218,87
484	14.09.2017 19:05:30,000	-0,07	219,32
485	14.09.2017 19:05:40,000	-0,02	219,58
486	14.09.2017 19:05:50,000	-0,02	220,03
487	14.09.2017 19:06:00,000	0,02	220,29
488	14.09.2017 19:06:10,000	0,02	220,74
489	14.09.2017 19:06:20,000	0,02	220,74
490	14.09.2017 19:06:30,000	0,06	221,45
491	14.09.2017 19:06:40,000	0,06	221,68
492	14.09.2017 19:06:50,000	0,06	221,91
493	14.09.2017 19:07:00,000	0,10	222,39
494	14.09.2017 19:07:10,000	0,10	222,62
495	14.09.2017 19:07:20,000	0,10	222,85
496	14.09.2017 19:07:30,000	0,10	223,30
497	14.09.2017 19:07:40,000	0,14	223,33
498	14.09.2017 19:07:50,000	0,14	223,78
499	14.09.2017 19:08:00,000	0,14	224,24
500	14.09.2017 19:08:10,000	0,14	224,47
501	14.09.2017 19:08:20,000	0,14	224,70
502	14.09.2017 19:08:30,000	0,14	224,70
503	14.09.2017 19:08:40,000	0,14	224,92
504	14.09.2017 19:08:50,000	0,14	225,38
505	14.09.2017 19:09:00,000	0,14	225,38
506	14.09.2017 19:09:10,000	0,14	225,38
507	14.09.2017 19:09:20,000	0,14	225,84
508	14.09.2017 19:09:30,000	0,14	226,06
509	14.09.2017 19:09:40,000	0,14	226,06
510	14.09.2017 19:09:50,000	0,14	226,29
511	14.09.2017 19:10:00,000	0,14	226,52
512	14.09.2017 19:10:10,000	0,14	226,75
513	14.09.2017 19:10:20,000	0,14	226,75
514	14.09.2017 19:10:30,000	0,14	226,98
515	14.09.2017 19:10:40,000	0,14	227,20
516	14.09.2017 19:10:50,000	0,14	227,43
517	14.09.2017 19:11:00,000	0,14	227,66
518	14.09.2017 19:11:10,000	0,14	227,66
519	14.09.2017 19:11:20,000	0,14	228,12
520	14.09.2017 19:11:30,000	0,14	228,57
521	14.09.2017 19:11:40,000	0,14	228,35
522	14.09.2017 19:11:50,000	0,18	228,60
523	14.09.2017 19:12:00,000	0,18	229,06
524	14.09.2017 19:12:10,000	0,18	229,28
525	14.09.2017 19:12:20,000	0,18	229,51
526	14.09.2017 19:12:30,000	0,18	229,74
527	14.09.2017 19:12:40,000	0,18	229,74
528	14.09.2017 19:12:50,000	0,18	229,97
529	14.09.2017 19:13:00,000	0,18	229,97
530	14.09.2017 19:13:10,000	0,18	230,20
531	14.09.2017 19:13:20,000	0,18	230,42
532	14.09.2017 19:13:30,000	0,18	230,65
533	14.09.2017 19:13:40,000	0,18	230,88
534	14.09.2017 19:13:50,000	0,18	231,11
535	14.09.2017 19:14:00,000	0,18	231,34
536	14.09.2017 19:14:10,000	0,18	231,34
537	14.09.2017 19:14:20,000	0,18	231,79
538	14.09.2017 19:14:30,000	0,18	232,02
539	14.09.2017 19:14:40,000	0,18	232,25
540	14.09.2017 19:14:50,000	0,18	232,25
541	14.09.2017 19:15:00,000	0,18	232,48
542	14.09.2017 19:15:10,000	0,18	232,70
543	14.09.2017 19:15:20,000	0,18	232,93
544	14.09.2017 19:15:30,000	0,22	233,19
545	14.09.2017 19:15:40,000	0,22	233,19
546	14.09.2017 19:15:50,000	0,22	233,64
547	14.09.2017 19:16:00,000	0,22	233,64
548	14.09.2017 19:16:10,000	0,22	233,87
549	14.09.2017 19:16:20,000	0,22	233,87
550	14.09.2017 19:16:30,000	0,22	234,10
551	14.09.2017 19:16:40,000	0,22	234,33
552	14.09.2017 19:16:50,000	0,18	234,30
553	14.09.2017 19:17:00,000	0,22	234,78
554	14.09.2017 19:17:10,000	0,22	234,78
555	14.09.2017 19:17:20,000	0,22	235,24
556	14.09.2017 19:17:30,000	0,22	235,24
557	14.09.2017 19:17:40,000	0,22	235,47
558	14.09.2017 19:17:50,000	0,22	235,92
559	14.09.2017 19:18:00,000	0,22	235,92
560	14.09.2017 19:18:10,000	0,22	236,61
561	14.09.2017 19:18:20,000	0,22	236,61
562	14.09.2017 19:18:30,000	0,22	237,06
563	14.09.2017 19:18:40,000	0,22	237,29
564	14.09.2017 19:18:50,000	0,22	237,52
565	14.09.2017 19:19:00,000	0,22	237,75
566	14.09.2017 19:19:10,000	0,22	238,20
567	14.09.2017 19:19:20,000	0,22	238,43
568	14.09.2017 19:19:30,000	0,22	238,66
569	14.09.2017 19:19:40,000	0,22	238,66
570	14.09.2017 19:19:50,000	0,22	239,12
571	14.09.2017 19:20:00,000	0,22	239,34
572	14.09.2017 19:20:10,000	0,22	239,34
573	14.09.2017 19:20:20,000	0,22	239,57
574	14.09.2017 19:20:30,000	0,22	239,57
575	14.09.2017 19:20:40,000	0,22	239,80
576	14.09.2017 19:20:50,000	0,22	240,03
577	14.09.2017 19:21:00,000	0,22	240,26
578	14.09.2017 19:21:10,000	0,22	240,03
579	14.09.2017 19:21:20,000	0,22	240,03
580	14.09.2017 19:21:30,000	0,22	240,48
581	14.09.2017 19:21:40,000	0,22	240,26
582	14.09.2017 19:21:50,000	0,22	240,26
583	14.09.2017 19:22:00,000	0,22	240,26
584	14.09.2017 19:22:10,000	0,22	240,26
585	14.09.2017 19:22:20,000	0,22	240,03
586	14.09.2017 19:22:30,000	0,22	240,03
587	14.09.2017 19:22:40,000	0,22	240,26
588	14.09.2017 19:22:50,000	0,22	240,03
589	14.09.2017 19:23:00,000	0,22	240,03
590	14.09.2017 19:23:10,000	0,22	240,03
591	14.09.2017 19:23:20,000	0,22	240,26
592	14.09.2017 19:23:30,000	0,22	240,03
593	14.09.2017 19:23:40,000	0,22	239,80
594	14.09.2017 19:23:50,000	0,22	240,03
595	14.09.2017 19:24:00,000	0,22	240,03
596	14.09.2017 19:24:10,000	0,22	240,26
597	14.09.2017 19:24:20,000	0,22	240,26
598	14.09.2017 19:24:30,000	0,22	240,26
599	14.09.2017 19:24:40,000	0,22	240,26
600	14.09.2017 19:24:50,000	0,22	240,26
601	14.09.2017 19:25:00,000	0,22	240,48
602	14.09.2017 19:25:10,000	0,22	240,71
603	14.09.2017 19:25:20,000	0,22	240,71
604	14.09.2017 19:25:30,000	0,22	240,94
605	14.09.2017 19:25:40,000	0,22	240,71
606	14.09.2017 19:25:50,000	0,22	240,94
607	14.09.2017 19:26:00,000	0,22	240,94
608	14.09.2017 19:26:10,000	0,22	240,94
609	14.09.2017 19:26:20,000	0,22	241,17
610	14.09.2017 19:26:30,000	0,22	241,17
611	14.09.2017 19:26:40,000	0,22	241,40
612	14.09.2017 19:26:50,000	0,22	241,85
613	14.09.2017 19:27:00,000	0,22	241,85
614	14.09.2017 19:27:10,000	0,22	242,31
615	14.09.2017 19:27:20,000	0,22	242,31
616	14.09.2017 19:27:30,000	0,26	242,56
617	14.09.2017 19:27:40,000	0,26	243,02
618	14.09.2017 19:27:50,000	0,26	243,25
619	14.09.2017 19:28:00,000	0,26	243,47
620	14.09.2017 19:28:10,000	0,26	243,93
621	14.09.2017 19:28:20,000	0,26	244,39
622	14.09.2017 19:28:30,000	0,26	244,61
623	14.09.2017 19:28:40,000	0,26	245,07
624	14.09.2017 19:28:50,000	0,26	245,07
625	14.09.2017 19:29:00,000	0,30	245,55
626	14.09.2017 19:29:10,000	0,30	245,78
627	14.09.2017 19:29:20,000	0,26	245,98
628	14.09.2017 19:29:30,000	0,30	246,46
629	14.09.2017 19:29:40,000	0,30	246,46
630	14.09.2017 19:29:50,000	0,30	246,69
631	14.09.2017 19:30:00,000	0,30	246,92
632	14.09.2017 19:30:10,000	0,30	246,92
633	14.09.2017 19:30:20,000	0,30	246,69
634	14.09.2017 19:30:30,000	0,30	246,46
635	14.09.2017 19:30:40,000	0,30	246,24
636	14.09.2017 19:30:50,000	0,30	245,78
637	14.09.2017 19:31:00,000	0,30	245,10
638	14.09.2017 19:31:10,000	0,26	243,70
639	14.09.2017 19:31:20,000	0,26	242,79
640	14.09.2017 19:31:30,000	0,26	241,65
641	14.09.2017 19:31:40,000	0,26	240,28
642	14.09.2017 19:31:50,000	0,26	238,91
643	14.09.2017 19:32:00,000	0,26	237,77
644	14.09.2017 19:32:10,000	0,22	236,38
645	14.09.2017 19:32:20,000	0,22	235,01
646	14.09.2017 19:32:30,000	0,22	233,41
647	14.09.2017 19:32:40,000	0,22	232,27
648	14.09.2017 19:32:50,000	0,18	230,88
649	14.09.2017 19:33:00,000	0,18	229,06
650	14.09.2017 19:33:10,000	0,18	227,91
651	14.09.2017 19:33:20,000	0,14	226,29
652	14.09.2017 19:33:30,000	0,14	224,92
653	14.09.2017 19:33:40,000	0,14	223,56
654	14.09.2017 19:33:50,000	0,14	222,41
655	14.09.2017 19:34:00,000	0,10	221,02
656	14.09.2017 19:34:10,000	0,10	219,65
657	14.09.2017 19:34:20,000	0,06	218,26
658	14.09.2017 19:34:30,000	0,06	217,12
659	14.09.2017 19:34:40,000	0,02	215,72
660	14.09.2017 19:34:50,000	0,02	214,58
661	14.09.2017 19:35:00,000	0,02	212,53
662	14.09.2017 19:35:10,000	-0,02	210,45
663	14.09.2017 19:35:20,000	-0,07	208,37
664	14.09.2017 19:35:30,000	-0,11	205,84
665	14.09.2017 19:35:40,000	-0,11	204,01
666	14.09.2017 19:35:50,000	-0,11	201,96
667	14.09.2017 19:36:00,000	-0,11	199,91
668	14.09.2017 19:36:10,000	-0,15	198,28
669	14.09.2017 19:36:20,000	-0,23	196,86
670	14.09.2017 19:36:30,000	-0,31	195,44
671	14.09.2017 19:36:40,000	-0,35	193,82
672	14.09.2017 19:36:50,000	-0,43	192,40
673	14.09.2017 19:37:00,000	-0,48	191,23
674	14.09.2017 19:37:10,000	-0,48	189,63
675	14.09.2017 19:37:20,000	-0,56	188,21
676	14.09.2017 19:37:30,000	-0,56	186,39
677	14.09.2017 19:37:40,000	-0,56	184,79
678	14.09.2017 19:37:50,000	-0,60	182,94
679	14.09.2017 19:38:00,000	-0,64	181,09
680	14.09.2017 19:38:10,000	-0,68	179,01
681	14.09.2017 19:38:20,000	-0,72	177,16
682	14.09.2017 19:38:30,000	-0,85	175,48
683	14.09.2017 19:38:40,000	-0,93	173,38
684	14.09.2017 19:38:50,000	-1,01	171,27
685	14.09.2017 19:39:00,000	-1,01	169,45
686	14.09.2017 19:39:10,000	-1,10	167,34
687	14.09.2017 19:39:20,000	-1,10	165,29
688	14.09.2017 19:39:30,000	-1,14	162,75
689	14.09.2017 19:39:40,000	-1,14	160,47
690	14.09.2017 19:39:50,000	-1,14	158,19
691	14.09.2017 19:40:00,000	-1,18	155,88
692	14.09.2017 19:40:10,000	-1,18	153,15
693	14.09.2017 19:40:20,000	-1,18	150,87
694	14.09.2017 19:40:30,000	-1,18	148,36
695	14.09.2017 19:40:40,000	-1,14	146,10
696	14.09.2017 19:40:50,000	-1,18	143,57
697	14.09.2017 19:41:00,000	-1,18	140,83
698	14.09.2017 19:41:10,000	-1,18	138,55
699	14.09.2017 19:41:20,000	-1,10	136,33
700	14.09.2017 19:41:30,000	-1,01	134,10
701	14.09.2017 19:41:40,000	-0,97	131,85
702	14.09.2017 19:41:50,000	-0,93	129,82
703	14.09.2017 19:42:00,000	-0,93	128,00
704	14.09.2017 19:42:10,000	-0,93	125,94
705	14.09.2017 19:42:20,000	-0,85	123,95
706	14.09.2017 19:42:30,000	-0,81	122,15
707	14.09.2017 19:42:40,000	-0,77	119,90
708	14.09.2017 19:42:50,000	-0,72	118,33
709	14.09.2017 19:43:00,000	-0,64	116,56
710	14.09.2017 19:43:10,000	-0,60	114,99
711	14.09.2017 19:43:20,000	-0,56	113,42
712	14.09.2017 19:43:30,000	-0,60	111,80
713	14.09.2017 19:43:40,000	-0,48	110,05
714	14.09.2017 19:43:50,000	-0,60	108,84
715	14.09.2017 19:44:00,000	-0,60	107,01
716	14.09.2017 19:44:10,000	-0,27	105,40
717	14.09.2017 19:44:20,000	-0,07	103,71
718	14.09.2017 19:44:30,000	0,06	101,96
719	14.09.2017 19:44:40,000	0,14	100,42
720	14.09.2017 19:44:50,000	0,22	98,65
721	14.09.2017 19:45:00,000	0,30	96,88
722	14.09.2017 19:45:10,000	0,38	94,88
723	14.09.2017 19:45:20,000	0,42	93,31
724	14.09.2017 19:45:30,000	0,50	91,54
725	14.09.2017 19:45:40,000	0,54	89,74
726	14.09.2017 19:45:50,000	0,62	88,20
727	14.09.2017 19:46:00,000	0,62	86,15
728	14.09.2017 19:46:10,000	0,66	84,59
729	14.09.2017 19:46:20,000	0,70	83,25
730	14.09.2017 19:46:30,000	0,74	81,91
731	14.09.2017 19:46:40,000	0,82	80,36
732	14.09.2017 19:46:50,000	0,86	78,80
733	14.09.2017 19:47:00,000	0,94	77,48
734	14.09.2017 19:47:10,000	1,02	76,39
735	14.09.2017 19:47:20,000	1,06	75,05
736	14.09.2017 19:47:30,000	1,10	74,40
737	14.09.2017 19:47:40,000	1,10	73,26
738	14.09.2017 19:47:50,000	1,14	72,38
739	14.09.2017 19:48:00,000	1,18	71,26
740	14.09.2017 19:48:10,000	1,30	70,43
741	14.09.2017 19:48:20,000	1,42	69,82
742	14.09.2017 19:48:30,000	1,50	68,73
743	14.09.2017 19:48:40,000	1,57	68,10
744	14.09.2017 19:48:50,000	1,61	66,99
745	14.09.2017 19:49:00,000	1,65	66,56
746	14.09.2017 19:49:10,000	1,69	65,68
747	14.09.2017 19:49:20,000	1,73	64,79
748	14.09.2017 19:49:30,000	1,81	63,93
749	14.09.2017 19:49:40,000	1,96	63,12
750	14.09.2017 19:49:50,000	2,08	62,51
751	14.09.2017 19:50:00,000	2,08	61,83
752	14.09.2017 19:50:10,000	2,04	61,35
753	14.09.2017 19:50:20,000	2,00	60,42
754	14.09.2017 19:50:30,000	2,04	59,53
755	14.09.2017 19:50:40,000	2,08	58,65
756	14.09.2017 19:50:50,000	2,08	57,74
757	14.09.2017 19:51:00,000	2,08	56,83
758	14.09.2017 19:51:10,000	2,27	55,59
759	14.09.2017 19:51:20,000	2,43	54,78
760	14.09.2017 19:51:30,000	2,50	53,92
761	14.09.2017 19:51:40,000	2,62	52,86
762	14.09.2017 19:51:50,000	2,73	52,02
763	14.09.2017 19:52:00,000	2,77	51,36
764	14.09.2017 19:52:10,000	2,81	50,70
765	14.09.2017 19:52:20,000	2,81	49,80
766	14.09.2017 19:52:30,000	2,85	49,37
767	14.09.2017 19:52:40,000	2,85	48,01
768	14.09.2017 19:52:50,000	2,85	47,32
769	14.09.2017 19:53:00,000	2,89	46,67
770	14.09.2017 19:53:10,000	2,89	45,99
771	14.09.2017 19:53:20,000	2,89	45,08
772	14.09.2017 19:53:30,000	2,92	44,20
773	14.09.2017 19:53:40,000	3,04	43,59
774	14.09.2017 19:53:50,000	3,11	43,18
775	14.09.2017 19:54:00,000	3,15	42,75
776	14.09.2017 19:54:10,000	3,15	42,07
777	14.09.2017 19:54:20,000	3,19	41,64
778	14.09.2017 19:54:30,000	3,19	41,41
779	14.09.2017 19:54:40,000	3,19	40,73
780	14.09.2017 19:54:50,000	3,19	40,50
781	14.09.2017 19:55:00,000	3,23	40,07
782	14.09.2017 19:55:10,000	3,23	39,39
783	14.09.2017 19:55:20,000	3,26	39,42
784	14.09.2017 19:55:30,000	3,26	38,74
785	14.09.2017 19:55:40,000	3,30	38,53
786	14.09.2017 19:55:50,000	3,30	38,08
787	14.09.2017 19:56:00,000	3,30	37,85
788	14.09.2017 19:56:10,000	3,34	37,42
789	14.09.2017 19:56:20,000	3,34	37,20
790	14.09.2017 19:56:30,000	3,38	36,99
791	14.09.2017 19:56:40,000	3,38	36,54
792	14.09.2017 19:56:50,000	3,38	36,31
793	14.09.2017 19:57:00,000	3,38	36,09
794	14.09.2017 19:57:10,000	3,38	35,63
795	14.09.2017 19:57:20,000	3,41	35,66
796	14.09.2017 19:57:30,000	3,41	34,98
797	14.09.2017 19:57:40,000	3,45	34,77
798	14.09.2017 19:57:50,000	3,49	34,34
799	14.09.2017 19:58:00,000	3,56	34,16
800	14.09.2017 19:58:10,000	3,64	33,53
801	14.09.2017 19:58:20,000	3,75	32,92
802	14.09.2017 19:58:30,000	4,05	31,97
803	14.09.2017 19:58:40,000	4,42	31,52
804	14.09.2017 19:58:50,000	4,82	30,87
805	14.09.2017 19:59:00,000	5,18	29,96
806	14.09.2017 19:59:10,000	5,43	29,21
807	14.09.2017 19:59:20,000	5,36	29,39
808	14.09.2017 19:59:30,000	5,18	28,60
809	14.09.2017 19:59:40,000	5,40	27,60
810	14.09.2017 19:59:50,000	5,50	27,44
811	14.09.2017 20:00:00,000	5,54	27,01
812	14.09.2017 20:00:10,000	5,68	26,42
813	14.09.2017 20:00:20,000	5,68	25,74
814	14.09.2017 20:00:30,000	5,68	25,06
815	14.09.2017 20:00:40,000	5,65	24,59
816	14.09.2017 20:00:50,000	5,65	23,91
817	14.09.2017 20:01:00,000	5,54	23,62
818	14.09.2017 20:01:10,000	5,47	23,57
819	14.09.2017 20:01:20,000	5,54	23,39
820	14.09.2017 20:01:30,000	5,54	23,62
821	14.09.2017 20:01:40,000	5,54	23,84
822	14.09.2017 20:01:50,000	5,61	24,11
823	14.09.2017 20:02:00,000	5,54	24,52
824	14.09.2017 20:02:10,000	5,54	24,75
825	14.09.2017 20:02:20,000	5,58	25,22
826	14.09.2017 20:02:30,000	5,58	25,45
827	14.09.2017 20:02:40,000	5,43	26,49
828	14.09.2017 20:02:50,000	5,43	26,95
829	14.09.2017 20:03:00,000	5,25	27,29
830	14.09.2017 20:03:10,000	5,25	27,29
831	14.09.2017 20:03:20,000	5,29	27,31
832	14.09.2017 20:03:30,000	5,36	26,45
833	14.09.2017 20:03:40,000	5,40	26,02
834	14.09.2017 20:03:50,000	5,40	25,11
835	14.09.2017 20:04:00,000	5,40	24,43
836	14.09.2017 20:04:10,000	5,40	23,53
837	14.09.2017 20:04:20,000	5,40	23,30
838	14.09.2017 20:04:30,000	4,71	23,33
839	14.09.2017 20:04:40,000	3,94	22,62
840	14.09.2017 20:04:50,000	3,86	21,21
841	14.09.2017 20:05:00,000	3,97	20,15
842	14.09.2017 20:05:10,000	4,05	19,52
843	14.09.2017 20:05:20,000	4,12	18,43
844	14.09.2017 20:05:30,000	4,27	17,85
845	14.09.2017 20:05:40,000	4,31	17,19
846	14.09.2017 20:05:50,000	4,31	16,74
847	14.09.2017 20:06:00,000	4,34	16,76
848	14.09.2017 20:06:10,000	4,34	16,76
849	14.09.2017 20:06:20,000	4,34	17,21
850	14.09.2017 20:06:30,000	4,34	17,44
851	14.09.2017 20:06:40,000	4,34	17,44
852	14.09.2017 20:06:50,000	4,34	17,67
853	14.09.2017 20:07:00,000	4,31	17,42
854	14.09.2017 20:07:10,000	4,27	17,39
855	14.09.2017 20:07:20,000	4,27	17,17
856	14.09.2017 20:07:30,000	4,31	16,96
857	14.09.2017 20:07:40,000	4,34	16,99
858	14.09.2017 20:07:50,000	4,34	16,99
859	14.09.2017 20:08:00,000	4,34	16,99
860	14.09.2017 20:08:10,000	4,34	16,76
861	14.09.2017 20:08:20,000	4,34	16,53
862	14.09.2017 20:08:30,000	4,34	16,53
863	14.09.2017 20:08:40,000	4,31	16,51
864	14.09.2017 20:08:50,000	4,31	16,51
865	14.09.2017 20:09:00,000	4,31	16,29
866	14.09.2017 20:09:10,000	4,34	15,86
867	14.09.2017 20:09:20,000	4,34	14,95
868	14.09.2017 20:09:30,000	4,34	14,50
869	14.09.2017 20:09:40,000	4,34	14,05
870	14.09.2017 20:09:50,000	4,38	13,39
871	14.09.2017 20:10:00,000	4,38	12,71
872	14.09.2017 20:10:10,000	4,38	12,03
873	14.09.2017 20:10:20,000	4,38	11,58
874	14.09.2017 20:10:30,000	4,42	11,15
875	14.09.2017 20:10:40,000	4,42	10,93
876	14.09.2017 20:10:50,000	4,45	10,27
877	14.09.2017 20:11:00,000	4,45	9,82
878	14.09.2017 20:11:10,000	4,45	9,37
879	14.09.2017 20:11:20,000	4,45	9,14
880	14.09.2017 20:11:30,000	4,45	9,37
881	14.09.2017 20:11:40,000	4,45	10,04
882	14.09.2017 20:11:50,000	4,45	10,04
883	14.09.2017 20:12:00,000	4,45	10,27
884	14.09.2017 20:12:10,000	4,45	10,50
885	14.09.2017 20:12:20,000	4,45	10,27
886	14.09.2017 20:12:30,000	4,45	9,82
887	14.09.2017 20:12:40,000	4,42	9,57
888	14.09.2017 20:12:50,000	4,42	9,34
889	14.09.2017 20:13:00,000	4,45	9,14
890	14.09.2017 20:13:10,000	4,45	8,91
891	14.09.2017 20:13:20,000	4,45	9,14
892	14.09.2017 20:13:30,000	4,42	8,89
893	14.09.2017 20:13:40,000	4,42	9,12
894	14.09.2017 20:13:50,000	4,42	9,12
895	14.09.2017 20:14:00,000	4,42	9,34
896	14.09.2017 20:14:10,000	4,38	9,55
897	14.09.2017 20:14:20,000	4,38	9,32
898	14.09.2017 20:14:30,000	4,34	9,75
899	14.09.2017 20:14:40,000	4,31	9,73
900	14.09.2017 20:14:50,000	4,31	9,73
901	14.09.2017 20:15:00,000	4,27	9,93
902	14.09.2017 20:15:10,000	4,27	9,93
903	14.09.2017 20:15:20,000	4,27	9,93
904	14.09.2017 20:15:30,000	4,23	10,13
905	14.09.2017 20:15:40,000	4,20	10,11
906	14.09.2017 20:15:50,000	4,20	10,34
907	14.09.2017 20:16:00,000	4,16	10,77
908	14.09.2017 20:16:10,000	4,16	10,54
909	14.09.2017 20:16:20,000	4,16	10,54
910	14.09.2017 20:16:30,000	4,12	10,52
911	14.09.2017 20:16:40,000	4,12	10,52
912	14.09.2017 20:16:50,000	4,12	10,74
913	14.09.2017 20:17:00,000	4,12	10,52
914	14.09.2017 20:17:10,000	4,12	10,52
915	14.09.2017 20:17:20,000	4,12	10,52
916	14.09.2017 20:17:30,000	4,12	10,52
917	14.09.2017 20:17:40,000	4,12	10,52
918	14.09.2017 20:17:50,000	4,12	10,74
919	14.09.2017 20:18:00,000	4,12	10,74
920	14.09.2017 20:18:10,000	4,12	10,74
921	14.09.2017 20:18:20,000	4,08	10,49
922	14.09.2017 20:18:30,000	4,08	9,36
923	14.09.2017 20:18:40,000	4,05	8,21
924	14.09.2017 20:18:50,000	4,01	7,28
925	14.09.2017 20:19:00,000	3,94	6,79
926	14.09.2017 20:19:10,000	3,90	6,76
927	14.09.2017 20:19:20,000	3,94	7,01
928	14.09.2017 20:19:30,000	3,94	7,46
929	14.09.2017 20:19:40,000	3,94	7,69
930	14.09.2017 20:19:50,000	3,94	7,69
931	14.09.2017 20:20:00,000	3,94	7,01
932	14.09.2017 20:20:10,000	3,90	6,76
933	14.09.2017 20:20:20,000	3,90	5,86
934	14.09.2017 20:20:30,000	3,90	5,63
935	14.09.2017 20:20:40,000	3,83	4,68
936	14.09.2017 20:20:50,000	3,83	3,76
937	14.09.2017 20:21:00,000	3,75	3,31
938	14.09.2017 20:21:10,000	3,75	2,41
939	14.09.2017 20:21:20,000	3,68	1,51
940	14.09.2017 20:21:30,000	3,60	0,60
941	14.09.2017 20:21:40,000	3,53	0,00
942	14.09.2017 20:21:50,000	3,49	0,00
943	14.09.2017 20:22:00,000	3,49	0,00
944	14.09.2017 20:22:10,000	3,41	0,00
945	14.09.2017 20:22:20,000	3,41	0,00
946	14.09.2017 20:22:30,000	3,34	0,00
947	14.09.2017 20:22:40,000	3,30	0,00
948	14.09.2017 20:22:50,000	3,26	0,00
949	14.09.2017 20:23:00,000	3,26	0,00
950	14.09.2017 20:23:10,000	3,23	0,00
951	14.09.2017 20:23:20,000	3,15	0,00
952	14.09.2017 20:23:30,000	3,11	0,00
953	14.09.2017 20:23:40,000	3,11	0,00
954	14.09.2017 20:23:50,000	3,11	0,00
955	14.09.2017 20:24:00,000	3,11	0,00
956	14.09.2017 20:24:10,000	3,11	0,00
957	14.09.2017 20:24:20,000	3,11	0,00
958	14.09.2017 20:24:30,000	3,15	0,00
959	14.09.2017 20:24:40,000	3,11	0,00
960	14.09.2017 20:24:50,000	3,15	0,00
961	14.09.2017 20:25:00,000	3,15	0,00
962	14.09.2017 20:25:10,000	3,15	0,00
963	14.09.2017 20:25:20,000	3,15	0,00
964	14.09.2017 20:25:30,000	3,15	0,00
965	14.09.2017 20:25:40,000	3,15	0,00
966	14.09.2017 20:25:50,000	3,15	0,00
967	14.09.2017 20:26:00,000	3,15	0,00
968	14.09.2017 20:26:10,000	3,15	0,00
969	14.09.2017 20:26:20,000	3,15	0,00
970	14.09.2017 20:26:30,000	3,15	0,00
971	14.09.2017 20:26:40,000	3,15	0,00
972	14.09.2017 20:26:50,000	3,15	0,00
973	14.09.2017 20:27:00,000	3,15	0,00
974	14.09.2017 20:27:10,000	3,15	0,00
975	14.09.2017 20:27:20,000	3,15	0,00
976	14.09.2017 20:27:30,000	3,15	0,00
977	14.09.2017 20:27:40,000	3,19	0,00
978	14.09.2017 20:27:50,000	3,19	0,00
979	14.09.2017 20:28:00,000	3,19	0,00
980	14.09.2017 20:28:10,000	3,19	0,00
981	14.09.2017 20:28:20,000	3,19	0,00
982	14.09.2017 20:28:30,000	3,19	0,00
983	14.09.2017 20:28:40,000	3,19	0,00
984	14.09.2017 20:28:50,000	3,19	0,00
985	14.09.2017 20:29:00,000	3,19	0,00
986	14.09.2017 20:29:10,000	3,19	0,00
987	14.09.2017 20:29:20,000	3,23	0,00
988	14.09.2017 20:29:30,000	3,23	0,00
989	14.09.2017 20:29:40,000	3,23	0,00
990	14.09.2017 20:29:50,000	3,23	0,00
991	14.09.2017 20:30:00,000	3,23	0,00
992	14.09.2017 20:30:10,000	3,23	0,00
993	14.09.2017 20:30:20,000	3,26	0,00
994	14.09.2017 20:30:30,000	3,26	0,00
995	14.09.2017 20:30:40,000	3,26	0,00
996	14.09.2017 20:30:50,000	3,26	0,00
997	14.09.2017 20:31:00,000	3,26	0,00
998	14.09.2017 20:31:10,000	3,30	0,00
999	14.09.2017 20:31:20,000	3,30	0,00
1000	14.09.2017 20:31:30,000	3,30	0,00
1001	14.09.2017 20:31:40,000	3,30	0,00
1002	14.09.2017 20:31:50,000	3,34	0,00
1003	14.09.2017 20:32:00,000	3,34	0,00
1004	14.09.2017 20:32:10,000	3,34	0,00
1005	14.09.2017 20:32:20,000	3,34	0,00
1006	14.09.2017 20:32:30,000	3,34	0,00
1007	14.09.2017 20:32:40,000	3,38	0,00
1008	14.09.2017 20:32:50,000	3,38	0,00
1009	14.09.2017 20:33:00,000	3,38	0,00
1010	14.09.2017 20:33:10,000	3,41	0,00
1011	14.09.2017 20:33:20,000	3,41	0,00
1012	14.09.2017 20:33:30,000	3,41	0,00
1013	14.09.2017 20:33:40,000	3,41	0,00
1014	14.09.2017 20:33:50,000	3,45	0,00
1015	14.09.2017 20:34:00,000	3,45	0,00
1016	14.09.2017 20:34:10,000	3,45	0,00
1017	14.09.2017 20:34:20,000	3,49	0,00
1018	14.09.2017 20:34:30,000	3,49	0,00
1019	14.09.2017 20:34:40,000	3,49	0,00
1020	14.09.2017 20:34:50,000	3,53	0,00
1021	14.09.2017 20:35:00,000	3,53	0,00
1022	14.09.2017 20:35:10,000	3,53	0,00
1023	14.09.2017 20:35:20,000	3,56	0,00
1024	14.09.2017 20:35:30,000	3,56	0,00
1025	14.09.2017 20:35:40,000	3,56	0,00
1026	14.09.2017 20:35:50,000	3,60	0,00
1027	14.09.2017 20:36:00,000	3,60	0,00
1028	14.09.2017 20:36:10,000	3,60	0,00
1029	14.09.2017 20:36:20,000	3,64	0,00
1030	14.09.2017 20:36:30,000	3,64	0,00
1031	14.09.2017 20:36:40,000	3,64	0,00
1032	14.09.2017 20:36:50,000	3,64	0,00
1033	14.09.2017 20:37:00,000	3,68	0,00
1034	14.09.2017 20:37:10,000	3,68	0,00
1035	14.09.2017 20:37:20,000	3,68	0,00
1036	14.09.2017 20:37:30,000	3,71	0,00
1037	14.09.2017 20:37:40,000	3,71	0,00
1038	14.09.2017 20:37:50,000	3,71	0,00
1039	14.09.2017 20:38:00,000	3,75	0,00
1040	14.09.2017 20:38:10,000	3,75	0,00
1041	14.09.2017 20:38:20,000	3,75	0,00
1042	14.09.2017 20:38:30,000	3,79	0,00
1043	14.09.2017 20:38:40,000	3,79	0,00
1044	14.09.2017 20:38:50,000	3,83	0,00
1045	14.09.2017 20:39:00,000	3,83	0,00
1046	14.09.2017 20:39:10,000	3,83	0,00
1047	14.09.2017 20:39:20,000	3,86	0,00
1048	14.09.2017 20:39:30,000	3,86	0,00
1049	14.09.2017 20:39:40,000	3,86	0,00
1050	14.09.2017 20:39:50,000	3,90	0,00
1051	14.09.2017 20:40:00,000	3,90	0,00
1052	14.09.2017 20:40:10,000	3,94	0,00
1053	14.09.2017 20:40:20,000	3,94	0,00
1054	14.09.2017 20:40:30,000	3,94	0,00
1055	14.09.2017 20:40:40,000	3,97	0,00
1056	14.09.2017 20:40:50,000	3,97	0,00
1057	14.09.2017 20:41:00,000	4,01	0,00
1058	14.09.2017 20:41:10,000	4,01	0,00
1059	14.09.2017 20:41:20,000	4,01	0,00
1060	14.09.2017 20:41:30,000	4,01	0,00
1061	14.09.2017 20:41:40,000	4,05	0,00
1062	14.09.2017 20:41:50,000	4,05	0,00
1063	14.09.2017 20:42:00,000	4,08	0,00
1064	14.09.2017 20:42:10,000	4,08	0,00
1065	14.09.2017 20:42:20,000	4,08	0,00
1066	14.09.2017 20:42:30,000	4,12	0,00
1067	14.09.2017 20:42:40,000	4,12	0,00
1068	14.09.2017 20:42:50,000	4,12	0,00
1069	14.09.2017 20:43:00,000	4,16	0,00
1070	14.09.2017 20:43:10,000	4,16	0,00
1071	14.09.2017 20:43:20,000	4,16	0,00
1072	14.09.2017 20:43:30,000	4,20	0,00
1073	14.09.2017 20:43:40,000	4,20	0,00
1074	14.09.2017 20:43:50,000	4,20	0,00
1075	14.09.2017 20:44:00,000	4,23	0,00
1076	14.09.2017 20:44:10,000	4,23	0,00
1077	14.09.2017 20:44:20,000	4,23	0,00
1078	14.09.2017 20:44:30,000	4,23	0,00
1079	14.09.2017 20:44:40,000	4,27	0,00
1080	14.09.2017 20:44:50,000	4,27	0,00
1081	14.09.2017 20:45:00,000	4,27	0,00
1082	14.09.2017 20:45:10,000	4,27	0,00
1083	14.09.2017 20:45:20,000	4,31	0,00
1084	14.09.2017 20:45:30,000	4,31	0,00
1085	14.09.2017 20:45:40,000	4,31	0,00
1086	14.09.2017 20:45:50,000	4,34	0,00
1087	14.09.2017 20:46:00,000	4,34	0,00
1088	14.09.2017 20:46:10,000	4,34	0,00
1089	14.09.2017 20:46:20,000	4,34	0,00
1090	14.09.2017 20:46:30,000	4,38	0,00
1091	14.09.2017 20:46:40,000	4,38	0,00
1092	14.09.2017 20:46:50,000	4,38	0,00
1093	14.09.2017 20:47:00,000	4,42	0,00
1094	14.09.2017 20:47:10,000	4,42	0,00
1095	14.09.2017 20:47:20,000	4,42	0,00
1096	14.09.2017 20:47:30,000	4,42	0,00
1097	14.09.2017 20:47:40,000	4,45	0,00
1098	14.09.2017 20:47:50,000	4,45	0,00
1099	14.09.2017 20:48:00,000	4,45	0,00
1100	14.09.2017 20:48:10,000	4,45	0,00
1101	14.09.2017 20:48:20,000	4,49	0,00
1102	14.09.2017 20:48:30,000	4,49	0,00
1103	14.09.2017 20:48:40,000	4,49	0,00
1104	14.09.2017 20:48:50,000	4,49	0,00
1105	14.09.2017 20:49:00,000	4,53	0,00
1106	14.09.2017 20:49:10,000	4,53	0,00
1107	14.09.2017 20:49:20,000	4,53	0,00
1108	14.09.2017 20:49:30,000	4,53	0,00
1109	14.09.2017 20:49:40,000	4,53	0,00
1110	14.09.2017 20:49:50,000	4,56	0,00
1111	14.09.2017 20:50:00,000	4,56	0,00
1112	14.09.2017 20:50:10,000	4,56	0,00
1113	14.09.2017 20:50:20,000	4,60	0,00
1114	14.09.2017 20:50:30,000	4,60	0,00
1115	14.09.2017 20:50:40,000	4,60	0,00
1116	14.09.2017 20:50:50,000	4,60	0,00
1117	14.09.2017 20:51:00,000	4,64	0,00
1118	14.09.2017 20:51:10,000	4,64	0,00
1119	14.09.2017 20:51:20,000	4,64	0,00
1120	14.09.2017 20:51:30,000	4,64	0,00
1121	14.09.2017 20:51:40,000	4,64	0,00
1122	14.09.2017 20:51:50,000	4,67	0,00
1123	14.09.2017 20:52:00,000	4,67	0,00
1124	14.09.2017 20:52:10,000	4,67	0,00
1125	14.09.2017 20:52:20,000	4,67	0,00
1126	14.09.2017 20:52:30,000	4,67	0,00
1127	14.09.2017 20:52:40,000	4,71	0,00
1128	14.09.2017 20:52:50,000	4,71	0,00
1129	14.09.2017 20:53:00,000	4,71	0,00
1130	14.09.2017 20:53:10,000	4,71	0,00
1131	14.09.2017 20:53:20,000	4,75	0,00
1132	14.09.2017 20:53:30,000	4,75	0,00
1133	14.09.2017 20:53:40,000	4,75	0,00
1134	14.09.2017 20:53:50,000	4,75	0,00
1135	14.09.2017 20:54:00,000	4,75	0,00
1136	14.09.2017 20:54:10,000	4,78	0,00
1137	14.09.2017 20:54:20,000	4,78	0,00
1138	14.09.2017 20:54:30,000	4,78	0,00
1139	14.09.2017 20:54:40,000	4,78	0,00
1140	14.09.2017 20:54:50,000	4,78	0,00
1141	14.09.2017 20:55:00,000	4,82	0,00
1142	14.09.2017 20:55:10,000	4,82	0,00
1143	14.09.2017 20:55:20,000	4,82	0,00
1144	14.09.2017 20:55:30,000	4,82	0,00
1145	14.09.2017 20:55:40,000	4,82	0,00
1146	14.09.2017 20:55:50,000	4,82	0,00
1147	14.09.2017 20:56:00,000	4,82	0,00
1148	14.09.2017 20:56:10,000	4,85	0,00
1149	14.09.2017 20:56:20,000	4,85	0,00
1150	14.09.2017 20:56:30,000	4,85	0,00
1151	14.09.2017 20:56:40,000	4,85	0,00
1152	14.09.2017 20:56:50,000	4,85	0,00
1153	14.09.2017 20:57:00,000	4,85	0,00
1154	14.09.2017 20:57:10,000	4,85	0,00
1155	14.09.2017 20:57:20,000	4,89	0,00
1156	14.09.2017 20:57:30,000	4,89	0,00
1157	14.09.2017 20:57:40,000	4,89	0,00
1158	14.09.2017 20:57:50,000	4,89	0,00
1159	14.09.2017 20:58:00,000	4,89	0,00
1160	14.09.2017 20:58:10,000	4,93	0,00
1161	14.09.2017 20:58:20,000	4,93	0,00
1162	14.09.2017 20:58:30,000	4,93	0,00
1163	14.09.2017 20:58:40,000	4,93	0,00
1164	14.09.2017 20:58:50,000	4,93	0,00
1165	14.09.2017 20:59:00,000	4,96	0,00
1166	14.09.2017 20:59:10,000	4,96	0,00
1167	14.09.2017 20:59:20,000	4,96	0,00
1168	14.09.2017 20:59:30,000	4,96	0,00
1169	14.09.2017 20:59:40,000	4,96	0,00
1170	14.09.2017 20:59:50,000	4,96	0,00
1171	14.09.2017 21:00:00,000	5,00	0,00
1172	14.09.2017 21:00:10,000	5,00	0,00
1173	14.09.2017 21:00:20,000	5,00	0,00
1174	14.09.2017 21:00:30,000	5,00	0,00
1175	14.09.2017 21:00:40,000	5,00	0,00
1176	14.09.2017 21:00:50,000	5,04	0,00
1177	14.09.2017 21:01:00,000	5,04	0,00
1178	14.09.2017 21:01:10,000	5,04	0,00
1179	14.09.2017 21:01:20,000	5,04	0,00
1180	14.09.2017 21:01:30,000	5,04	0,00
1181	14.09.2017 21:01:40,000	5,07	0,00
1182	14.09.2017 21:01:50,000	5,07	0,00
1183	14.09.2017 21:02:00,000	5,07	0,00
1184	14.09.2017 21:02:10,000	5,07	0,00
1185	14.09.2017 21:02:20,000	5,07	0,00
1186	14.09.2017 21:02:30,000	5,11	0,00
1187	14.09.2017 21:02:40,000	5,11	0,00
1188	14.09.2017 21:02:50,000	5,11	0,00
1189	14.09.2017 21:03:00,000	5,11	0,00
1190	14.09.2017 21:03:10,000	5,11	0,00
1191	14.09.2017 21:03:20,000	5,14	0,00
1192	14.09.2017 21:03:30,000	5,14	0,00
1193	14.09.2017 21:03:40,000	5,14	0,00
1194	14.09.2017 21:03:50,000	5,14	0,00
1195	14.09.2017 21:04:00,000	5,18	0,00
1196	14.09.2017 21:04:10,000	5,18	0,00
1197	14.09.2017 21:04:20,000	5,18	0,00
1198	14.09.2017 21:04:30,000	5,18	0,00
1199	14.09.2017 21:04:40,000	5,18	0,00
1200	14.09.2017 21:04:50,000	5,22	0,00
1201	14.09.2017 21:05:00,000	5,22	0,00
1202	14.09.2017 21:05:10,000	5,22	0,00
1203	14.09.2017 21:05:20,000	5,22	0,00
1204	14.09.2017 21:05:30,000	5,22	0,00
1205	14.09.2017 21:05:40,000	5,25	0,00
1206	14.09.2017 21:05:50,000	5,25	0,00
1207	14.09.2017 21:06:00,000	5,25	0,00
1208	14.09.2017 21:06:10,000	5,25	0,00
1209	14.09.2017 21:06:20,000	5,25	0,00
1210	14.09.2017 21:06:30,000	5,25	0,00
1211	14.09.2017 21:06:40,000	5,29	0,00
1212	14.09.2017 21:06:50,000	5,29	0,00
1213	14.09.2017 21:07:00,000	5,29	0,00
1214	14.09.2017 21:07:10,000	5,29	0,00
1215	14.09.2017 21:07:20,000	5,32	0,00
1216	14.09.2017 21:07:30,000	5,32	0,00
1217	14.09.2017 21:07:40,000	5,32	0,00
1218	14.09.2017 21:07:50,000	5,32	0,00
1219	14.09.2017 21:08:00,000	5,32	0,00
1220	14.09.2017 21:08:10,000	5,36	0,00
1221	14.09.2017 21:08:20,000	5,36	0,00
1222	14.09.2017 21:08:30,000	5,36	0,00
1223	14.09.2017 21:08:40,000	5,36	0,00
1224	14.09.2017 21:08:50,000	5,36	0,00
1225	14.09.2017 21:09:00,000	5,40	0,00
1226	14.09.2017 21:09:10,000	5,40	0,00
1227	14.09.2017 21:09:20,000	5,40	0,00
1228	14.09.2017 21:09:30,000	5,40	0,00
1229	14.09.2017 21:09:40,000	5,40	0,00
1230	14.09.2017 21:09:50,000	5,40	0,00
1231	14.09.2017 21:10:00,000	5,40	0,00
1232	14.09.2017 21:10:10,000	5,43	0,00
1233	14.09.2017 21:10:20,000	5,43	0,00
1234	14.09.2017 21:10:30,000	5,43	0,00
1235	14.09.2017 21:10:40,000	5,43	0,00
1236	14.09.2017 21:10:50,000	5,43	0,00
1237	14.09.2017 21:11:00,000	5,43	0,00
1238	14.09.2017 21:11:10,000	5,43	0,00
1239	14.09.2017 21:11:20,000	5,47	0,00
1240	14.09.2017 21:11:30,000	5,47	0,00
1241	14.09.2017 21:11:40,000	5,47	0,00
1242	14.09.2017 21:11:50,000	5,47	0,00
1243	14.09.2017 21:12:00,000	5,47	0,00
1244	14.09.2017 21:12:10,000	5,47	0,00
1245	14.09.2017 21:12:20,000	5,47	0,00
1246	14.09.2017 21:12:30,000	5,47	0,00
1247	14.09.2017 21:12:40,000	5,50	0,00
1248	14.09.2017 21:12:50,000	5,50	0,00
1249	14.09.2017 21:13:00,000	5,50	0,00
1250	14.09.2017 21:13:10,000	5,50	0,00
1251	14.09.2017 21:13:20,000	5,50	0,00
1252	14.09.2017 21:13:30,000	5,50	0,00
1253	14.09.2017 21:13:40,000	5,50	0,00
1254	14.09.2017 21:13:50,000	5,50	0,00
1255	14.09.2017 21:14:00,000	5,54	0,00
1256	14.09.2017 21:14:10,000	5,54	0,00
1257	14.09.2017 21:14:20,000	5,54	0,00
1258	14.09.2017 21:14:30,000	5,54	0,00
1259	14.09.2017 21:14:40,000	5,54	0,00
1260	14.09.2017 21:14:50,000	5,54	0,00
1261	14.09.2017 21:15:00,000	5,54	0,00
1262	14.09.2017 21:15:10,000	5,54	0,00
1263	14.09.2017 21:15:20,000	5,54	0,00
1264	14.09.2017 21:15:30,000	5,54	0,00
1265	14.09.2017 21:15:40,000	5,54	0,00
1266	14.09.2017 21:15:50,000	5,54	0,00
1267	14.09.2017 21:16:00,000	5,54	0,00
1268	14.09.2017 21:16:10,000	5,54	0,00
1269	14.09.2017 21:16:20,000	5,58	0,00
1270	14.09.2017 21:16:30,000	5,58	0,00
1271	14.09.2017 21:16:40,000	5,58	0,00
1272	14.09.2017 21:16:50,000	5,58	0,00
1273	14.09.2017 21:17:00,000	5,58	0,00
1274	14.09.2017 21:17:10,000	5,58	0,00
1275	14.09.2017 21:17:20,000	5,58	0,00
1276	14.09.2017 21:17:30,000	5,58	0,00
1277	14.09.2017 21:17:40,000	5,58	0,00
1278	14.09.2017 21:17:50,000	5,58	0,00
1279	14.09.2017 21:18:00,000	5,58	0,00
1280	14.09.2017 21:18:10,000	5,58	0,00
1281	14.09.2017 21:18:20,000	5,58	0,00
1282	14.09.2017 21:18:30,000	5,61	0,00
1283	14.09.2017 21:18:40,000	5,61	0,00
1284	14.09.2017 21:18:50,000	5,61	0,00
1285	14.09.2017 21:19:00,000	5,61	0,00
1286	14.09.2017 21:19:10,000	5,61	0,00
1287	14.09.2017 21:19:20,000	5,61	0,00
1288	14.09.2017 21:19:30,000	5,61	0,00
1289	14.09.2017 21:19:40,000	5,61	0,00
1290	14.09.2017 21:19:50,000	5,61	0,00
1291	14.09.2017 21:20:00,000	5,61	0,00
1292	14.09.2017 21:20:10,000	5,61	0,00
1293	14.09.2017 21:20:20,000	5,61	0,00
1294	14.09.2017 21:20:30,000	5,61	0,00
1295	14.09.2017 21:20:40,000	5,61	0,00
1296	14.09.2017 21:20:50,000	5,61	0,00
1297	14.09.2017 21:21:00,000	5,61	0,00
1298	14.09.2017 21:21:10,000	5,61	0,00
1299	14.09.2017 21:21:20,000	5,61	0,00
1300	14.09.2017 21:21:30,000	5,61	0,00
1301	14.09.2017 21:21:40,000	5,61	0,00
1302	14.09.2017 21:21:50,000	5,61	0,00
1303	14.09.2017 21:22:00,000	5,61	0,00
1304	14.09.2017 21:22:10,000	5,61	0,00
1305	14.09.2017 21:22:20,000	5,61	0,00
1306	14.09.2017 21:22:30,000	5,61	0,00
1307	14.09.2017 21:22:40,000	5,61	0,00
1308	14.09.2017 21:22:50,000	5,61	0,00
1309	14.09.2017 21:23:00,000	5,65	0,00
1310	14.09.2017 21:23:10,000	5,61	0,00
1311	14.09.2017 21:23:20,000	5,65	0,00
1312	14.09.2017 21:23:30,000	5,65	0,00
1313	14.09.2017 21:23:40,000	5,65	0,00
1314	14.09.2017 21:23:50,000	5,65	0,00
1315	14.09.2017 21:24:00,000	5,61	0,00
1316	14.09.2017 21:24:10,000	5,61	0,00
1317	14.09.2017 21:24:20,000	5,65	0,00
1318	14.09.2017 21:24:30,000	5,61	0,00
1319	14.09.2017 21:24:40,000	5,65	0,00
1320	14.09.2017 21:24:50,000	5,61	0,00
1321	14.09.2017 21:25:00,000	5,61	0,00
1322	14.09.2017 21:25:10,000	5,61	0,00
1323	14.09.2017 21:25:20,000	5,61	0,00
1324	14.09.2017 21:25:30,000	5,61	0,00
1325	14.09.2017 21:25:40,000	5,61	0,00
1326	14.09.2017 21:25:50,000	5,61	0,00
1327	14.09.2017 21:26:00,000	5,61	0,00
1328	14.09.2017 21:26:10,000	5,61	0,00
1329	14.09.2017 21:26:20,000	5,61	0,00
1330	14.09.2017 21:26:30,000	5,61	0,00
1331	14.09.2017 21:26:40,000	5,61	0,00
1332	14.09.2017 21:26:50,000	5,61	0,00
1333	14.09.2017 21:27:00,000	5,61	0,00
1334	14.09.2017 21:27:10,000	5,61	0,00
1335	14.09.2017 21:27:20,000	5,61	0,00
1336	14.09.2017 21:27:30,000	5,61	0,00
1337	14.09.2017 21:27:40,000	5,61	0,00
1338	14.09.2017 21:27:50,000	5,61	0,00
1339	14.09.2017 21:28:00,000	5,61	0,00
1340	14.09.2017 21:28:10,000	5,61	0,00
1341	14.09.2017 21:28:20,000	5,61	0,00
1342	14.09.2017 21:28:30,000	5,61	0,00
1343	14.09.2017 21:28:40,000	5,61	0,00
1344	14.09.2017 21:28:50,000	5,61	0,00
1345	14.09.2017 21:29:00,000	5,61	0,00
1346	14.09.2017 21:29:10,000	5,61	0,00
1347	14.09.2017 21:29:20,000	5,61	0,00
1348	14.09.2017 21:29:30,000	5,61	0,00
1349	14.09.2017 21:29:40,000	5,58	0,00
1350	14.09.2017 21:29:50,000	5,58	0,00
1351	14.09.2017 21:30:00,000	5,58	0,00
1352	14.09.2017 21:30:10,000	5,58	0,00
1353	14.09.2017 21:30:20,000	5,58	0,00
1354	14.09.2017 21:30:30,000	5,58	0,00
1355	14.09.2017 21:30:40,000	5,58	0,00
1356	14.09.2017 21:30:50,000	5,58	0,00
1357	14.09.2017 21:31:00,000	5,58	0,00
1358	14.09.2017 21:31:10,000	5,58	0,00
1359	14.09.2017 21:31:20,000	5,58	0,00
1360	14.09.2017 21:31:30,000	5,58	0,00
1361	14.09.2017 21:31:40,000	5,58	0,00
1362	14.09.2017 21:31:50,000	5,58	0,00
1363	14.09.2017 21:32:00,000	5,58	0,00
1364	14.09.2017 21:32:10,000	5,58	0,00
1365	14.09.2017 21:32:20,000	5,58	0,00
1366	14.09.2017 21:32:30,000	5,58	0,00
1367	14.09.2017 21:32:40,000	5,58	0,00
1368	14.09.2017 21:32:50,000	5,58	0,00
1369	14.09.2017 21:33:00,000	5,58	0,00
1370	14.09.2017 21:33:10,000	5,58	0,00
1371	14.09.2017 21:33:20,000	5,58	0,00
1372	14.09.2017 21:33:30,000	5,54	0,00
1373	14.09.2017 21:33:40,000	5,58	0,00
1374	14.09.2017 21:33:50,000	5,58	0,00
1375	14.09.2017 21:34:00,000	5,54	0,00
1376	14.09.2017 21:34:10,000	5,54	0,00
1377	14.09.2017 21:34:20,000	5,54	0,00
1378	14.09.2017 21:34:30,000	5,54	0,00
1379	14.09.2017 21:34:40,000	5,54	0,00
1380	14.09.2017 21:34:50,000	5,54	0,00
1381	14.09.2017 21:35:00,000	5,54	0,00
1382	14.09.2017 21:35:10,000	5,54	0,00
1383	14.09.2017 21:35:20,000	5,54	0,00
1384	14.09.2017 21:35:30,000	5,54	0,00
1385	14.09.2017 21:35:40,000	5,54	0,00
1386	14.09.2017 21:35:50,000	5,54	0,00
1387	14.09.2017 21:36:00,000	5,54	0,00
1388	14.09.2017 21:36:10,000	5,54	0,00
1389	14.09.2017 21:36:20,000	5,54	0,00
1390	14.09.2017 21:36:30,000	5,54	0,00
1391	14.09.2017 21:36:40,000	5,54	0,00
1392	14.09.2017 21:36:50,000	5,54	0,00
1393	14.09.2017 21:37:00,000	5,54	0,00
1394	14.09.2017 21:37:10,000	5,54	0,00
1395	14.09.2017 21:37:20,000	5,54	0,00
1396	14.09.2017 21:37:30,000	5,54	0,00
1397	14.09.2017 21:37:40,000	5,54	0,00
1398	14.09.2017 21:37:50,000	5,54	0,00
1399	14.09.2017 21:38:00,000	5,54	0,00
1400	14.09.2017 21:38:10,000	5,54	0,00
1401	14.09.2017 21:38:20,000	5,54	0,00
1402	14.09.2017 21:38:30,000	5,50	0,00
1403	14.09.2017 21:38:40,000	5,54	0,00
1404	14.09.2017 21:38:50,000	5,50	0,00
1405	14.09.2017 21:39:00,000	5,50	0,00
1406	14.09.2017 21:39:10,000	5,50	0,00
1407	14.09.2017 21:39:20,000	5,50	0,00
1408	14.09.2017 21:39:30,000	5,50	0,00
1409	14.09.2017 21:39:40,000	5,50	0,00
1410	14.09.2017 21:39:50,000	5,50	0,00
1411	14.09.2017 21:40:00,000	5,50	0,00
1412	14.09.2017 21:40:10,000	5,50	0,00
1413	14.09.2017 21:40:20,000	5,50	0,00
1414	14.09.2017 21:40:30,000	5,50	0,00
1415	14.09.2017 21:40:40,000	5,50	0,00
1416	14.09.2017 21:40:50,000	5,50	0,00
1417	14.09.2017 21:41:00,000	5,50	0,00
1418	14.09.2017 21:41:10,000	5,50	0,00
1419	14.09.2017 21:41:20,000	5,50	0,00
1420	14.09.2017 21:41:30,000	5,50	0,00
1421	14.09.2017 21:41:40,000	5,50	0,00
1422	14.09.2017 21:41:50,000	5,50	0,00
1423	14.09.2017 21:42:00,000	5,50	0,00
1424	14.09.2017 21:42:10,000	5,50	0,00
1425	14.09.2017 21:42:20,000	5,50	0,00
1426	14.09.2017 21:42:30,000	5,50	0,00
1427	14.09.2017 21:42:40,000	5,50	0,00
1428	14.09.2017 21:42:50,000	5,50	0,00
1429	14.09.2017 21:43:00,000	5,50	0,00
1430	14.09.2017 21:43:10,000	5,50	0,00
1431	14.09.2017 21:43:20,000	5,47	0,00
1432	14.09.2017 21:43:30,000	5,47	0,00
1433	14.09.2017 21:43:40,000	5,47	0,00
1434	14.09.2017 21:43:50,000	5,47	0,00
1435	14.09.2017 21:44:00,000	5,47	0,00
1436	14.09.2017 21:44:10,000	5,47	0,00
1437	14.09.2017 21:44:20,000	5,47	0,00
1438	14.09.2017 21:44:30,000	5,47	0,00
1439	14.09.2017 21:44:40,000	5,47	0,00
1440	14.09.2017 21:44:50,000	5,47	0,00
1441	14.09.2017 21:45:00,000	5,47	0,00
1442	14.09.2017 21:45:10,000	5,47	0,00
1443	14.09.2017 21:45:20,000	5,47	0,00
1444	14.09.2017 21:45:30,000	5,47	0,00
1445	14.09.2017 21:45:40,000	5,47	0,00
1446	14.09.2017 21:45:50,000	5,47	0,00
1447	14.09.2017 21:46:00,000	5,47	0,00
1448	14.09.2017 21:46:10,000	5,47	0,00
1449	14.09.2017 21:46:20,000	5,47	0,00
1450	14.09.2017 21:46:30,000	5,47	0,00
1451	14.09.2017 21:46:40,000	5,47	0,00
1452	14.09.2017 21:46:50,000	5,47	0,00
1453	14.09.2017 21:47:00,000	5,47	0,00
1454	14.09.2017 21:47:10,000	5,47	0,00
1455	14.09.2017 21:47:20,000	5,47	0,00
1456	14.09.2017 21:47:30,000	5,47	0,00
1457	14.09.2017 21:47:40,000	5,47	0,00
1458	14.09.2017 21:47:50,000	5,47	0,00
1459	14.09.2017 21:48:00,000	5,47	0,00
1460	14.09.2017 21:48:10,000	5,47	0,00
1461	14.09.2017 21:48:20,000	5,47	0,00
1462	14.09.2017 21:48:30,000	5,47	0,00
1463	14.09.2017 21:48:40,000	5,47	0,00
1464	14.09.2017 21:48:50,000	5,47	0,00
1465	14.09.2017 21:49:00,000	5,47	0,00
1466	14.09.2017 21:49:10,000	5,47	0,00
1467	14.09.2017 21:49:20,000	5,50	0,00
1468	14.09.2017 21:49:30,000	5,47	0,00
1469	14.09.2017 21:49:40,000	5,50	0,00
1470	14.09.2017 21:49:50,000	5,50	0,00
1471	14.09.2017 21:50:00,000	5,50	0,00
1472	14.09.2017 21:50:10,000	5,50	0,00
1473	14.09.2017 21:50:20,000	5,50	0,00
1474	14.09.2017 21:50:30,000	5,50	0,00
1475	14.09.2017 21:50:40,000	5,50	0,00
1476	14.09.2017 21:50:50,000	5,50	0,00
1477	14.09.2017 21:51:00,000	5,50	0,00
1478	14.09.2017 21:51:10,000	5,50	0,00
1479	14.09.2017 21:51:20,000	5,50	0,00
1480	14.09.2017 21:51:30,000	5,50	0,00
1481	14.09.2017 21:51:40,000	5,50	0,00
1482	14.09.2017 21:51:50,000	5,50	0,00
1483	14.09.2017 21:52:00,000	5,50	0,00
1484	14.09.2017 21:52:10,000	5,50	0,00
1485	14.09.2017 21:52:20,000	5,50	0,00
1486	14.09.2017 21:52:30,000	5,50	0,00
1487	14.09.2017 21:52:40,000	5,50	0,00
1488	14.09.2017 21:52:50,000	5,50	0,00
1489	14.09.2017 21:53:00,000	5,50	0,00
1490	14.09.2017 21:53:10,000	5,50	0,00
1491	14.09.2017 21:53:20,000	5,50	0,00
1492	14.09.2017 21:53:30,000	5,50	0,00
1493	14.09.2017 21:53:40,000	5,50	0,00
1494	14.09.2017 21:53:50,000	5,54	0,00
1495	14.09.2017 21:54:00,000	5,54	0,00
1496	14.09.2017 21:54:10,000	5,54	0,00
1497	14.09.2017 21:54:20,000	5,54	0,00
1498	14.09.2017 21:54:30,000	5,54	0,00
1499	14.09.2017 21:54:40,000	5,54	0,00
1500	14.09.2017 21:54:50,000	5,54	0,00
1501	14.09.2017 21:55:00,000	5,54	0,00
1502	14.09.2017 21:55:10,000	5,54	0,00
1503	14.09.2017 21:55:20,000	5,54	0,00
1504	14.09.2017 21:55:30,000	5,54	0,00
1505	14.09.2017 21:55:40,000	5,54	0,00
1506	14.09.2017 21:55:50,000	5,54	0,00
1507	14.09.2017 21:56:00,000	5,54	0,00
1508	14.09.2017 21:56:10,000	5,54	0,00
1509	14.09.2017 21:56:20,000	5,54	0,00
1510	14.09.2017 21:56:30,000	5,54	0,00
1511	14.09.2017 21:56:40,000	5,54	0,00
1512	14.09.2017 21:56:50,000	5,54	0,00
1513	14.09.2017 21:57:00,000	5,54	0,00
1514	14.09.2017 21:57:10,000	5,54	0,00
1515	14.09.2017 21:57:20,000	5,54	0,00
1516	14.09.2017 21:57:30,000	5,54	0,00
1517	14.09.2017 21:57:40,000	5,54	0,00
1518	14.09.2017 21:57:50,000	5,54	0,00
1519	14.09.2017 21:58:00,000	5,54	0,00
1520	14.09.2017 21:58:10,000	5,54	0,00
1521	14.09.2017 21:58:20,000	5,54	0,00
1522	14.09.2017 21:58:30,000	5,58	0,00
1523	14.09.2017 21:58:40,000	5,54	0,00
1524	14.09.2017 21:58:50,000	5,58	0,00
1525	14.09.2017 21:59:00,000	5,58	0,00
1526	14.09.2017 21:59:10,000	5,58	0,00
1527	14.09.2017 21:59:20,000	5,58	0,00
1528	14.09.2017 21:59:30,000	5,58	0,00
1529	14.09.2017 21:59:40,000	5,58	0,00
1530	14.09.2017 21:59:50,000	5,58	0,00
1531	14.09.2017 22:00:00,000	5,58	0,00
1532	14.09.2017 22:00:10,000	5,58	0,00
1533	14.09.2017 22:00:20,000	5,58	0,00
1534	14.09.2017 22:00:30,000	5,58	0,00
1535	14.09.2017 22:00:40,000	5,58	0,00
1536	14.09.2017 22:00:50,000	5,58	0,00
1537	14.09.2017 22:01:00,000	5,58	0,00
1538	14.09.2017 22:01:10,000	5,58	0,00
1539	14.09.2017 22:01:20,000	5,58	0,00
1540	14.09.2017 22:01:30,000	5,58	0,00
1541	14.09.2017 22:01:40,000	5,58	0,00
1542	14.09.2017 22:01:50,000	5,58	0,00
1543	14.09.2017 22:02:00,000	5,58	0,00
1544	14.09.2017 22:02:10,000	5,58	0,00
1545	14.09.2017 22:02:20,000	5,61	0,00
1546	14.09.2017 22:02:30,000	5,61	0,00
1547	14.09.2017 22:02:40,000	5,61	0,00
1548	14.09.2017 22:02:50,000	5,61	0,00
1549	14.09.2017 22:03:00,000	5,61	0,00
1550	14.09.2017 22:03:10,000	5,61	0,00
1551	14.09.2017 22:03:20,000	5,61	0,00
1552	14.09.2017 22:03:30,000	5,61	0,00
1553	14.09.2017 22:03:40,000	5,61	0,00
1554	14.09.2017 22:03:50,000	5,61	0,00
1555	14.09.2017 22:04:00,000	5,61	0,00
1556	14.09.2017 22:04:10,000	5,61	0,00
1557	14.09.2017 22:04:20,000	5,61	0,00
1558	14.09.2017 22:04:30,000	5,61	0,00
1559	14.09.2017 22:04:40,000	5,61	0,00
1560	14.09.2017 22:04:50,000	5,61	0,00
1561	14.09.2017 22:05:00,000	5,61	0,00
1562	14.09.2017 22:05:10,000	5,65	0,00
1563	14.09.2017 22:05:20,000	5,65	0,00
1564	14.09.2017 22:05:30,000	5,65	0,00
1565	14.09.2017 22:05:40,000	5,65	0,00
1566	14.09.2017 22:05:50,000	5,65	0,00
1567	14.09.2017 22:06:00,000	5,65	0,00
1568	14.09.2017 22:06:10,000	5,65	0,00
1569	14.09.2017 22:06:20,000	5,65	0,00
1570	14.09.2017 22:06:30,000	5,65	0,00
1571	14.09.2017 22:06:40,000	5,65	0,00
1572	14.09.2017 22:06:50,000	5,65	0,00
1573	14.09.2017 22:07:00,000	5,68	0,00
1574	14.09.2017 22:07:10,000	5,68	0,00
1575	14.09.2017 22:07:20,000	5,68	0,00
1576	14.09.2017 22:07:30,000	5,68	0,00
1577	14.09.2017 22:07:40,000	5,68	0,00
1578	14.09.2017 22:07:50,000	5,68	0,00
1579	14.09.2017 22:08:00,000	5,68	0,00
1580	14.09.2017 22:08:10,000	5,68	0,00
1581	14.09.2017 22:08:20,000	5,68	0,00
1582	14.09.2017 22:08:30,000	5,68	0,00
1583	14.09.2017 22:08:40,000	5,68	0,00
1584	14.09.2017 22:08:50,000	5,68	0,00
1585	14.09.2017 22:09:00,000	5,72	0,00
1586	14.09.2017 22:09:10,000	5,72	0,00
1587	14.09.2017 22:09:20,000	5,72	0,00
1588	14.09.2017 22:09:30,000	5,72	0,00
1589	14.09.2017 22:09:40,000	5,72	0,00
1590	14.09.2017 22:09:50,000	5,72	0,00
1591	14.09.2017 22:10:00,000	5,72	0,00
1592	14.09.2017 22:10:10,000	5,72	0,00
1593	14.09.2017 22:10:20,000	5,72	0,00
1594	14.09.2017 22:10:30,000	5,75	0,00
1595	14.09.2017 22:10:40,000	5,75	0,00
1596	14.09.2017 22:10:50,000	5,75	0,00
1597	14.09.2017 22:11:00,000	5,75	0,00
1598	14.09.2017 22:11:10,000	5,75	0,00
1599	14.09.2017 22:11:20,000	5,75	0,00
1600	14.09.2017 22:11:30,000	5,75	0,00
1601	14.09.2017 22:11:40,000	5,75	0,00
1602	14.09.2017 22:11:50,000	5,75	0,00
1603	14.09.2017 22:12:00,000	5,75	0,00
1604	14.09.2017 22:12:10,000	5,79	0,00
1605	14.09.2017 22:12:20,000	5,79	0,00
1606	14.09.2017 22:12:30,000	5,79	0,00
1607	14.09.2017 22:12:40,000	5,79	0,00
1608	14.09.2017 22:12:50,000	5,79	0,00
1609	14.09.2017 22:13:00,000	5,79	0,00
1610	14.09.2017 22:13:10,000	5,79	0,00
1611	14.09.2017 22:13:20,000	5,79	0,00
1612	14.09.2017 22:13:30,000	5,83	0,00
1613	14.09.2017 22:13:40,000	5,83	0,00
1614	14.09.2017 22:13:50,000	5,83	0,00
1615	14.09.2017 22:14:00,000	5,83	0,00
1616	14.09.2017 22:14:10,000	5,83	0,00
1617	14.09.2017 22:14:20,000	5,83	0,00
1618	14.09.2017 22:14:30,000	5,83	0,00
1619	14.09.2017 22:14:40,000	5,83	0,00
1620	14.09.2017 22:14:50,000	5,83	0,00
1621	14.09.2017 22:15:00,000	5,86	0,00
1622	14.09.2017 22:15:10,000	5,86	0,00
1623	14.09.2017 22:15:20,000	5,86	0,00
1624	14.09.2017 22:15:30,000	5,86	0,00
1625	14.09.2017 22:15:40,000	5,86	0,00
1626	14.09.2017 22:15:50,000	5,86	0,00
1627	14.09.2017 22:16:00,000	5,86	0,00
1628	14.09.2017 22:16:10,000	5,86	0,00
1629	14.09.2017 22:16:20,000	5,90	0,00
1630	14.09.2017 22:16:30,000	5,90	0,00
1631	14.09.2017 22:16:40,000	5,90	0,00
1632	14.09.2017 22:16:50,000	5,90	0,00
1633	14.09.2017 22:17:00,000	5,90	0,00
1634	14.09.2017 22:17:10,000	5,90	0,00
1635	14.09.2017 22:17:20,000	5,90	0,00
1636	14.09.2017 22:17:30,000	5,90	0,00
1637	14.09.2017 22:17:40,000	5,90	0,00
1638	14.09.2017 22:17:50,000	5,93	0,00
1639	14.09.2017 22:18:00,000	5,93	0,00
1640	14.09.2017 22:18:10,000	5,93	0,00
1641	14.09.2017 22:18:20,000	5,93	0,00
1642	14.09.2017 22:18:30,000	5,93	0,00
1643	14.09.2017 22:18:40,000	5,93	0,00
1644	14.09.2017 22:18:50,000	5,93	0,00
1645	14.09.2017 22:19:00,000	5,93	0,00
1646	14.09.2017 22:19:10,000	5,97	0,00
1647	14.09.2017 22:19:20,000	5,97	0,00
1648	14.09.2017 22:19:30,000	5,97	0,00
1649	14.09.2017 22:19:40,000	5,97	0,00
1650	14.09.2017 22:19:50,000	5,97	0,00
1651	14.09.2017 22:20:00,000	5,97	0,00
1652	14.09.2017 22:20:10,000	5,97	0,00
1653	14.09.2017 22:20:20,000	5,97	0,00
1654	14.09.2017 22:20:30,000	5,97	0,00
1655	14.09.2017 22:20:40,000	5,97	0,00
1656	14.09.2017 22:20:50,000	6,00	0,00
1657	14.09.2017 22:21:00,000	6,00	0,00
1658	14.09.2017 22:21:10,000	6,00	0,00
1659	14.09.2017 22:21:20,000	6,00	0,00
1660	14.09.2017 22:21:30,000	6,00	0,00
1661	14.09.2017 22:21:40,000	6,00	0,00
1662	14.09.2017 22:21:50,000	6,00	0,00
1663	14.09.2017 22:22:00,000	6,00	0,00
1664	14.09.2017 22:22:10,000	6,00	0,00
1665	14.09.2017 22:22:20,000	6,00	0,00
1666	14.09.2017 22:22:30,000	6,04	0,00
1667	14.09.2017 22:22:40,000	6,04	0,00
1668	14.09.2017 22:22:50,000	6,04	0,00
1669	14.09.2017 22:23:00,000	6,04	0,00
1670	14.09.2017 22:23:10,000	6,04	0,00
1671	14.09.2017 22:23:20,000	6,04	0,00
1672	14.09.2017 22:23:30,000	6,04	0,00
1673	14.09.2017 22:23:40,000	6,04	0,00
1674	14.09.2017 22:23:50,000	6,04	0,00
1675	14.09.2017 22:24:00,000	6,04	0,00
1676	14.09.2017 22:24:10,000	6,04	0,00
1677	14.09.2017 22:24:20,000	6,04	0,00
1678	14.09.2017 22:24:30,000	6,04	0,00
1679	14.09.2017 22:24:40,000	6,07	0,00
1680	14.09.2017 22:24:50,000	6,07	0,00
1681	14.09.2017 22:25:00,000	6,07	0,00
1682	14.09.2017 22:25:10,000	6,07	0,00
1683	14.09.2017 22:25:20,000	6,07	0,00
1684	14.09.2017 22:25:30,000	6,07	0,00
1685	14.09.2017 22:25:40,000	6,07	0,00
1686	14.09.2017 22:25:50,000	6,07	0,00
1687	14.09.2017 22:26:00,000	6,07	0,00
1688	14.09.2017 22:26:10,000	6,07	0,00
1689	14.09.2017 22:26:20,000	6,07	0,00
1690	14.09.2017 22:26:30,000	6,07	0,00
1691	14.09.2017 22:26:40,000	6,07	0,00
1692	14.09.2017 22:26:50,000	6,07	0,00
1693	14.09.2017 22:27:00,000	6,11	0,00
1694	14.09.2017 22:27:10,000	6,11	0,00
1695	14.09.2017 22:27:20,000	6,11	0,00
1696	14.09.2017 22:27:30,000	6,11	0,00
1697	14.09.2017 22:27:40,000	6,11	0,00
1698	14.09.2017 22:27:50,000	6,11	0,00
1699	14.09.2017 22:28:00,000	6,11	0,00
1700	14.09.2017 22:28:10,000	6,11	0,00
1701	14.09.2017 22:28:20,000	6,11	0,00
1702	14.09.2017 22:28:30,000	6,11	0,00
1703	14.09.2017 22:28:40,000	6,11	0,00
1704	14.09.2017 22:28:50,000	6,11	0,00
1705	14.09.2017 22:29:00,000	6,11	0,00
1706	14.09.2017 22:29:10,000	6,11	0,00
1707	14.09.2017 22:29:20,000	6,11	0,00
1708	14.09.2017 22:29:30,000	6,11	0,00
1709	14.09.2017 22:29:40,000	6,11	0,00
1710	14.09.2017 22:29:50,000	6,11	0,00
1711	14.09.2017 22:30:00,000	6,11	0,00
1712	14.09.2017 22:30:10,000	6,11	0,00
1713	14.09.2017 22:30:20,000	6,11	0,00
1714	14.09.2017 22:30:30,000	6,11	0,00
1715	14.09.2017 22:30:40,000	6,11	0,00
1716	14.09.2017 22:30:50,000	6,11	0,00
1717	14.09.2017 22:31:00,000	6,15	0,00
1718	14.09.2017 22:31:10,000	6,15	0,00
1719	14.09.2017 22:31:20,000	6,15	0,00
1720	14.09.2017 22:31:30,000	6,15	0,00
1721	14.09.2017 22:31:40,000	6,15	0,00
1722	14.09.2017 22:31:50,000	6,15	0,00
1723	14.09.2017 22:32:00,000	6,15	0,00
1724	14.09.2017 22:32:10,000	6,15	0,00
1725	14.09.2017 22:32:20,000	6,15	0,00
1726	14.09.2017 22:32:30,000	6,15	0,00
1727	14.09.2017 22:32:40,000	6,15	0,00
1728	14.09.2017 22:32:50,000	6,15	0,00
1729	14.09.2017 22:33:00,000	6,15	0,00
1730	14.09.2017 22:33:10,000	6,15	0,00
1731	14.09.2017 22:33:20,000	6,15	0,00
1732	14.09.2017 22:33:30,000	6,15	0,00
1733	14.09.2017 22:33:40,000	6,15	0,00
1734	14.09.2017 22:33:50,000	6,18	0,00
1735	14.09.2017 22:34:00,000	6,18	0,00
1736	14.09.2017 22:34:10,000	6,18	0,00
1737	14.09.2017 22:34:20,000	6,18	0,00
1738	14.09.2017 22:34:30,000	6,18	0,00
1739	14.09.2017 22:34:40,000	6,18	0,00
1740	14.09.2017 22:34:50,000	6,18	0,00
1741	14.09.2017 22:35:00,000	6,18	0,00
1742	14.09.2017 22:35:10,000	6,18	0,00
1743	14.09.2017 22:35:20,000	6,18	0,00
1744	14.09.2017 22:35:30,000	6,18	0,00
1745	14.09.2017 22:35:40,000	6,18	0,00
1746	14.09.2017 22:35:50,000	6,18	0,00
1747	14.09.2017 22:36:00,000	6,18	0,00
1748	14.09.2017 22:36:10,000	6,18	0,00
1749	14.09.2017 22:36:20,000	6,18	0,00
1750	14.09.2017 22:36:30,000	6,18	0,00
1751	14.09.2017 22:36:40,000	6,18	0,00
1752	14.09.2017 22:36:50,000	6,18	0,00
1753	14.09.2017 22:37:00,000	6,18	0,00
1754	14.09.2017 22:37:10,000	6,18	0,00
1755	14.09.2017 22:37:20,000	6,18	0,00
1756	14.09.2017 22:37:30,000	6,18	0,00
1757	14.09.2017 22:37:40,000	6,18	0,00
1758	14.09.2017 22:37:50,000	6,18	0,00
1759	14.09.2017 22:38:00,000	6,18	0,00
1760	14.09.2017 22:38:10,000	6,18	0,00
1761	14.09.2017 22:38:20,000	6,22	0,00
1762	14.09.2017 22:38:30,000	6,18	0,00
1763	14.09.2017 22:38:40,000	6,22	0,00
1764	14.09.2017 22:38:50,000	6,22	0,00
1765	14.09.2017 22:39:00,000	6,22	0,00
1766	14.09.2017 22:39:10,000	6,22	0,00
1767	14.09.2017 22:39:20,000	6,22	0,00
1768	14.09.2017 22:39:30,000	6,22	0,00
1769	14.09.2017 22:39:40,000	6,22	0,00
1770	14.09.2017 22:39:50,000	6,22	0,00
1771	14.09.2017 22:40:00,000	6,22	0,00
1772	14.09.2017 22:40:10,000	6,22	0,00
1773	14.09.2017 22:40:20,000	6,22	0,00
1774	14.09.2017 22:40:30,000	6,22	0,00
1775	14.09.2017 22:40:40,000	6,22	0,00
1776	14.09.2017 22:40:50,000	6,22	0,00
1777	14.09.2017 22:41:00,000	6,22	0,00
1778	14.09.2017 22:41:10,000	6,22	0,00
1779	14.09.2017 22:41:20,000	6,22	0,00
1780	14.09.2017 22:41:30,000	6,22	0,00
1781	14.09.2017 22:41:40,000	6,22	0,00
1782	14.09.2017 22:41:50,000	6,22	0,00
1783	14.09.2017 22:42:00,000	6,22	0,00
1784	14.09.2017 22:42:10,000	6,22	0,00
1785	14.09.2017 22:42:20,000	6,22	0,00
1786	14.09.2017 22:42:30,000	6,22	0,00
1787	14.09.2017 22:42:40,000	6,22	0,00
1788	14.09.2017 22:42:50,000	6,22	0,00
1789	14.09.2017 22:43:00,000	6,22	0,00
1790	14.09.2017 22:43:10,000	6,22	0,00
1791	14.09.2017 22:43:20,000	6,25	0,00
1792	14.09.2017 22:43:30,000	6,25	0,00
1793	14.09.2017 22:43:40,000	6,25	0,00
1794	14.09.2017 22:43:50,000	6,25	0,00
1795	14.09.2017 22:44:00,000	6,25	0,00
1796	14.09.2017 22:44:10,000	6,25	0,00
1797	14.09.2017 22:44:20,000	6,25	0,00
1798	14.09.2017 22:44:30,000	6,25	0,00
1799	14.09.2017 22:44:40,000	6,25	0,00
1800	14.09.2017 22:44:50,000	6,25	0,00
1801	14.09.2017 22:45:00,000	6,25	0,00
1802	14.09.2017 22:45:10,000	6,25	0,00
1803	14.09.2017 22:45:20,000	6,25	0,00
1804	14.09.2017 22:45:30,000	6,25	0,00
1805	14.09.2017 22:45:40,000	6,25	0,00
1806	14.09.2017 22:45:50,000	6,25	0,00
1807	14.09.2017 22:46:00,000	6,25	0,00
1808	14.09.2017 22:46:10,000	6,25	0,00
1809	14.09.2017 22:46:20,000	6,25	0,00
1810	14.09.2017 22:46:30,000	6,25	0,00
1811	14.09.2017 22:46:40,000	6,25	0,00
1812	14.09.2017 22:46:50,000	6,29	0,00
1813	14.09.2017 22:47:00,000	6,29	0,00
1814	14.09.2017 22:47:10,000	6,29	0,00
1815	14.09.2017 22:47:20,000	6,29	0,00
1816	14.09.2017 22:47:30,000	6,29	0,00
1817	14.09.2017 22:47:40,000	6,29	0,00
1818	14.09.2017 22:47:50,000	6,29	0,00
1819	14.09.2017 22:48:00,000	6,29	0,00
1820	14.09.2017 22:48:10,000	6,29	0,00
1821	14.09.2017 22:48:20,000	6,29	0,00
1822	14.09.2017 22:48:30,000	6,29	0,00
1823	14.09.2017 22:48:40,000	6,29	0,00
1824	14.09.2017 22:48:50,000	6,29	0,00
1825	14.09.2017 22:49:00,000	6,29	0,00
1826	14.09.2017 22:49:10,000	6,29	0,00
1827	14.09.2017 22:49:20,000	6,29	0,00
1828	14.09.2017 22:49:30,000	6,29	0,00
1829	14.09.2017 22:49:40,000	6,29	0,00
1830	14.09.2017 22:49:50,000	6,32	0,00
1831	14.09.2017 22:50:00,000	6,32	0,00
1832	14.09.2017 22:50:10,000	6,32	0,00
1833	14.09.2017 22:50:20,000	6,32	0,00
1834	14.09.2017 22:50:30,000	6,32	0,00
1835	14.09.2017 22:50:40,000	6,32	0,00
1836	14.09.2017 22:50:50,000	6,32	0,00
1837	14.09.2017 22:51:00,000	6,32	0,00
1838	14.09.2017 22:51:10,000	6,32	0,00
1839	14.09.2017 22:51:20,000	6,32	0,00
1840	14.09.2017 22:51:30,000	6,32	0,00
1841	14.09.2017 22:51:40,000	6,32	0,00
1842	14.09.2017 22:51:50,000	6,32	0,00
1843	14.09.2017 22:52:00,000	6,32	0,00
1844	14.09.2017 22:52:10,000	6,32	0,00
1845	14.09.2017 22:52:20,000	6,32	0,00
1846	14.09.2017 22:52:30,000	6,32	0,00
1847	14.09.2017 22:52:40,000	6,32	0,00
1848	14.09.2017 22:52:50,000	6,32	0,00
1849	14.09.2017 22:53:00,000	6,32	0,00
1850	14.09.2017 22:53:10,000	6,32	0,00
1851	14.09.2017 22:53:20,000	6,32	0,00
1852	14.09.2017 22:53:30,000	6,32	0,00
1853	14.09.2017 22:53:40,000	6,32	0,00
1854	14.09.2017 22:53:50,000	6,32	0,00
1855	14.09.2017 22:54:00,000	6,36	0,00
1856	14.09.2017 22:54:10,000	6,36	0,00
1857	14.09.2017 22:54:20,000	6,36	0,00
1858	14.09.2017 22:54:30,000	6,36	0,00
1859	14.09.2017 22:54:40,000	6,36	0,00
1860	14.09.2017 22:54:50,000	6,36	0,00
1861	14.09.2017 22:55:00,000	6,36	0,00
1862	14.09.2017 22:55:10,000	6,36	0,00
1863	14.09.2017 22:55:20,000	6,36	0,00
1864	14.09.2017 22:55:30,000	6,36	0,00
1865	14.09.2017 22:55:40,000	6,36	0,00
1866	14.09.2017 22:55:50,000	6,36	0,00
1867	14.09.2017 22:56:00,000	6,36	0,00
1868	14.09.2017 22:56:10,000	6,36	0,00
1869	14.09.2017 22:56:20,000	6,36	0,00
1870	14.09.2017 22:56:30,000	6,36	0,00
1871	14.09.2017 22:56:40,000	6,36	0,00
1872	14.09.2017 22:56:50,000	6,36	0,00
1873	14.09.2017 22:57:00,000	6,36	0,00
1874	14.09.2017 22:57:10,000	6,36	0,00
1875	14.09.2017 22:57:20,000	6,36	0,00
1876	14.09.2017 22:57:30,000	6,36	0,00
1877	14.09.2017 22:57:40,000	6,36	0,00
1878	14.09.2017 22:57:50,000	6,36	0,00
1879	14.09.2017 22:58:00,000	6,36	0,00
1880	14.09.2017 22:58:10,000	6,36	0,00
1881	14.09.2017 22:58:20,000	6,36	0,00
1882	14.09.2017 22:58:30,000	6,36	0,00
1883	14.09.2017 22:58:40,000	6,36	0,00
1884	14.09.2017 22:58:50,000	6,36	0,00
1885	14.09.2017 22:59:00,000	6,36	0,00
1886	14.09.2017 22:59:10,000	6,36	0,00
1887	14.09.2017 22:59:20,000	6,36	0,00
1888	14.09.2017 22:59:30,000	6,36	0,00
1889	14.09.2017 22:59:40,000	6,36	0,00
1890	14.09.2017 22:59:50,000	6,36	0,00
1891	14.09.2017 23:00:00,000	6,36	0,00
1892	14.09.2017 23:00:10,000	6,36	0,00
1893	14.09.2017 23:00:20,000	6,36	0,00
1894	14.09.2017 23:00:30,000	6,36	0,00
1895	14.09.2017 23:00:40,000	6,36	0,00
1896	14.09.2017 23:00:50,000	6,36	0,00
1897	14.09.2017 23:01:00,000	6,36	0,00
1898	14.09.2017 23:01:10,000	6,36	0,00
1899	14.09.2017 23:01:20,000	6,36	0,00
1900	14.09.2017 23:01:30,000	6,36	0,00
1901	14.09.2017 23:01:40,000	6,36	0,00
1902	14.09.2017 23:01:50,000	6,36	0,00
1903	14.09.2017 23:02:00,000	6,36	0,00
1904	14.09.2017 23:02:10,000	6,36	0,00
1905	14.09.2017 23:02:20,000	6,36	0,00
1906	14.09.2017 23:02:30,000	6,36	0,00
1907	14.09.2017 23:02:40,000	6,36	0,00
1908	14.09.2017 23:02:50,000	6,36	0,00
1909	14.09.2017 23:03:00,000	6,36	0,00
1910	14.09.2017 23:03:10,000	6,36	0,00
1911	14.09.2017 23:03:20,000	6,36	0,00
1912	14.09.2017 23:03:30,000	6,36	0,00
1913	14.09.2017 23:03:40,000	6,36	0,00
1914	14.09.2017 23:03:50,000	6,36	0,00
1915	14.09.2017 23:04:00,000	6,36	0,00
1916	14.09.2017 23:04:10,000	6,36	0,00
1917	14.09.2017 23:04:20,000	6,36	0,00
1918	14.09.2017 23:04:30,000	6,36	0,00
1919	14.09.2017 23:04:40,000	6,39	0,00
1920	14.09.2017 23:04:50,000	6,36	0,00
1921	14.09.2017 23:05:00,000	6,36	0,00
1922	14.09.2017 23:05:10,000	6,39	0,00
1923	14.09.2017 23:05:20,000	6,39	0,00
1924	14.09.2017 23:05:30,000	6,39	0,00
1925	14.09.2017 23:05:40,000	6,39	0,00
1926	14.09.2017 23:05:50,000	6,39	0,00
1927	14.09.2017 23:06:00,000	6,39	0,00
1928	14.09.2017 23:06:10,000	6,39	0,00
1929	14.09.2017 23:06:20,000	6,39	0,00
1930	14.09.2017 23:06:30,000	6,39	0,00
1931	14.09.2017 23:06:40,000	6,39	0,00
1932	14.09.2017 23:06:50,000	6,39	0,00
1933	14.09.2017 23:07:00,000	6,39	0,00
1934	14.09.2017 23:07:10,000	6,39	0,00
1935	14.09.2017 23:07:20,000	6,39	0,00
1936	14.09.2017 23:07:30,000	6,39	0,00
1937	14.09.2017 23:07:40,000	6,39	0,00
1938	14.09.2017 23:07:50,000	6,39	0,00
1939	14.09.2017 23:08:00,000	6,39	0,00
1940	14.09.2017 23:08:10,000	6,39	0,00
1941	14.09.2017 23:08:20,000	6,39	0,00
1942	14.09.2017 23:08:30,000	6,39	0,00
1943	14.09.2017 23:08:40,000	6,39	0,00
1944	14.09.2017 23:08:50,000	6,39	0,00
1945	14.09.2017 23:09:00,000	6,39	0,00
1946	14.09.2017 23:09:10,000	6,39	0,00
1947	14.09.2017 23:09:20,000	6,39	0,00
1948	14.09.2017 23:09:30,000	6,39	0,00
1949	14.09.2017 23:09:40,000	6,39	0,00
1950	14.09.2017 23:09:50,000	6,39	0,00
1951	14.09.2017 23:10:00,000	6,39	0,00
1952	14.09.2017 23:10:10,000	6,39	0,00
1953	14.09.2017 23:10:20,000	6,39	0,00
1954	14.09.2017 23:10:30,000	6,39	0,00
1955	14.09.2017 23:10:40,000	6,39	0,00
1956	14.09.2017 23:10:50,000	6,39	0,00
1957	14.09.2017 23:11:00,000	6,39	0,00
1958	14.09.2017 23:11:10,000	6,39	0,00
1959	14.09.2017 23:11:20,000	6,39	0,00
1960	14.09.2017 23:11:30,000	6,39	0,00
1961	14.09.2017 23:11:40,000	6,39	0,00
1962	14.09.2017 23:11:50,000	6,39	0,00
1963	14.09.2017 23:12:00,000	6,39	0,00
1964	14.09.2017 23:12:10,000	6,39	0,00
1965	14.09.2017 23:12:20,000	6,39	0,00
1966	14.09.2017 23:12:30,000	6,39	0,00
1967	14.09.2017 23:12:40,000	6,39	0,00
1968	14.09.2017 23:12:50,000	6,39	0,00
1969	14.09.2017 23:13:00,000	6,39	0,00
1970	14.09.2017 23:13:10,000	6,39	0,00
1971	14.09.2017 23:13:20,000	6,39	0,00
1972	14.09.2017 23:13:30,000	6,39	0,00
1973	14.09.2017 23:13:40,000	6,39	0,00
1974	14.09.2017 23:13:50,000	6,39	0,00
1975	14.09.2017 23:14:00,000	6,39	0,00
1976	14.09.2017 23:14:10,000	6,39	0,00
1977	14.09.2017 23:14:20,000	6,39	0,00
1978	14.09.2017 23:14:30,000	6,39	0,00
1979	14.09.2017 23:14:40,000	6,39	0,00
1980	14.09.2017 23:14:50,000	6,39	0,00
1981	14.09.2017 23:15:00,000	6,39	0,00
1982	14.09.2017 23:15:10,000	6,39	0,00
1983	14.09.2017 23:15:20,000	6,39	0,00
1984	14.09.2017 23:15:30,000	6,39	0,00
1985	14.09.2017 23:15:40,000	6,39	0,00
1986	14.09.2017 23:15:50,000	6,39	0,00
1987	14.09.2017 23:16:00,000	6,39	0,00
1988	14.09.2017 23:16:10,000	6,39	0,00
1989	14.09.2017 23:16:20,000	6,39	0,00
1990	14.09.2017 23:16:30,000	6,39	0,00
1991	14.09.2017 23:16:40,000	6,39	0,00
1992	14.09.2017 23:16:50,000	6,39	0,00
1993	14.09.2017 23:17:00,000	6,39	0,00
1994	14.09.2017 23:17:10,000	6,39	0,00
1995	14.09.2017 23:17:20,000	6,39	0,00
1996	14.09.2017 23:17:30,000	6,39	0,00
1997	14.09.2017 23:17:40,000	6,39	0,00
1998	14.09.2017 23:17:50,000	6,39	0,00
1999	14.09.2017 23:18:00,000	6,39	0,00
2000	14.09.2017 23:18:10,000	6,39	0,00
2001	14.09.2017 23:18:20,000	6,39	0,00
2002	14.09.2017 23:18:30,000	6,39	0,00
2003	14.09.2017 23:18:40,000	6,39	0,00
2004	14.09.2017 23:18:50,000	6,39	0,00
2005	14.09.2017 23:19:00,000	6,39	0,00
2006	14.09.2017 23:19:10,000	6,39	0,00
2007	14.09.2017 23:19:20,000	6,39	0,00
2008	14.09.2017 23:19:30,000	6,39	0,00
2009	14.09.2017 23:19:40,000	6,39	0,00
2010	14.09.2017 23:19:50,000	6,39	0,00
2011	14.09.2017 23:20:00,000	6,39	0,00
2012	14.09.2017 23:20:10,000	6,39	0,00
2013	14.09.2017 23:20:20,000	6,39	0,00
2014	14.09.2017 23:20:30,000	6,39	0,00
2015	14.09.2017 23:20:40,000	6,39	0,00
2016	14.09.2017 23:20:50,000	6,39	0,00
2017	14.09.2017 23:21:00,000	6,39	0,00
2018	14.09.2017 23:21:10,000	6,39	0,00
2019	14.09.2017 23:21:20,000	6,39	0,00
2020	14.09.2017 23:21:30,000	6,39	0,00
2021	14.09.2017 23:21:40,000	6,39	0,00
2022	14.09.2017 23:21:50,000	6,39	0,00
2023	14.09.2017 23:22:00,000	6,39	0,00
2024	14.09.2017 23:22:10,000	6,39	0,00
2025	14.09.2017 23:22:20,000	6,39	0,00
2026	14.09.2017 23:22:30,000	6,39	0,00
2027	14.09.2017 23:22:40,000	6,39	0,00
2028	14.09.2017 23:22:50,000	6,39	0,00
2029	14.09.2017 23:23:00,000	6,39	0,00
2030	14.09.2017 23:23:10,000	6,39	0,00
2031	14.09.2017 23:23:20,000	6,36	0,00
2032	14.09.2017 23:23:30,000	6,36	0,00
2033	14.09.2017 23:23:40,000	6,36	0,00
2034	14.09.2017 23:23:50,000	6,36	0,00
2035	14.09.2017 23:24:00,000	6,36	0,00
2036	14.09.2017 23:24:10,000	6,36	0,00
2037	14.09.2017 23:24:20,000	6,36	0,00
2038	14.09.2017 23:24:30,000	6,36	0,00
2039	14.09.2017 23:24:40,000	6,36	0,00
2040	14.09.2017 23:24:50,000	6,36	0,00
2041	14.09.2017 23:25:00,000	6,36	0,00
2042	14.09.2017 23:25:10,000	6,36	0,00
2043	14.09.2017 23:25:20,000	6,36	0,00
2044	14.09.2017 23:25:30,000	6,36	0,00
2045	14.09.2017 23:25:40,000	6,36	0,00
2046	14.09.2017 23:25:50,000	6,36	0,00
2047	14.09.2017 23:26:00,000	6,36	0,00
2048	14.09.2017 23:26:10,000	6,36	0,00
2049	14.09.2017 23:26:20,000	6,32	0,00
2050	14.09.2017 23:26:30,000	6,32	0,00
2051	14.09.2017 23:26:40,000	6,32	0,00
2052	14.09.2017 23:26:50,000	6,32	0,00
2053	14.09.2017 23:27:00,000	6,32	0,00
2054	14.09.2017 23:27:10,000	6,32	0,00
2055	14.09.2017 23:27:20,000	6,32	0,00
2056	14.09.2017 23:27:30,000	6,32	0,00
2057	14.09.2017 23:27:40,000	6,32	0,00
2058	14.09.2017 23:27:50,000	6,32	0,00
2059	14.09.2017 23:28:00,000	6,32	0,00
2060	14.09.2017 23:28:10,000	6,36	0,00
2061	14.09.2017 23:28:20,000	6,36	0,00
2062	14.09.2017 23:28:30,000	6,36	0,00
2063	14.09.2017 23:28:40,000	6,99	0,00
2064	14.09.2017 23:28:50,000	7,68	0,00
2065	14.09.2017 23:29:00,000	9,50	0,00
