#B	Created:	14.09.2017 23:35:55
##	Version	SeaStar	7.49
#5	Field separation:	0
#2	Date & Time:	1
#6	Decimal point:	,
#7	Date def.:	dd.mm.yyyy	.
#8	Time def.:	:
##	Axis	0	Temperature(°C)	clRed	FALSE
##	Axis	1	Depth(m)	clBlue	TRUE
##	Series	0	Temp(°C)	clRed	0	Temp(°C)	2
##	Series	1	Depth(m)	clBlue	1	Depth(m)	2
##	Recorder	33	DST centi	8762
##	Chart	33C8762DAT	
#D	Data:	2102	14.09.2017 17:45:00	14.09.2017 23:35:10
1	14.09.2017 17:45:00,000	23,38	0,43
2	14.09.2017 17:45:10,000	23,38	0,43
3	14.09.2017 17:45:20,000	23,38	0,67
4	14.09.2017 17:45:30,000	23,38	0,43
5	14.09.2017 17:45:40,000	23,38	0,43
6	14.09.2017 17:45:50,000	23,38	0,43
7	14.09.2017 17:46:00,000	23,41	0,46
8	14.09.2017 17:46:10,000	23,41	0,46
9	14.09.2017 17:46:20,000	23,41	0,46
10	14.09.2017 17:46:30,000	23,41	0,70
11	14.09.2017 17:46:40,000	23,41	0,70
12	14.09.2017 17:46:50,000	23,44	0,50
13	14.09.2017 17:47:00,000	23,44	0,50
14	14.09.2017 17:47:10,000	23,44	0,74
15	14.09.2017 17:47:20,000	23,44	0,74
16	14.09.2017 17:47:30,000	23,44	0,50
17	14.09.2017 17:47:40,000	23,47	0,53
18	14.09.2017 17:47:50,000	23,47	0,53
19	14.09.2017 17:48:00,000	23,47	0,29
20	14.09.2017 17:48:10,000	23,47	0,53
21	14.09.2017 17:48:20,000	23,47	0,29
22	14.09.2017 17:48:30,000	23,50	0,57
23	14.09.2017 17:48:40,000	23,50	0,57
24	14.09.2017 17:48:50,000	23,50	0,57
25	14.09.2017 17:49:00,000	23,50	0,57
26	14.09.2017 17:49:10,000	23,50	0,57
27	14.09.2017 17:49:20,000	23,53	0,36
28	14.09.2017 17:49:30,000	23,53	0,36
29	14.09.2017 17:49:40,000	23,53	0,36
30	14.09.2017 17:49:50,000	23,53	0,36
31	14.09.2017 17:50:00,000	23,53	0,60
32	14.09.2017 17:50:10,000	23,53	0,60
33	14.09.2017 17:50:20,000	23,56	0,63
34	14.09.2017 17:50:30,000	23,56	0,63
35	14.09.2017 17:50:40,000	23,56	0,63
36	14.09.2017 17:50:50,000	23,56	0,63
37	14.09.2017 17:51:00,000	23,56	0,63
38	14.09.2017 17:51:10,000	23,58	0,43
39	14.09.2017 17:51:20,000	23,58	0,43
40	14.09.2017 17:51:30,000	23,58	0,67
41	14.09.2017 17:51:40,000	23,58	0,43
42	14.09.2017 17:51:50,000	23,58	0,67
43	14.09.2017 17:52:00,000	23,61	0,70
44	14.09.2017 17:52:10,000	23,61	0,46
45	14.09.2017 17:52:20,000	23,61	0,22
46	14.09.2017 17:52:30,000	23,61	0,46
47	14.09.2017 17:52:40,000	23,61	0,46
48	14.09.2017 17:52:50,000	23,64	0,49
49	14.09.2017 17:53:00,000	23,64	0,49
50	14.09.2017 17:53:10,000	23,64	0,49
51	14.09.2017 17:53:20,000	23,64	0,49
52	14.09.2017 17:53:30,000	23,64	0,49
53	14.09.2017 17:53:40,000	23,67	0,53
54	14.09.2017 17:53:50,000	23,67	0,53
55	14.09.2017 17:54:00,000	23,67	0,53
56	14.09.2017 17:54:10,000	23,67	0,53
57	14.09.2017 17:54:20,000	23,67	0,53
58	14.09.2017 17:54:30,000	23,70	0,56
59	14.09.2017 17:54:40,000	23,70	0,56
60	14.09.2017 17:54:50,000	23,70	0,80
61	14.09.2017 17:55:00,000	23,70	0,56
62	14.09.2017 17:55:10,000	23,73	0,36
63	14.09.2017 17:55:20,000	23,73	0,60
64	14.09.2017 17:55:30,000	23,73	0,60
65	14.09.2017 17:55:40,000	23,73	0,36
66	14.09.2017 17:55:50,000	23,76	0,63
67	14.09.2017 17:56:00,000	23,76	0,63
68	14.09.2017 17:56:10,000	23,76	0,39
69	14.09.2017 17:56:20,000	23,76	0,39
70	14.09.2017 17:56:30,000	23,76	0,63
71	14.09.2017 17:56:40,000	23,79	0,42
72	14.09.2017 17:56:50,000	23,79	0,42
73	14.09.2017 17:57:00,000	23,79	0,42
74	14.09.2017 17:57:10,000	23,79	0,42
75	14.09.2017 17:57:20,000	23,82	0,46
76	14.09.2017 17:57:30,000	23,82	0,46
77	14.09.2017 17:57:40,000	23,82	0,46
78	14.09.2017 17:57:50,000	23,82	0,22
79	14.09.2017 17:58:00,000	23,82	0,46
80	14.09.2017 17:58:10,000	23,82	0,46
81	14.09.2017 17:58:20,000	23,85	0,49
82	14.09.2017 17:58:30,000	23,85	0,25
83	14.09.2017 17:58:40,000	23,85	0,49
84	14.09.2017 17:58:50,000	23,85	0,49
85	14.09.2017 17:59:00,000	23,87	0,52
86	14.09.2017 17:59:10,000	23,87	0,28
87	14.09.2017 17:59:20,000	23,87	0,28
88	14.09.2017 17:59:30,000	23,87	0,52
89	14.09.2017 17:59:40,000	23,87	0,52
90	14.09.2017 17:59:50,000	23,90	0,32
91	14.09.2017 18:00:00,000	23,90	0,56
92	14.09.2017 18:00:10,000	23,90	0,56
93	14.09.2017 18:00:20,000	23,90	0,32
94	14.09.2017 18:00:30,000	23,90	0,56
95	14.09.2017 18:00:40,000	23,93	0,35
96	14.09.2017 18:00:50,000	23,93	0,59
97	14.09.2017 18:01:00,000	23,93	0,35
98	14.09.2017 18:01:10,000	23,93	0,35
99	14.09.2017 18:01:20,000	23,93	0,35
100	14.09.2017 18:01:30,000	23,96	0,39
101	14.09.2017 18:01:40,000	23,96	0,63
102	14.09.2017 18:01:50,000	23,96	0,63
103	14.09.2017 18:02:00,000	23,96	0,63
104	14.09.2017 18:02:10,000	23,96	0,39
105	14.09.2017 18:02:20,000	23,99	0,42
106	14.09.2017 18:02:30,000	23,99	0,66
107	14.09.2017 18:02:40,000	23,99	0,42
108	14.09.2017 18:02:50,000	23,99	0,42
109	14.09.2017 18:03:00,000	23,99	0,42
110	14.09.2017 18:03:10,000	24,02	0,45
111	14.09.2017 18:03:20,000	24,02	0,45
112	14.09.2017 18:03:30,000	24,02	0,45
113	14.09.2017 18:03:40,000	24,02	0,45
114	14.09.2017 18:03:50,000	24,02	0,45
115	14.09.2017 18:04:00,000	24,02	0,45
116	14.09.2017 18:04:10,000	24,05	0,49
117	14.09.2017 18:04:20,000	24,05	0,25
118	14.09.2017 18:04:30,000	24,05	0,25
119	14.09.2017 18:04:40,000	24,05	0,49
120	14.09.2017 18:04:50,000	24,08	0,28
121	14.09.2017 18:05:00,000	24,08	0,52
122	14.09.2017 18:05:10,000	24,08	0,28
123	14.09.2017 18:05:20,000	24,08	0,28
124	14.09.2017 18:05:30,000	24,11	0,31
125	14.09.2017 18:05:40,000	24,11	0,31
126	14.09.2017 18:05:50,000	24,11	0,31
127	14.09.2017 18:06:00,000	24,11	0,31
128	14.09.2017 18:06:10,000	24,11	0,31
129	14.09.2017 18:06:20,000	24,11	0,31
130	14.09.2017 18:06:30,000	24,13	0,35
131	14.09.2017 18:06:40,000	24,13	0,35
132	14.09.2017 18:06:50,000	24,13	0,35
133	14.09.2017 18:07:00,000	24,16	0,38
134	14.09.2017 18:07:10,000	24,16	0,38
135	14.09.2017 18:07:20,000	24,13	0,35
136	14.09.2017 18:07:30,000	24,11	0,31
137	14.09.2017 18:07:40,000	24,05	0,73
138	14.09.2017 18:07:50,000	24,08	0,52
139	14.09.2017 18:08:00,000	24,08	0,28
140	14.09.2017 18:08:10,000	24,08	0,52
141	14.09.2017 18:08:20,000	24,08	0,52
142	14.09.2017 18:08:30,000	24,08	0,52
143	14.09.2017 18:08:40,000	24,08	0,52
144	14.09.2017 18:08:50,000	24,11	0,55
145	14.09.2017 18:09:00,000	24,11	0,55
146	14.09.2017 18:09:10,000	24,11	0,55
147	14.09.2017 18:09:20,000	24,11	0,55
148	14.09.2017 18:09:30,000	24,11	0,31
149	14.09.2017 18:09:40,000	24,08	0,52
150	14.09.2017 18:09:50,000	24,08	0,52
151	14.09.2017 18:10:00,000	24,08	0,76
152	14.09.2017 18:10:10,000	24,05	0,49
153	14.09.2017 18:10:20,000	24,05	0,49
154	14.09.2017 18:10:30,000	24,02	0,45
155	14.09.2017 18:10:40,000	24,02	0,45
156	14.09.2017 18:10:50,000	23,99	0,42
157	14.09.2017 18:11:00,000	23,96	0,39
158	14.09.2017 18:11:10,000	23,96	0,63
159	14.09.2017 18:11:20,000	23,93	0,59
160	14.09.2017 18:11:30,000	23,90	0,56
161	14.09.2017 18:11:40,000	23,87	0,52
162	14.09.2017 18:11:50,000	23,85	0,73
163	14.09.2017 18:12:00,000	23,85	0,49
164	14.09.2017 18:12:10,000	23,82	0,46
165	14.09.2017 18:12:20,000	23,79	0,42
166	14.09.2017 18:12:30,000	23,76	0,63
167	14.09.2017 18:12:40,000	23,73	0,60
168	14.09.2017 18:12:50,000	23,70	0,56
169	14.09.2017 18:13:00,000	23,67	0,53
170	14.09.2017 18:13:10,000	23,64	0,74
171	14.09.2017 18:13:20,000	23,58	0,67
172	14.09.2017 18:13:30,000	23,56	0,63
173	14.09.2017 18:13:40,000	23,53	0,36
174	14.09.2017 18:13:50,000	23,47	0,77
175	14.09.2017 18:14:00,000	23,41	0,70
176	14.09.2017 18:14:10,000	23,38	0,43
177	14.09.2017 18:14:20,000	23,32	0,84
178	14.09.2017 18:14:30,000	23,29	0,81
179	14.09.2017 18:14:40,000	23,24	0,50
180	14.09.2017 18:14:50,000	23,18	0,67
181	14.09.2017 18:15:00,000	23,15	0,64
182	14.09.2017 18:15:10,000	23,09	0,57
183	14.09.2017 18:15:20,000	23,03	0,75
184	14.09.2017 18:15:30,000	22,98	0,68
185	14.09.2017 18:15:40,000	22,92	0,85
186	14.09.2017 18:15:50,000	22,86	0,78
187	14.09.2017 18:16:00,000	22,83	0,75
188	14.09.2017 18:16:10,000	22,74	0,89
189	14.09.2017 18:16:20,000	22,71	0,61
190	14.09.2017 18:16:30,000	22,63	0,75
191	14.09.2017 18:16:40,000	22,57	0,68
192	14.09.2017 18:16:50,000	22,51	0,61
193	14.09.2017 18:17:00,000	22,45	0,79
194	14.09.2017 18:17:10,000	22,42	0,99
195	14.09.2017 18:17:20,000	22,34	0,89
196	14.09.2017 18:17:30,000	22,28	0,82
197	14.09.2017 18:17:40,000	22,22	0,75
198	14.09.2017 18:17:50,000	22,19	0,72
199	14.09.2017 18:18:00,000	22,13	0,65
200	14.09.2017 18:18:10,000	22,08	0,82
201	14.09.2017 18:18:20,000	22,02	0,76
202	14.09.2017 18:18:30,000	21,96	0,69
203	14.09.2017 18:18:40,000	21,90	0,86
204	14.09.2017 18:18:50,000	21,84	0,79
205	14.09.2017 18:19:00,000	21,78	0,72
206	14.09.2017 18:19:10,000	21,73	0,89
207	14.09.2017 18:19:20,000	21,67	0,83
208	14.09.2017 18:19:30,000	21,61	0,76
209	14.09.2017 18:19:40,000	21,55	0,69
210	14.09.2017 18:19:50,000	14,94	12,52
211	14.09.2017 18:20:00,000	10,84	11,35
212	14.09.2017 18:20:10,000	9,19	10,04
213	14.09.2017 18:20:20,000	8,07	9,86
214	14.09.2017 18:20:30,000	7,21	10,47
215	14.09.2017 18:20:40,000	6,58	11,13
216	14.09.2017 18:20:50,000	6,08	12,45
217	14.09.2017 18:21:00,000	5,72	13,45
218	14.09.2017 18:21:10,000	5,43	15,02
219	14.09.2017 18:21:20,000	5,25	17,20
220	14.09.2017 18:21:30,000	5,14	18,99
221	14.09.2017 18:21:40,000	5,07	19,86
222	14.09.2017 18:21:50,000	4,96	21,17
223	14.09.2017 18:22:00,000	4,70	23,03
224	14.09.2017 18:22:10,000	2,86	26,78
225	14.09.2017 18:22:20,000	3,40	26,23
226	14.09.2017 18:22:30,000	4,37	25,99
227	14.09.2017 18:22:40,000	3,74	25,45
228	14.09.2017 18:22:50,000	2,01	25,98
229	14.09.2017 18:23:00,000	1,93	24,44
230	14.09.2017 18:23:10,000	2,82	22,40
231	14.09.2017 18:23:20,000	3,51	21,55
232	14.09.2017 18:23:30,000	3,70	22,27
233	14.09.2017 18:23:40,000	2,28	25,59
234	14.09.2017 18:23:50,000	2,94	25,67
235	14.09.2017 18:24:00,000	4,15	25,95
236	14.09.2017 18:24:10,000	4,70	26,64
237	14.09.2017 18:24:20,000	4,96	26,23
238	14.09.2017 18:24:30,000	5,03	26,32
239	14.09.2017 18:24:40,000	4,74	26,44
240	14.09.2017 18:24:50,000	4,41	26,28
241	14.09.2017 18:25:00,000	4,11	25,91
242	14.09.2017 18:25:10,000	3,51	25,89
243	14.09.2017 18:25:20,000	2,67	26,06
244	14.09.2017 18:25:30,000	1,93	26,12
245	14.09.2017 18:25:40,000	1,57	25,93
246	14.09.2017 18:25:50,000	2,75	25,68
247	14.09.2017 18:26:00,000	4,04	26,06
248	14.09.2017 18:26:10,000	4,59	26,99
249	14.09.2017 18:26:20,000	4,78	28,66
250	14.09.2017 18:26:30,000	4,81	29,91
251	14.09.2017 18:26:40,000	4,74	31,51
252	14.09.2017 18:26:50,000	4,96	32,50
253	14.09.2017 18:27:00,000	4,92	32,94
254	14.09.2017 18:27:10,000	4,96	32,74
255	14.09.2017 18:27:20,000	5,00	32,55
256	14.09.2017 18:27:30,000	5,03	32,35
257	14.09.2017 18:27:40,000	5,22	32,09
258	14.09.2017 18:27:50,000	5,25	32,38
259	14.09.2017 18:28:00,000	5,18	33,01
260	14.09.2017 18:28:10,000	5,07	34,08
261	14.09.2017 18:28:20,000	5,00	33,99
262	14.09.2017 18:28:30,000	4,96	33,95
263	14.09.2017 18:28:40,000	4,96	34,19
264	14.09.2017 18:28:50,000	4,85	34,78
265	14.09.2017 18:29:00,000	4,78	36,13
266	14.09.2017 18:29:10,000	4,41	37,85
267	14.09.2017 18:29:20,000	4,00	39,51
268	14.09.2017 18:29:30,000	3,77	40,20
269	14.09.2017 18:29:40,000	3,66	40,30
270	14.09.2017 18:29:50,000	3,59	39,72
271	14.09.2017 18:30:00,000	3,51	40,35
272	14.09.2017 18:30:10,000	3,43	40,50
273	14.09.2017 18:30:20,000	3,36	40,89
274	14.09.2017 18:30:30,000	3,28	41,28
275	14.09.2017 18:30:40,000	3,28	41,04
276	14.09.2017 18:30:50,000	3,28	41,04
277	14.09.2017 18:31:00,000	3,28	41,04
278	14.09.2017 18:31:10,000	3,24	40,99
279	14.09.2017 18:31:20,000	3,24	41,23
280	14.09.2017 18:31:30,000	3,24	41,23
281	14.09.2017 18:31:40,000	3,24	41,23
282	14.09.2017 18:31:50,000	3,21	41,43
283	14.09.2017 18:32:00,000	3,17	41,14
284	14.09.2017 18:32:10,000	3,17	41,38
285	14.09.2017 18:32:20,000	3,09	41,53
286	14.09.2017 18:32:30,000	3,05	41,72
287	14.09.2017 18:32:40,000	3,05	41,96
288	14.09.2017 18:32:50,000	2,98	42,11
289	14.09.2017 18:33:00,000	2,94	42,55
290	14.09.2017 18:33:10,000	2,86	43,18
291	14.09.2017 18:33:20,000	2,82	43,37
292	14.09.2017 18:33:30,000	2,79	43,81
293	14.09.2017 18:33:40,000	2,79	44,29
294	14.09.2017 18:33:50,000	2,79	44,77
295	14.09.2017 18:34:00,000	2,79	45,49
296	14.09.2017 18:34:10,000	2,79	45,98
297	14.09.2017 18:34:20,000	2,71	46,85
298	14.09.2017 18:34:30,000	2,63	47,48
299	14.09.2017 18:34:40,000	2,63	48,20
300	14.09.2017 18:34:50,000	2,59	48,63
301	14.09.2017 18:35:00,000	2,63	49,41
302	14.09.2017 18:35:10,000	2,79	50,32
303	14.09.2017 18:35:20,000	2,86	51,14
304	14.09.2017 18:35:30,000	2,90	52,15
305	14.09.2017 18:35:40,000	2,75	53,17
306	14.09.2017 18:35:50,000	2,63	54,23
307	14.09.2017 18:36:00,000	2,59	55,39
308	14.09.2017 18:36:10,000	2,55	56,55
309	14.09.2017 18:36:20,000	2,48	57,42
310	14.09.2017 18:36:30,000	2,36	58,49
311	14.09.2017 18:36:40,000	2,36	59,69
312	14.09.2017 18:36:50,000	2,36	60,66
313	14.09.2017 18:37:00,000	2,36	61,86
314	14.09.2017 18:37:10,000	2,28	62,98
315	14.09.2017 18:37:20,000	2,20	64,09
316	14.09.2017 18:37:30,000	2,09	65,15
317	14.09.2017 18:37:40,000	2,01	66,26
318	14.09.2017 18:37:50,000	1,69	67,33
319	14.09.2017 18:38:00,000	1,57	67,91
320	14.09.2017 18:38:10,000	1,42	69,16
321	14.09.2017 18:38:20,000	1,14	70,27
322	14.09.2017 18:38:30,000	0,98	70,80
323	14.09.2017 18:38:40,000	0,94	71,72
324	14.09.2017 18:38:50,000	0,86	72,83
325	14.09.2017 18:39:00,000	0,86	73,55
326	14.09.2017 18:39:10,000	0,90	74,57
327	14.09.2017 18:39:20,000	0,98	75,63
328	14.09.2017 18:39:30,000	0,98	76,84
329	14.09.2017 18:39:40,000	0,98	77,81
330	14.09.2017 18:39:50,000	1,02	79,31
331	14.09.2017 18:40:00,000	1,02	80,51
332	14.09.2017 18:40:10,000	0,98	81,67
333	14.09.2017 18:40:20,000	0,94	83,07
334	14.09.2017 18:40:30,000	0,81	84,13
335	14.09.2017 18:40:40,000	0,77	85,54
336	14.09.2017 18:40:50,000	0,77	86,74
337	14.09.2017 18:41:00,000	0,73	87,66
338	14.09.2017 18:41:10,000	0,61	88,96
339	14.09.2017 18:41:20,000	0,65	90,22
340	14.09.2017 18:41:30,000	0,69	91,48
341	14.09.2017 18:41:40,000	0,77	92,30
342	14.09.2017 18:41:50,000	0,86	93,37
343	14.09.2017 18:42:00,000	0,98	94,48
344	14.09.2017 18:42:10,000	1,10	95,59
345	14.09.2017 18:42:20,000	1,14	96,61
346	14.09.2017 18:42:30,000	1,18	97,62
347	14.09.2017 18:42:40,000	1,26	98,93
348	14.09.2017 18:42:50,000	1,34	99,75
349	14.09.2017 18:43:00,000	1,38	101,01
350	14.09.2017 18:43:10,000	1,38	101,98
351	14.09.2017 18:43:20,000	1,30	103,33
352	14.09.2017 18:43:30,000	1,18	104,39
353	14.09.2017 18:43:40,000	0,86	105,45
354	14.09.2017 18:43:50,000	0,69	106,47
355	14.09.2017 18:44:00,000	0,37	107,53
356	14.09.2017 18:44:10,000	0,08	108,63
357	14.09.2017 18:44:20,000	-0,04	109,21
358	14.09.2017 18:44:30,000	-0,08	110,13
359	14.09.2017 18:44:40,000	-0,17	111,23
360	14.09.2017 18:44:50,000	-0,29	112,30
361	14.09.2017 18:45:00,000	-0,37	113,65
362	14.09.2017 18:45:10,000	-0,41	114,56
363	14.09.2017 18:45:20,000	-0,46	115,97
364	14.09.2017 18:45:30,000	-0,50	117,12
365	14.09.2017 18:45:40,000	-0,54	118,53
366	14.09.2017 18:45:50,000	-0,58	119,69
367	14.09.2017 18:46:00,000	-0,62	120,85
368	14.09.2017 18:46:10,000	-0,67	122,00
369	14.09.2017 18:46:20,000	-0,71	123,16
370	14.09.2017 18:46:30,000	-0,75	124,32
371	14.09.2017 18:46:40,000	-0,79	125,73
372	14.09.2017 18:46:50,000	-0,83	126,88
373	14.09.2017 18:47:00,000	-0,88	128,29
374	14.09.2017 18:47:10,000	-0,92	128,96
375	14.09.2017 18:47:20,000	-0,96	130,36
376	14.09.2017 18:47:30,000	-0,96	131,57
377	14.09.2017 18:47:40,000	-0,96	132,78
378	14.09.2017 18:47:50,000	-0,96	133,75
379	14.09.2017 18:48:00,000	-0,96	134,96
380	14.09.2017 18:48:10,000	-0,96	135,93
381	14.09.2017 18:48:20,000	-0,96	136,90
382	14.09.2017 18:48:30,000	-0,96	138,11
383	14.09.2017 18:48:40,000	-0,96	139,32
384	14.09.2017 18:48:50,000	-1,00	140,23
385	14.09.2017 18:49:00,000	-1,00	141,44
386	14.09.2017 18:49:10,000	-1,00	142,65
387	14.09.2017 18:49:20,000	-1,00	143,38
388	14.09.2017 18:49:30,000	-1,00	144,35
389	14.09.2017 18:49:40,000	-1,04	145,51
390	14.09.2017 18:49:50,000	-1,09	146,67
391	14.09.2017 18:50:00,000	-1,13	147,83
392	14.09.2017 18:50:10,000	-1,13	148,80
393	14.09.2017 18:50:20,000	-1,17	150,20
394	14.09.2017 18:50:30,000	-1,17	151,65
395	14.09.2017 18:50:40,000	-1,17	152,62
396	14.09.2017 18:50:50,000	-1,17	154,07
397	14.09.2017 18:51:00,000	-1,17	155,28
398	14.09.2017 18:51:10,000	-1,17	156,98
399	14.09.2017 18:51:20,000	-1,17	158,19
400	14.09.2017 18:51:30,000	-1,17	159,15
401	14.09.2017 18:51:40,000	-1,13	160,17
402	14.09.2017 18:51:50,000	-1,13	161,62
403	14.09.2017 18:52:00,000	-1,09	162,64
404	14.09.2017 18:52:10,000	-1,09	163,85
405	14.09.2017 18:52:20,000	-1,04	165,36
406	14.09.2017 18:52:30,000	-1,04	166,08
407	14.09.2017 18:52:40,000	-1,00	167,10
408	14.09.2017 18:52:50,000	-0,96	168,60
409	14.09.2017 18:53:00,000	-0,96	169,57
410	14.09.2017 18:53:10,000	-0,92	170,83
411	14.09.2017 18:53:20,000	-0,92	172,04
412	14.09.2017 18:53:30,000	-0,88	173,06
413	14.09.2017 18:53:40,000	-0,88	174,52
414	14.09.2017 18:53:50,000	-0,83	175,53
415	14.09.2017 18:54:00,000	-0,75	176,60
416	14.09.2017 18:54:10,000	-0,71	177,86
417	14.09.2017 18:54:20,000	-0,71	179,32
418	14.09.2017 18:54:30,000	-0,67	180,34
419	14.09.2017 18:54:40,000	-0,62	181,60
420	14.09.2017 18:54:50,000	-0,62	182,81
421	14.09.2017 18:55:00,000	-0,58	184,07
422	14.09.2017 18:55:10,000	-0,58	185,28
423	14.09.2017 18:55:20,000	-0,58	186,49
424	14.09.2017 18:55:30,000	-0,58	187,94
425	14.09.2017 18:55:40,000	-0,54	189,20
426	14.09.2017 18:55:50,000	-0,50	190,46
427	14.09.2017 18:56:00,000	-0,50	191,67
428	14.09.2017 18:56:10,000	-0,46	193,18
429	14.09.2017 18:56:20,000	-0,46	194,15
430	14.09.2017 18:56:30,000	-0,46	195,60
431	14.09.2017 18:56:40,000	-0,41	196,62
432	14.09.2017 18:56:50,000	-0,41	197,34
433	14.09.2017 18:57:00,000	-0,41	198,07
434	14.09.2017 18:57:10,000	-0,37	198,36
435	14.09.2017 18:57:20,000	-0,37	198,60
436	14.09.2017 18:57:30,000	-0,37	198,60
437	14.09.2017 18:57:40,000	-0,33	198,65
438	14.09.2017 18:57:50,000	-0,33	198,41
439	14.09.2017 18:58:00,000	-0,33	198,65
440	14.09.2017 18:58:10,000	-0,33	198,65
441	14.09.2017 18:58:20,000	-0,33	198,41
442	14.09.2017 18:58:30,000	-0,37	198,36
443	14.09.2017 18:58:40,000	-0,37	198,85
444	14.09.2017 18:58:50,000	-0,33	199,38
445	14.09.2017 18:59:00,000	-0,33	200,11
446	14.09.2017 18:59:10,000	-0,29	201,13
447	14.09.2017 18:59:20,000	-0,25	202,14
448	14.09.2017 18:59:30,000	-0,25	203,60
449	14.09.2017 18:59:40,000	-0,25	204,81
450	14.09.2017 18:59:50,000	-0,21	206,31
451	14.09.2017 19:00:00,000	-0,21	207,52
452	14.09.2017 19:00:10,000	-0,17	209,02
453	14.09.2017 19:00:20,000	-0,17	210,24
454	14.09.2017 19:00:30,000	-0,17	211,45
455	14.09.2017 19:00:40,000	-0,17	212,90
456	14.09.2017 19:00:50,000	-0,17	213,87
457	14.09.2017 19:01:00,000	-0,12	214,89
458	14.09.2017 19:01:10,000	-0,12	215,61
459	14.09.2017 19:01:20,000	-0,17	216,05
460	14.09.2017 19:01:30,000	-0,17	216,53
461	14.09.2017 19:01:40,000	-0,17	217,26
462	14.09.2017 19:01:50,000	-0,12	217,55
463	14.09.2017 19:02:00,000	-0,12	218,28
464	14.09.2017 19:02:10,000	-0,08	218,33
465	14.09.2017 19:02:20,000	-0,08	219,30
466	14.09.2017 19:02:30,000	-0,08	219,54
467	14.09.2017 19:02:40,000	-0,04	220,07
468	14.09.2017 19:02:50,000	-0,04	220,56
469	14.09.2017 19:03:00,000	0,00	221,09
470	14.09.2017 19:03:10,000	0,00	221,82
471	14.09.2017 19:03:20,000	0,00	222,30
472	14.09.2017 19:03:30,000	0,04	223,08
473	14.09.2017 19:03:40,000	0,04	223,32
474	14.09.2017 19:03:50,000	0,04	224,05
475	14.09.2017 19:04:00,000	0,08	224,58
476	14.09.2017 19:04:10,000	0,08	225,06
477	14.09.2017 19:04:20,000	0,08	225,55
478	14.09.2017 19:04:30,000	0,08	226,03
479	14.09.2017 19:04:40,000	0,08	226,52
480	14.09.2017 19:04:50,000	0,08	227,24
481	14.09.2017 19:05:00,000	0,08	227,73
482	14.09.2017 19:05:10,000	0,08	228,21
483	14.09.2017 19:05:20,000	0,12	228,75
484	14.09.2017 19:05:30,000	0,12	229,23
485	14.09.2017 19:05:40,000	0,12	229,71
486	14.09.2017 19:05:50,000	0,12	229,96
487	14.09.2017 19:06:00,000	0,12	230,44
488	14.09.2017 19:06:10,000	0,12	230,68
489	14.09.2017 19:06:20,000	0,12	230,93
490	14.09.2017 19:06:30,000	0,12	231,41
491	14.09.2017 19:06:40,000	0,12	231,65
492	14.09.2017 19:06:50,000	0,12	232,14
493	14.09.2017 19:07:00,000	0,12	232,14
494	14.09.2017 19:07:10,000	0,12	232,62
495	14.09.2017 19:07:20,000	0,12	232,86
496	14.09.2017 19:07:30,000	0,12	233,35
497	14.09.2017 19:07:40,000	0,12	233,59
498	14.09.2017 19:07:50,000	0,12	233,83
499	14.09.2017 19:08:00,000	0,12	233,83
500	14.09.2017 19:08:10,000	0,16	234,37
501	14.09.2017 19:08:20,000	0,16	234,37
502	14.09.2017 19:08:30,000	0,20	234,66
503	14.09.2017 19:08:40,000	0,20	234,90
504	14.09.2017 19:08:50,000	0,20	235,14
505	14.09.2017 19:09:00,000	0,20	235,38
506	14.09.2017 19:09:10,000	0,20	235,38
507	14.09.2017 19:09:20,000	0,20	235,63
508	14.09.2017 19:09:30,000	0,20	235,87
509	14.09.2017 19:09:40,000	0,25	236,16
510	14.09.2017 19:09:50,000	0,25	236,16
511	14.09.2017 19:10:00,000	0,25	236,40
512	14.09.2017 19:10:10,000	0,20	236,84
513	14.09.2017 19:10:20,000	0,20	236,84
514	14.09.2017 19:10:30,000	0,25	236,89
515	14.09.2017 19:10:40,000	0,25	237,37
516	14.09.2017 19:10:50,000	0,25	237,37
517	14.09.2017 19:11:00,000	0,25	237,61
518	14.09.2017 19:11:10,000	0,25	237,86
519	14.09.2017 19:11:20,000	0,25	237,86
520	14.09.2017 19:11:30,000	0,25	238,34
521	14.09.2017 19:11:40,000	0,25	238,34
522	14.09.2017 19:11:50,000	0,25	238,82
523	14.09.2017 19:12:00,000	0,25	238,82
524	14.09.2017 19:12:10,000	0,25	239,07
525	14.09.2017 19:12:20,000	0,20	239,26
526	14.09.2017 19:12:30,000	0,20	239,26
527	14.09.2017 19:12:40,000	0,20	239,50
528	14.09.2017 19:12:50,000	0,20	239,74
529	14.09.2017 19:13:00,000	0,20	239,99
530	14.09.2017 19:13:10,000	0,20	239,99
531	14.09.2017 19:13:20,000	0,20	240,23
532	14.09.2017 19:13:30,000	0,25	240,28
533	14.09.2017 19:13:40,000	0,25	240,76
534	14.09.2017 19:13:50,000	0,25	241,00
535	14.09.2017 19:14:00,000	0,20	240,95
536	14.09.2017 19:14:10,000	0,20	241,44
537	14.09.2017 19:14:20,000	0,20	241,44
538	14.09.2017 19:14:30,000	0,20	241,68
539	14.09.2017 19:14:40,000	0,20	241,92
540	14.09.2017 19:14:50,000	0,25	242,21
541	14.09.2017 19:15:00,000	0,25	242,46
542	14.09.2017 19:15:10,000	0,25	242,46
543	14.09.2017 19:15:20,000	0,25	242,94
544	14.09.2017 19:15:30,000	0,25	242,94
545	14.09.2017 19:15:40,000	0,25	243,18
546	14.09.2017 19:15:50,000	0,25	243,18
547	14.09.2017 19:16:00,000	0,25	243,43
548	14.09.2017 19:16:10,000	0,25	243,91
549	14.09.2017 19:16:20,000	0,25	243,67
550	14.09.2017 19:16:30,000	0,25	244,15
551	14.09.2017 19:16:40,000	0,25	244,15
552	14.09.2017 19:16:50,000	0,25	244,39
553	14.09.2017 19:17:00,000	0,25	244,64
554	14.09.2017 19:17:10,000	0,25	244,88
555	14.09.2017 19:17:20,000	0,25	244,88
556	14.09.2017 19:17:30,000	0,25	245,12
557	14.09.2017 19:17:40,000	0,25	245,36
558	14.09.2017 19:17:50,000	0,25	245,85
559	14.09.2017 19:18:00,000	0,25	245,85
560	14.09.2017 19:18:10,000	0,25	246,09
561	14.09.2017 19:18:20,000	0,25	246,33
562	14.09.2017 19:18:30,000	0,25	247,06
563	14.09.2017 19:18:40,000	0,25	247,06
564	14.09.2017 19:18:50,000	0,25	247,30
565	14.09.2017 19:19:00,000	0,29	247,59
566	14.09.2017 19:19:10,000	0,29	248,08
567	14.09.2017 19:19:20,000	0,29	248,32
568	14.09.2017 19:19:30,000	0,29	248,56
569	14.09.2017 19:19:40,000	0,29	248,80
570	14.09.2017 19:19:50,000	0,29	248,80
571	14.09.2017 19:20:00,000	0,33	249,09
572	14.09.2017 19:20:10,000	0,33	249,09
573	14.09.2017 19:20:20,000	0,33	249,34
574	14.09.2017 19:20:30,000	0,37	249,63
575	14.09.2017 19:20:40,000	0,37	249,87
576	14.09.2017 19:20:50,000	0,37	249,63
577	14.09.2017 19:21:00,000	0,37	250,11
578	14.09.2017 19:21:10,000	0,37	250,11
579	14.09.2017 19:21:20,000	0,37	250,35
580	14.09.2017 19:21:30,000	0,37	250,11
581	14.09.2017 19:21:40,000	0,37	250,11
582	14.09.2017 19:21:50,000	0,37	250,11
583	14.09.2017 19:22:00,000	0,37	250,35
584	14.09.2017 19:22:10,000	0,37	249,87
585	14.09.2017 19:22:20,000	0,37	250,11
586	14.09.2017 19:22:30,000	0,37	250,11
587	14.09.2017 19:22:40,000	0,37	249,87
588	14.09.2017 19:22:50,000	0,37	249,87
589	14.09.2017 19:23:00,000	0,37	249,87
590	14.09.2017 19:23:10,000	0,37	249,63
591	14.09.2017 19:23:20,000	0,33	249,58
592	14.09.2017 19:23:30,000	0,33	249,58
593	14.09.2017 19:23:40,000	0,33	249,82
594	14.09.2017 19:23:50,000	0,33	249,82
595	14.09.2017 19:24:00,000	0,33	249,82
596	14.09.2017 19:24:10,000	0,33	250,06
597	14.09.2017 19:24:20,000	0,37	250,11
598	14.09.2017 19:24:30,000	0,37	250,11
599	14.09.2017 19:24:40,000	0,37	250,35
600	14.09.2017 19:24:50,000	0,37	250,35
601	14.09.2017 19:25:00,000	0,37	250,35
602	14.09.2017 19:25:10,000	0,37	250,35
603	14.09.2017 19:25:20,000	0,37	250,35
604	14.09.2017 19:25:30,000	0,37	250,60
605	14.09.2017 19:25:40,000	0,37	250,60
606	14.09.2017 19:25:50,000	0,37	250,84
607	14.09.2017 19:26:00,000	0,37	250,84
608	14.09.2017 19:26:10,000	0,37	250,84
609	14.09.2017 19:26:20,000	0,37	251,08
610	14.09.2017 19:26:30,000	0,37	251,32
611	14.09.2017 19:26:40,000	0,37	251,08
612	14.09.2017 19:26:50,000	0,37	251,56
613	14.09.2017 19:27:00,000	0,37	251,81
614	14.09.2017 19:27:10,000	0,37	252,05
615	14.09.2017 19:27:20,000	0,37	252,29
616	14.09.2017 19:27:30,000	0,37	252,78
617	14.09.2017 19:27:40,000	0,37	253,02
618	14.09.2017 19:27:50,000	0,37	253,02
619	14.09.2017 19:28:00,000	0,37	253,50
620	14.09.2017 19:28:10,000	0,37	253,99
621	14.09.2017 19:28:20,000	0,37	253,99
622	14.09.2017 19:28:30,000	0,33	254,66
623	14.09.2017 19:28:40,000	0,33	254,66
624	14.09.2017 19:28:50,000	0,29	255,10
625	14.09.2017 19:29:00,000	0,33	255,39
626	14.09.2017 19:29:10,000	0,29	255,58
627	14.09.2017 19:29:20,000	0,29	255,58
628	14.09.2017 19:29:30,000	0,29	255,83
629	14.09.2017 19:29:40,000	0,29	256,07
630	14.09.2017 19:29:50,000	0,29	256,31
631	14.09.2017 19:30:00,000	0,29	256,31
632	14.09.2017 19:30:10,000	0,29	256,55
633	14.09.2017 19:30:20,000	0,29	256,31
634	14.09.2017 19:30:30,000	0,29	256,07
635	14.09.2017 19:30:40,000	0,29	255,58
636	14.09.2017 19:30:50,000	0,29	255,10
637	14.09.2017 19:31:00,000	0,29	254,37
638	14.09.2017 19:31:10,000	0,29	253,40
639	14.09.2017 19:31:20,000	0,33	252,24
640	14.09.2017 19:31:30,000	0,29	251,22
641	14.09.2017 19:31:40,000	0,29	249,77
642	14.09.2017 19:31:50,000	0,29	248,56
643	14.09.2017 19:32:00,000	0,29	247,11
644	14.09.2017 19:32:10,000	0,29	245,65
645	14.09.2017 19:32:20,000	0,25	244,39
646	14.09.2017 19:32:30,000	0,25	242,94
647	14.09.2017 19:32:40,000	0,25	241,49
648	14.09.2017 19:32:50,000	0,25	240,03
649	14.09.2017 19:33:00,000	0,20	238,29
650	14.09.2017 19:33:10,000	0,20	237,08
651	14.09.2017 19:33:20,000	0,20	235,87
652	14.09.2017 19:33:30,000	0,16	234,37
653	14.09.2017 19:33:40,000	0,16	232,91
654	14.09.2017 19:33:50,000	0,12	231,41
655	14.09.2017 19:34:00,000	0,12	230,20
656	14.09.2017 19:34:10,000	0,12	228,99
657	14.09.2017 19:34:20,000	0,12	227,54
658	14.09.2017 19:34:30,000	0,12	226,08
659	14.09.2017 19:34:40,000	0,12	224,87
660	14.09.2017 19:34:50,000	0,08	222,88
661	14.09.2017 19:35:00,000	0,08	221,19
662	14.09.2017 19:35:10,000	0,04	219,20
663	14.09.2017 19:35:20,000	0,00	216,97
664	14.09.2017 19:35:30,000	0,00	214,79
665	14.09.2017 19:35:40,000	-0,04	212,81
666	14.09.2017 19:35:50,000	-0,04	210,87
667	14.09.2017 19:36:00,000	-0,08	208,64
668	14.09.2017 19:36:10,000	-0,08	207,19
669	14.09.2017 19:36:20,000	-0,12	205,68
670	14.09.2017 19:36:30,000	-0,12	204,23
671	14.09.2017 19:36:40,000	-0,12	202,78
672	14.09.2017 19:36:50,000	-0,12	201,08
673	14.09.2017 19:37:00,000	-0,17	199,82
674	14.09.2017 19:37:10,000	-0,21	198,32
675	14.09.2017 19:37:20,000	-0,33	196,96
676	14.09.2017 19:37:30,000	-0,37	194,97
677	14.09.2017 19:37:40,000	-0,46	193,18
678	14.09.2017 19:37:50,000	-0,46	191,24
679	14.09.2017 19:38:00,000	-0,54	189,20
680	14.09.2017 19:38:10,000	-0,58	187,22
681	14.09.2017 19:38:20,000	-0,58	185,28
682	14.09.2017 19:38:30,000	-0,62	183,53
683	14.09.2017 19:38:40,000	-0,67	181,30
684	14.09.2017 19:38:50,000	-0,71	179,32
685	14.09.2017 19:39:00,000	-0,79	177,52
686	14.09.2017 19:39:10,000	-0,92	175,43
687	14.09.2017 19:39:20,000	-0,96	173,45
688	14.09.2017 19:39:30,000	-1,00	170,98
689	14.09.2017 19:39:40,000	-1,04	168,75
690	14.09.2017 19:39:50,000	-1,09	166,03
691	14.09.2017 19:40:00,000	-1,13	163,80
692	14.09.2017 19:40:10,000	-1,13	161,14
693	14.09.2017 19:40:20,000	-1,13	158,72
694	14.09.2017 19:40:30,000	-1,17	156,25
695	14.09.2017 19:40:40,000	-1,17	153,83
696	14.09.2017 19:40:50,000	-1,17	151,17
697	14.09.2017 19:41:00,000	-1,17	148,75
698	14.09.2017 19:41:10,000	-1,17	146,57
699	14.09.2017 19:41:20,000	-1,17	143,90
700	14.09.2017 19:41:30,000	-1,17	141,73
701	14.09.2017 19:41:40,000	-1,17	139,31
702	14.09.2017 19:41:50,000	-1,09	137,23
703	14.09.2017 19:42:00,000	-1,04	135,34
704	14.09.2017 19:42:10,000	-1,00	133,46
705	14.09.2017 19:42:20,000	-0,96	131,33
706	14.09.2017 19:42:30,000	-0,96	129,40
707	14.09.2017 19:42:40,000	-0,96	127,70
708	14.09.2017 19:42:50,000	-0,92	125,82
709	14.09.2017 19:43:00,000	-0,92	124,12
710	14.09.2017 19:43:10,000	-0,83	122,53
711	14.09.2017 19:43:20,000	-0,79	121,13
712	14.09.2017 19:43:30,000	-0,75	119,49
713	14.09.2017 19:43:40,000	-0,71	117,60
714	14.09.2017 19:43:50,000	-0,67	116,20
715	14.09.2017 19:44:00,000	-0,58	114,61
716	14.09.2017 19:44:10,000	-0,58	113,40
717	14.09.2017 19:44:20,000	-0,58	111,46
718	14.09.2017 19:44:30,000	-0,54	110,06
719	14.09.2017 19:44:40,000	-0,62	108,03
720	14.09.2017 19:44:50,000	-0,41	105,86
721	14.09.2017 19:45:00,000	-0,17	104,22
722	14.09.2017 19:45:10,000	-0,04	102,44
723	14.09.2017 19:45:20,000	0,08	100,65
724	14.09.2017 19:45:30,000	0,16	99,06
725	14.09.2017 19:45:40,000	0,25	97,46
726	14.09.2017 19:45:50,000	0,29	95,34
727	14.09.2017 19:46:00,000	0,37	93,74
728	14.09.2017 19:46:10,000	0,45	91,91
729	14.09.2017 19:46:20,000	0,53	90,56
730	14.09.2017 19:46:30,000	0,53	88,87
731	14.09.2017 19:46:40,000	0,57	87,71
732	14.09.2017 19:46:50,000	0,57	86,26
733	14.09.2017 19:47:00,000	0,65	84,91
734	14.09.2017 19:47:10,000	0,69	83,99
735	14.09.2017 19:47:20,000	0,69	82,78
736	14.09.2017 19:47:30,000	0,73	81,86
737	14.09.2017 19:47:40,000	0,77	80,70
738	14.09.2017 19:47:50,000	0,77	79,74
739	14.09.2017 19:48:00,000	0,81	78,82
740	14.09.2017 19:48:10,000	0,90	77,95
741	14.09.2017 19:48:20,000	0,90	77,23
742	14.09.2017 19:48:30,000	0,98	76,36
743	14.09.2017 19:48:40,000	1,02	75,92
744	14.09.2017 19:48:50,000	1,02	74,96
745	14.09.2017 19:49:00,000	1,06	74,04
746	14.09.2017 19:49:10,000	1,10	73,12
747	14.09.2017 19:49:20,000	1,10	72,40
748	14.09.2017 19:49:30,000	1,10	71,67
749	14.09.2017 19:49:40,000	1,14	71,00
750	14.09.2017 19:49:50,000	1,18	70,08
751	14.09.2017 19:50:00,000	1,22	69,65
752	14.09.2017 19:50:10,000	1,34	68,82
753	14.09.2017 19:50:20,000	1,46	67,76
754	14.09.2017 19:50:30,000	1,50	67,09
755	14.09.2017 19:50:40,000	1,57	66,46
756	14.09.2017 19:50:50,000	1,65	65,11
757	14.09.2017 19:51:00,000	1,65	64,38
758	14.09.2017 19:51:10,000	1,77	63,56
759	14.09.2017 19:51:20,000	1,97	62,59
760	14.09.2017 19:51:30,000	1,93	61,82
761	14.09.2017 19:51:40,000	1,97	60,90
762	14.09.2017 19:51:50,000	2,01	60,23
763	14.09.2017 19:52:00,000	2,05	59,55
764	14.09.2017 19:52:10,000	2,05	58,59
765	14.09.2017 19:52:20,000	2,05	57,86
766	14.09.2017 19:52:30,000	2,13	56,99
767	14.09.2017 19:52:40,000	2,28	55,74
768	14.09.2017 19:52:50,000	2,44	54,96
769	14.09.2017 19:53:00,000	2,52	54,33
770	14.09.2017 19:53:10,000	2,55	53,65
771	14.09.2017 19:53:20,000	2,67	52,59
772	14.09.2017 19:53:30,000	2,75	51,96
773	14.09.2017 19:53:40,000	2,71	51,43
774	14.09.2017 19:53:50,000	2,79	50,80
775	14.09.2017 19:54:00,000	2,82	50,37
776	14.09.2017 19:54:10,000	2,82	49,64
777	14.09.2017 19:54:20,000	2,82	49,40
778	14.09.2017 19:54:30,000	2,82	48,92
779	14.09.2017 19:54:40,000	2,86	48,72
780	14.09.2017 19:54:50,000	2,86	48,48
781	14.09.2017 19:55:00,000	2,86	47,76
782	14.09.2017 19:55:10,000	2,86	47,52
783	14.09.2017 19:55:20,000	2,86	47,04
784	14.09.2017 19:55:30,000	2,86	46,55
785	14.09.2017 19:55:40,000	2,86	46,55
786	14.09.2017 19:55:50,000	2,86	45,83
787	14.09.2017 19:56:00,000	2,86	45,59
788	14.09.2017 19:56:10,000	2,86	45,35
789	14.09.2017 19:56:20,000	2,86	45,11
790	14.09.2017 19:56:30,000	2,86	44,86
791	14.09.2017 19:56:40,000	2,86	44,38
792	14.09.2017 19:56:50,000	2,90	44,43
793	14.09.2017 19:57:00,000	2,86	43,90
794	14.09.2017 19:57:10,000	2,86	43,66
795	14.09.2017 19:57:20,000	2,90	43,46
796	14.09.2017 19:57:30,000	2,90	43,22
797	14.09.2017 19:57:40,000	2,90	42,74
798	14.09.2017 19:57:50,000	2,98	42,35
799	14.09.2017 19:58:00,000	3,05	41,96
800	14.09.2017 19:58:10,000	3,09	41,53
801	14.09.2017 19:58:20,000	3,13	41,09
802	14.09.2017 19:58:30,000	3,13	40,61
803	14.09.2017 19:58:40,000	3,17	40,18
804	14.09.2017 19:58:50,000	3,21	39,50
805	14.09.2017 19:59:00,000	3,24	38,82
806	14.09.2017 19:59:10,000	3,28	38,15
807	14.09.2017 19:59:20,000	3,32	37,23
808	14.09.2017 19:59:30,000	3,36	36,79
809	14.09.2017 19:59:40,000	3,36	36,55
810	14.09.2017 19:59:50,000	3,40	35,87
811	14.09.2017 20:00:00,000	3,47	35,49
812	14.09.2017 20:00:10,000	3,51	34,57
813	14.09.2017 20:00:20,000	3,55	33,89
814	14.09.2017 20:00:30,000	3,62	33,26
815	14.09.2017 20:00:40,000	3,81	32,53
816	14.09.2017 20:00:50,000	4,19	31,54
817	14.09.2017 20:01:00,000	4,52	31,23
818	14.09.2017 20:01:10,000	4,67	31,41
819	14.09.2017 20:01:20,000	4,63	31,85
820	14.09.2017 20:01:30,000	4,30	32,40
821	14.09.2017 20:01:40,000	4,15	32,70
822	14.09.2017 20:01:50,000	4,07	33,09
823	14.09.2017 20:02:00,000	3,96	33,68
824	14.09.2017 20:02:10,000	3,89	34,07
825	14.09.2017 20:02:20,000	3,81	34,46
826	14.09.2017 20:02:30,000	3,77	34,89
827	14.09.2017 20:02:40,000	3,70	35,76
828	14.09.2017 20:02:50,000	3,59	36,35
829	14.09.2017 20:03:00,000	3,55	36,54
830	14.09.2017 20:03:10,000	3,51	36,26
831	14.09.2017 20:03:20,000	3,51	36,26
832	14.09.2017 20:03:30,000	3,55	35,58
833	14.09.2017 20:03:40,000	3,59	35,14
834	14.09.2017 20:03:50,000	3,62	34,47
835	14.09.2017 20:04:00,000	3,66	33,55
836	14.09.2017 20:04:10,000	3,77	32,72
837	14.09.2017 20:04:20,000	4,22	31,35
838	14.09.2017 20:04:30,000	4,70	30,50
839	14.09.2017 20:04:40,000	5,18	29,64
840	14.09.2017 20:04:50,000	5,29	29,29
841	14.09.2017 20:05:00,000	5,29	28,57
842	14.09.2017 20:05:10,000	5,25	27,80
843	14.09.2017 20:05:20,000	5,40	27,26
844	14.09.2017 20:05:30,000	5,51	26,43
845	14.09.2017 20:05:40,000	5,43	26,34
846	14.09.2017 20:05:50,000	5,40	26,05
847	14.09.2017 20:06:00,000	5,40	26,29
848	14.09.2017 20:06:10,000	5,40	26,53
849	14.09.2017 20:06:20,000	5,43	26,58
850	14.09.2017 20:06:30,000	5,47	26,62
851	14.09.2017 20:06:40,000	5,51	26,67
852	14.09.2017 20:06:50,000	5,54	26,71
853	14.09.2017 20:07:00,000	5,58	26,28
854	14.09.2017 20:07:10,000	5,58	26,28
855	14.09.2017 20:07:20,000	5,62	26,32
856	14.09.2017 20:07:30,000	5,65	26,12
857	14.09.2017 20:07:40,000	5,69	26,17
858	14.09.2017 20:07:50,000	5,72	25,97
859	14.09.2017 20:08:00,000	5,69	26,17
860	14.09.2017 20:08:10,000	5,58	26,03
861	14.09.2017 20:08:20,000	5,47	25,90
862	14.09.2017 20:08:30,000	5,40	26,05
863	14.09.2017 20:08:40,000	5,36	25,77
864	14.09.2017 20:08:50,000	5,33	25,72
865	14.09.2017 20:09:00,000	5,29	25,19
866	14.09.2017 20:09:10,000	5,29	24,71
867	14.09.2017 20:09:20,000	5,36	23,84
868	14.09.2017 20:09:30,000	5,25	23,22
869	14.09.2017 20:09:40,000	5,00	22,91
870	14.09.2017 20:09:50,000	4,59	22,65
871	14.09.2017 20:10:00,000	4,41	22,66
872	14.09.2017 20:10:10,000	4,00	22,40
873	14.09.2017 20:10:20,000	3,92	21,34
874	14.09.2017 20:10:30,000	3,92	20,86
875	14.09.2017 20:10:40,000	3,96	20,42
876	14.09.2017 20:10:50,000	3,96	19,70
877	14.09.2017 20:11:00,000	4,00	19,27
878	14.09.2017 20:11:10,000	4,00	19,02
879	14.09.2017 20:11:20,000	4,04	19,07
880	14.09.2017 20:11:30,000	4,04	19,31
881	14.09.2017 20:11:40,000	4,04	19,79
882	14.09.2017 20:11:50,000	4,04	20,03
883	14.09.2017 20:12:00,000	4,00	20,23
884	14.09.2017 20:12:10,000	4,00	20,47
885	14.09.2017 20:12:20,000	3,96	19,94
886	14.09.2017 20:12:30,000	4,00	19,51
887	14.09.2017 20:12:40,000	4,04	19,07
888	14.09.2017 20:12:50,000	4,07	18,88
889	14.09.2017 20:13:00,000	4,07	18,64
890	14.09.2017 20:13:10,000	4,11	18,44
891	14.09.2017 20:13:20,000	4,11	18,68
892	14.09.2017 20:13:30,000	4,15	19,21
893	14.09.2017 20:13:40,000	4,15	19,45
894	14.09.2017 20:13:50,000	4,15	19,45
895	14.09.2017 20:14:00,000	4,15	18,97
896	14.09.2017 20:14:10,000	4,22	18,82
897	14.09.2017 20:14:20,000	4,26	18,86
898	14.09.2017 20:14:30,000	4,22	19,06
899	14.09.2017 20:14:40,000	4,19	19,25
900	14.09.2017 20:14:50,000	4,15	19,45
901	14.09.2017 20:15:00,000	4,11	19,64
902	14.09.2017 20:15:10,000	4,15	19,69
903	14.09.2017 20:15:20,000	4,11	19,64
904	14.09.2017 20:15:30,000	4,07	19,84
905	14.09.2017 20:15:40,000	4,11	19,89
906	14.09.2017 20:15:50,000	4,11	21,09
907	14.09.2017 20:16:00,000	3,85	21,25
908	14.09.2017 20:16:10,000	3,70	21,30
909	14.09.2017 20:16:20,000	3,66	21,26
910	14.09.2017 20:16:30,000	3,51	21,31
911	14.09.2017 20:16:40,000	3,32	21,56
912	14.09.2017 20:16:50,000	3,28	21,27
913	14.09.2017 20:17:00,000	3,21	21,18
914	14.09.2017 20:17:10,000	2,98	21,62
915	14.09.2017 20:17:20,000	2,82	21,43
916	14.09.2017 20:17:30,000	2,75	21,34
917	14.09.2017 20:17:40,000	2,71	21,29
918	14.09.2017 20:17:50,000	2,67	21,49
919	14.09.2017 20:18:00,000	2,63	21,44
920	14.09.2017 20:18:10,000	2,63	21,20
921	14.09.2017 20:18:20,000	2,82	19,75
922	14.09.2017 20:18:30,000	3,62	17,36
923	14.09.2017 20:18:40,000	3,81	16,87
924	14.09.2017 20:18:50,000	3,96	16,33
925	14.09.2017 20:19:00,000	4,04	16,18
926	14.09.2017 20:19:10,000	4,11	16,75
927	14.09.2017 20:19:20,000	4,15	17,28
928	14.09.2017 20:19:30,000	4,19	17,57
929	14.09.2017 20:19:40,000	4,22	18,10
930	14.09.2017 20:19:50,000	4,22	17,61
931	14.09.2017 20:20:00,000	4,26	17,18
932	14.09.2017 20:20:10,000	4,26	16,70
933	14.09.2017 20:20:20,000	4,30	15,78
934	14.09.2017 20:20:30,000	4,30	15,54
935	14.09.2017 20:20:40,000	4,26	14,53
936	14.09.2017 20:20:50,000	4,22	13,76
937	14.09.2017 20:21:00,000	4,19	12,75
938	14.09.2017 20:21:10,000	4,15	11,98
939	14.09.2017 20:21:20,000	4,15	10,54
940	14.09.2017 20:21:30,000	4,11	10,01
941	14.09.2017 20:21:40,000	4,07	9,00
942	14.09.2017 20:21:50,000	4,04	8,24
943	14.09.2017 20:22:00,000	4,00	7,95
944	14.09.2017 20:22:10,000	3,96	7,18
945	14.09.2017 20:22:20,000	3,92	6,17
946	14.09.2017 20:22:30,000	3,89	5,89
947	14.09.2017 20:22:40,000	3,85	5,36
948	14.09.2017 20:22:50,000	3,81	4,83
949	14.09.2017 20:23:00,000	3,81	4,35
950	14.09.2017 20:23:10,000	3,70	3,49
951	14.09.2017 20:23:20,000	3,59	2,15
952	14.09.2017 20:23:30,000	3,51	0,37
953	14.09.2017 20:23:40,000	3,40	0,00
954	14.09.2017 20:23:50,000	3,40	0,00
955	14.09.2017 20:24:00,000	3,40	0,00
956	14.09.2017 20:24:10,000	3,40	0,00
957	14.09.2017 20:24:20,000	3,40	0,00
958	14.09.2017 20:24:30,000	3,40	0,00
959	14.09.2017 20:24:40,000	3,40	0,00
960	14.09.2017 20:24:50,000	3,40	0,00
961	14.09.2017 20:25:00,000	3,40	0,00
962	14.09.2017 20:25:10,000	3,40	0,00
963	14.09.2017 20:25:20,000	3,40	0,00
964	14.09.2017 20:25:30,000	3,40	0,00
965	14.09.2017 20:25:40,000	3,40	0,00
966	14.09.2017 20:25:50,000	3,36	0,00
967	14.09.2017 20:26:00,000	3,36	0,00
968	14.09.2017 20:26:10,000	3,36	0,00
969	14.09.2017 20:26:20,000	3,36	0,00
970	14.09.2017 20:26:30,000	3,36	0,00
971	14.09.2017 20:26:40,000	3,36	0,00
972	14.09.2017 20:26:50,000	3,36	0,00
973	14.09.2017 20:27:00,000	3,40	0,00
974	14.09.2017 20:27:10,000	3,40	0,00
975	14.09.2017 20:27:20,000	3,40	0,00
976	14.09.2017 20:27:30,000	3,40	0,00
977	14.09.2017 20:27:40,000	3,40	0,00
978	14.09.2017 20:27:50,000	3,40	0,00
979	14.09.2017 20:28:00,000	3,40	0,00
980	14.09.2017 20:28:10,000	3,40	0,00
981	14.09.2017 20:28:20,000	3,43	0,00
982	14.09.2017 20:28:30,000	3,43	0,00
983	14.09.2017 20:28:40,000	3,43	0,00
984	14.09.2017 20:28:50,000	3,43	0,00
985	14.09.2017 20:29:00,000	3,43	0,00
986	14.09.2017 20:29:10,000	3,47	0,00
987	14.09.2017 20:29:20,000	3,47	0,00
988	14.09.2017 20:29:30,000	3,47	0,00
989	14.09.2017 20:29:40,000	3,51	0,00
990	14.09.2017 20:29:50,000	3,51	0,00
991	14.09.2017 20:30:00,000	3,51	0,00
992	14.09.2017 20:30:10,000	3,51	0,00
993	14.09.2017 20:30:20,000	3,51	0,00
994	14.09.2017 20:30:30,000	3,55	0,00
995	14.09.2017 20:30:40,000	3,55	0,00
996	14.09.2017 20:30:50,000	3,59	0,00
997	14.09.2017 20:31:00,000	3,59	0,00
998	14.09.2017 20:31:10,000	3,59	0,00
999	14.09.2017 20:31:20,000	3,62	0,00
1000	14.09.2017 20:31:30,000	3,62	0,00
1001	14.09.2017 20:31:40,000	3,66	0,00
1002	14.09.2017 20:31:50,000	3,66	0,00
1003	14.09.2017 20:32:00,000	3,70	0,00
1004	14.09.2017 20:32:10,000	3,70	0,00
1005	14.09.2017 20:32:20,000	3,74	0,00
1006	14.09.2017 20:32:30,000	3,74	0,00
1007	14.09.2017 20:32:40,000	3,77	0,00
1008	14.09.2017 20:32:50,000	3,81	0,00
1009	14.09.2017 20:33:00,000	3,81	0,00
1010	14.09.2017 20:33:10,000	3,85	0,00
1011	14.09.2017 20:33:20,000	3,89	0,00
1012	14.09.2017 20:33:30,000	3,89	0,00
1013	14.09.2017 20:33:40,000	3,92	0,00
1014	14.09.2017 20:33:50,000	3,92	0,00
1015	14.09.2017 20:34:00,000	3,96	0,00
1016	14.09.2017 20:34:10,000	4,00	0,00
1017	14.09.2017 20:34:20,000	4,04	0,00
1018	14.09.2017 20:34:30,000	4,04	0,00
1019	14.09.2017 20:34:40,000	4,07	0,00
1020	14.09.2017 20:34:50,000	4,11	0,00
1021	14.09.2017 20:35:00,000	4,11	0,00
1022	14.09.2017 20:35:10,000	4,15	0,00
1023	14.09.2017 20:35:20,000	4,15	0,00
1024	14.09.2017 20:35:30,000	4,19	0,00
1025	14.09.2017 20:35:40,000	4,22	0,00
1026	14.09.2017 20:35:50,000	4,26	0,00
1027	14.09.2017 20:36:00,000	4,30	0,00
1028	14.09.2017 20:36:10,000	4,30	0,00
1029	14.09.2017 20:36:20,000	4,33	0,00
1030	14.09.2017 20:36:30,000	4,37	0,00
1031	14.09.2017 20:36:40,000	4,41	0,00
1032	14.09.2017 20:36:50,000	4,45	0,00
1033	14.09.2017 20:37:00,000	4,48	0,00
1034	14.09.2017 20:37:10,000	4,48	0,00
1035	14.09.2017 20:37:20,000	4,52	0,00
1036	14.09.2017 20:37:30,000	4,56	0,00
1037	14.09.2017 20:37:40,000	4,59	0,00
1038	14.09.2017 20:37:50,000	4,63	0,00
1039	14.09.2017 20:38:00,000	4,67	0,00
1040	14.09.2017 20:38:10,000	4,70	0,00
1041	14.09.2017 20:38:20,000	4,70	0,00
1042	14.09.2017 20:38:30,000	4,74	0,00
1043	14.09.2017 20:38:40,000	4,78	0,00
1044	14.09.2017 20:38:50,000	4,81	0,00
1045	14.09.2017 20:39:00,000	4,85	0,00
1046	14.09.2017 20:39:10,000	4,85	0,00
1047	14.09.2017 20:39:20,000	4,89	0,00
1048	14.09.2017 20:39:30,000	4,92	0,00
1049	14.09.2017 20:39:40,000	4,96	0,00
1050	14.09.2017 20:39:50,000	5,00	0,00
1051	14.09.2017 20:40:00,000	5,03	0,00
1052	14.09.2017 20:40:10,000	5,07	0,00
1053	14.09.2017 20:40:20,000	5,11	0,00
1054	14.09.2017 20:40:30,000	5,14	0,00
1055	14.09.2017 20:40:40,000	5,18	0,00
1056	14.09.2017 20:40:50,000	5,22	0,00
1057	14.09.2017 20:41:00,000	5,25	0,00
1058	14.09.2017 20:41:10,000	5,29	0,00
1059	14.09.2017 20:41:20,000	5,33	0,00
1060	14.09.2017 20:41:30,000	5,33	0,00
1061	14.09.2017 20:41:40,000	5,36	0,00
1062	14.09.2017 20:41:50,000	5,40	0,00
1063	14.09.2017 20:42:00,000	5,43	0,00
1064	14.09.2017 20:42:10,000	5,47	0,00
1065	14.09.2017 20:42:20,000	5,51	0,00
1066	14.09.2017 20:42:30,000	5,54	0,00
1067	14.09.2017 20:42:40,000	5,58	0,00
1068	14.09.2017 20:42:50,000	5,62	0,00
1069	14.09.2017 20:43:00,000	5,65	0,00
1070	14.09.2017 20:43:10,000	5,69	0,00
1071	14.09.2017 20:43:20,000	5,72	0,00
1072	14.09.2017 20:43:30,000	5,76	0,00
1073	14.09.2017 20:43:40,000	5,80	0,00
1074	14.09.2017 20:43:50,000	5,83	0,00
1075	14.09.2017 20:44:00,000	5,87	0,00
1076	14.09.2017 20:44:10,000	5,90	0,00
1077	14.09.2017 20:44:20,000	5,94	0,00
1078	14.09.2017 20:44:30,000	5,97	0,00
1079	14.09.2017 20:44:40,000	6,01	0,00
1080	14.09.2017 20:44:50,000	6,05	0,00
1081	14.09.2017 20:45:00,000	6,08	0,00
1082	14.09.2017 20:45:10,000	6,12	0,00
1083	14.09.2017 20:45:20,000	6,15	0,00
1084	14.09.2017 20:45:30,000	6,19	0,00
1085	14.09.2017 20:45:40,000	6,22	0,00
1086	14.09.2017 20:45:50,000	6,26	0,00
1087	14.09.2017 20:46:00,000	6,30	0,00
1088	14.09.2017 20:46:10,000	6,33	0,00
1089	14.09.2017 20:46:20,000	6,37	0,00
1090	14.09.2017 20:46:30,000	6,40	0,00
1091	14.09.2017 20:46:40,000	6,44	0,00
1092	14.09.2017 20:46:50,000	6,47	0,00
1093	14.09.2017 20:47:00,000	6,51	0,00
1094	14.09.2017 20:47:10,000	6,54	0,00
1095	14.09.2017 20:47:20,000	6,58	0,00
1096	14.09.2017 20:47:30,000	6,61	0,00
1097	14.09.2017 20:47:40,000	6,65	0,00
1098	14.09.2017 20:47:50,000	6,68	0,00
1099	14.09.2017 20:48:00,000	6,72	0,00
1100	14.09.2017 20:48:10,000	6,76	0,00
1101	14.09.2017 20:48:20,000	6,79	0,00
1102	14.09.2017 20:48:30,000	6,86	0,00
1103	14.09.2017 20:48:40,000	6,86	0,00
1104	14.09.2017 20:48:50,000	6,93	0,00
1105	14.09.2017 20:49:00,000	6,97	0,00
1106	14.09.2017 20:49:10,000	7,00	0,00
1107	14.09.2017 20:49:20,000	7,00	0,00
1108	14.09.2017 20:49:30,000	7,04	0,00
1109	14.09.2017 20:49:40,000	7,07	0,00
1110	14.09.2017 20:49:50,000	7,11	0,00
1111	14.09.2017 20:50:00,000	7,14	0,00
1112	14.09.2017 20:50:10,000	7,18	0,00
1113	14.09.2017 20:50:20,000	7,21	0,00
1114	14.09.2017 20:50:30,000	7,25	0,00
1115	14.09.2017 20:50:40,000	7,28	0,00
1116	14.09.2017 20:50:50,000	7,32	0,00
1117	14.09.2017 20:51:00,000	7,35	0,00
1118	14.09.2017 20:51:10,000	7,38	0,00
1119	14.09.2017 20:51:20,000	7,42	0,00
1120	14.09.2017 20:51:30,000	7,45	0,00
1121	14.09.2017 20:51:40,000	7,49	0,00
1122	14.09.2017 20:51:50,000	7,52	0,00
1123	14.09.2017 20:52:00,000	7,56	0,00
1124	14.09.2017 20:52:10,000	7,56	0,00
1125	14.09.2017 20:52:20,000	7,59	0,00
1126	14.09.2017 20:52:30,000	7,63	0,00
1127	14.09.2017 20:52:40,000	7,66	0,00
1128	14.09.2017 20:52:50,000	7,70	0,00
1129	14.09.2017 20:53:00,000	7,73	0,00
1130	14.09.2017 20:53:10,000	7,77	0,00
1131	14.09.2017 20:53:20,000	7,80	0,00
1132	14.09.2017 20:53:30,000	7,83	0,00
1133	14.09.2017 20:53:40,000	7,83	0,00
1134	14.09.2017 20:53:50,000	7,87	0,00
1135	14.09.2017 20:54:00,000	7,90	0,00
1136	14.09.2017 20:54:10,000	7,94	0,00
1137	14.09.2017 20:54:20,000	7,97	0,00
1138	14.09.2017 20:54:30,000	8,01	0,00
1139	14.09.2017 20:54:40,000	8,04	0,00
1140	14.09.2017 20:54:50,000	8,04	0,00
1141	14.09.2017 20:55:00,000	8,07	0,00
1142	14.09.2017 20:55:10,000	8,11	0,00
1143	14.09.2017 20:55:20,000	8,11	0,00
1144	14.09.2017 20:55:30,000	8,14	0,00
1145	14.09.2017 20:55:40,000	8,18	0,00
1146	14.09.2017 20:55:50,000	8,21	0,00
1147	14.09.2017 20:56:00,000	8,25	0,00
1148	14.09.2017 20:56:10,000	8,28	0,00
1149	14.09.2017 20:56:20,000	8,28	0,00
1150	14.09.2017 20:56:30,000	8,31	0,00
1151	14.09.2017 20:56:40,000	8,35	0,00
1152	14.09.2017 20:56:50,000	8,38	0,00
1153	14.09.2017 20:57:00,000	8,42	0,00
1154	14.09.2017 20:57:10,000	8,42	0,00
1155	14.09.2017 20:57:20,000	8,45	0,00
1156	14.09.2017 20:57:30,000	8,48	0,00
1157	14.09.2017 20:57:40,000	8,52	0,00
1158	14.09.2017 20:57:50,000	8,55	0,00
1159	14.09.2017 20:58:00,000	8,55	0,00
1160	14.09.2017 20:58:10,000	8,59	0,00
1161	14.09.2017 20:58:20,000	8,62	0,00
1162	14.09.2017 20:58:30,000	8,65	0,00
1163	14.09.2017 20:58:40,000	8,65	0,00
1164	14.09.2017 20:58:50,000	8,69	0,00
1165	14.09.2017 20:59:00,000	8,72	0,00
1166	14.09.2017 20:59:10,000	8,72	0,00
1167	14.09.2017 20:59:20,000	8,76	0,00
1168	14.09.2017 20:59:30,000	8,79	0,00
1169	14.09.2017 20:59:40,000	8,82	0,00
1170	14.09.2017 20:59:50,000	8,86	0,00
1171	14.09.2017 21:00:00,000	8,89	0,00
1172	14.09.2017 21:00:10,000	8,92	0,00
1173	14.09.2017 21:00:20,000	8,92	0,00
1174	14.09.2017 21:00:30,000	8,96	0,00
1175	14.09.2017 21:00:40,000	8,99	0,00
1176	14.09.2017 21:00:50,000	9,02	0,00
1177	14.09.2017 21:01:00,000	9,06	0,00
1178	14.09.2017 21:01:10,000	9,09	0,00
1179	14.09.2017 21:01:20,000	9,13	0,00
1180	14.09.2017 21:01:30,000	9,13	0,00
1181	14.09.2017 21:01:40,000	9,16	0,00
1182	14.09.2017 21:01:50,000	9,19	0,00
1183	14.09.2017 21:02:00,000	9,19	0,00
1184	14.09.2017 21:02:10,000	9,23	0,00
1185	14.09.2017 21:02:20,000	9,26	0,00
1186	14.09.2017 21:02:30,000	9,29	0,00
1187	14.09.2017 21:02:40,000	9,33	0,00
1188	14.09.2017 21:02:50,000	9,36	0,00
1189	14.09.2017 21:03:00,000	9,39	0,00
1190	14.09.2017 21:03:10,000	9,43	0,00
1191	14.09.2017 21:03:20,000	9,46	0,00
1192	14.09.2017 21:03:30,000	9,49	0,00
1193	14.09.2017 21:03:40,000	9,53	0,00
1194	14.09.2017 21:03:50,000	9,56	0,00
1195	14.09.2017 21:04:00,000	9,59	0,00
1196	14.09.2017 21:04:10,000	9,63	0,00
1197	14.09.2017 21:04:20,000	9,66	0,00
1198	14.09.2017 21:04:30,000	9,69	0,00
1199	14.09.2017 21:04:40,000	9,73	0,00
1200	14.09.2017 21:04:50,000	9,73	0,00
1201	14.09.2017 21:05:00,000	9,76	0,00
1202	14.09.2017 21:05:10,000	9,79	0,00
1203	14.09.2017 21:05:20,000	9,83	0,00
1204	14.09.2017 21:05:30,000	9,86	0,00
1205	14.09.2017 21:05:40,000	9,89	0,00
1206	14.09.2017 21:05:50,000	9,93	0,00
1207	14.09.2017 21:06:00,000	9,96	0,00
1208	14.09.2017 21:06:10,000	9,99	0,00
1209	14.09.2017 21:06:20,000	10,02	0,00
1210	14.09.2017 21:06:30,000	10,06	0,00
1211	14.09.2017 21:06:40,000	10,09	0,00
1212	14.09.2017 21:06:50,000	10,12	0,00
1213	14.09.2017 21:07:00,000	10,16	0,00
1214	14.09.2017 21:07:10,000	10,19	0,00
1215	14.09.2017 21:07:20,000	10,22	0,00
1216	14.09.2017 21:07:30,000	10,26	0,00
1217	14.09.2017 21:07:40,000	10,26	0,00
1218	14.09.2017 21:07:50,000	10,29	0,00
1219	14.09.2017 21:08:00,000	10,32	0,00
1220	14.09.2017 21:08:10,000	10,35	0,00
1221	14.09.2017 21:08:20,000	10,39	0,00
1222	14.09.2017 21:08:30,000	10,42	0,00
1223	14.09.2017 21:08:40,000	10,45	0,00
1224	14.09.2017 21:08:50,000	10,48	0,00
1225	14.09.2017 21:09:00,000	10,52	0,00
1226	14.09.2017 21:09:10,000	10,55	0,00
1227	14.09.2017 21:09:20,000	10,58	0,00
1228	14.09.2017 21:09:30,000	10,58	0,00
1229	14.09.2017 21:09:40,000	10,62	0,00
1230	14.09.2017 21:09:50,000	10,65	0,00
1231	14.09.2017 21:10:00,000	10,68	0,00
1232	14.09.2017 21:10:10,000	10,71	0,00
1233	14.09.2017 21:10:20,000	10,75	0,00
1234	14.09.2017 21:10:30,000	10,78	0,00
1235	14.09.2017 21:10:40,000	10,81	0,00
1236	14.09.2017 21:10:50,000	10,81	0,00
1237	14.09.2017 21:11:00,000	10,84	0,00
1238	14.09.2017 21:11:10,000	10,88	0,00
1239	14.09.2017 21:11:20,000	10,91	0,00
1240	14.09.2017 21:11:30,000	10,94	0,00
1241	14.09.2017 21:11:40,000	10,97	0,00
1242	14.09.2017 21:11:50,000	11,01	0,00
1243	14.09.2017 21:12:00,000	11,01	0,00
1244	14.09.2017 21:12:10,000	11,04	0,00
1245	14.09.2017 21:12:20,000	11,07	0,00
1246	14.09.2017 21:12:30,000	11,10	0,00
1247	14.09.2017 21:12:40,000	11,14	0,00
1248	14.09.2017 21:12:50,000	11,17	0,00
1249	14.09.2017 21:13:00,000	11,17	0,00
1250	14.09.2017 21:13:10,000	11,20	0,00
1251	14.09.2017 21:13:20,000	11,23	0,00
1252	14.09.2017 21:13:30,000	11,27	0,00
1253	14.09.2017 21:13:40,000	11,30	0,00
1254	14.09.2017 21:13:50,000	11,30	0,00
1255	14.09.2017 21:14:00,000	11,33	0,00
1256	14.09.2017 21:14:10,000	11,36	0,00
1257	14.09.2017 21:14:20,000	11,39	0,00
1258	14.09.2017 21:14:30,000	11,39	0,00
1259	14.09.2017 21:14:40,000	11,43	0,00
1260	14.09.2017 21:14:50,000	11,46	0,00
1261	14.09.2017 21:15:00,000	11,49	0,00
1262	14.09.2017 21:15:10,000	11,52	0,00
1263	14.09.2017 21:15:20,000	11,52	0,00
1264	14.09.2017 21:15:30,000	11,56	0,00
1265	14.09.2017 21:15:40,000	11,59	0,00
1266	14.09.2017 21:15:50,000	11,62	0,00
1267	14.09.2017 21:16:00,000	11,65	0,00
1268	14.09.2017 21:16:10,000	11,65	0,00
1269	14.09.2017 21:16:20,000	11,68	0,00
1270	14.09.2017 21:16:30,000	11,72	0,00
1271	14.09.2017 21:16:40,000	11,75	0,00
1272	14.09.2017 21:16:50,000	11,75	0,00
1273	14.09.2017 21:17:00,000	11,78	0,00
1274	14.09.2017 21:17:10,000	11,81	0,00
1275	14.09.2017 21:17:20,000	11,81	0,00
1276	14.09.2017 21:17:30,000	11,84	0,00
1277	14.09.2017 21:17:40,000	11,88	0,00
1278	14.09.2017 21:17:50,000	11,88	0,00
1279	14.09.2017 21:18:00,000	11,91	0,00
1280	14.09.2017 21:18:10,000	11,94	0,00
1281	14.09.2017 21:18:20,000	11,94	0,00
1282	14.09.2017 21:18:30,000	11,97	0,00
1283	14.09.2017 21:18:40,000	12,00	0,00
1284	14.09.2017 21:18:50,000	12,00	0,00
1285	14.09.2017 21:19:00,000	12,04	0,00
1286	14.09.2017 21:19:10,000	12,07	0,00
1287	14.09.2017 21:19:20,000	12,07	0,00
1288	14.09.2017 21:19:30,000	12,10	0,00
1289	14.09.2017 21:19:40,000	12,13	0,00
1290	14.09.2017 21:19:50,000	12,13	0,00
1291	14.09.2017 21:20:00,000	12,16	0,00
1292	14.09.2017 21:20:10,000	12,20	0,00
1293	14.09.2017 21:20:20,000	12,20	0,00
1294	14.09.2017 21:20:30,000	12,23	0,06
1295	14.09.2017 21:20:40,000	12,26	0,00
1296	14.09.2017 21:20:50,000	12,26	0,00
1297	14.09.2017 21:21:00,000	12,29	0,00
1298	14.09.2017 21:21:10,000	12,29	0,00
1299	14.09.2017 21:21:20,000	12,32	0,00
1300	14.09.2017 21:21:30,000	12,32	0,00
1301	14.09.2017 21:21:40,000	12,36	0,00
1302	14.09.2017 21:21:50,000	12,36	0,00
1303	14.09.2017 21:22:00,000	12,39	0,00
1304	14.09.2017 21:22:10,000	12,39	0,00
1305	14.09.2017 21:22:20,000	12,42	0,00
1306	14.09.2017 21:22:30,000	12,45	0,09
1307	14.09.2017 21:22:40,000	12,45	0,00
1308	14.09.2017 21:22:50,000	12,48	0,00
1309	14.09.2017 21:23:00,000	12,48	0,00
1310	14.09.2017 21:23:10,000	12,51	0,00
1311	14.09.2017 21:23:20,000	12,51	0,00
1312	14.09.2017 21:23:30,000	12,55	0,00
1313	14.09.2017 21:23:40,000	12,55	0,00
1314	14.09.2017 21:23:50,000	12,58	0,00
1315	14.09.2017 21:24:00,000	12,58	0,00
1316	14.09.2017 21:24:10,000	12,58	0,00
1317	14.09.2017 21:24:20,000	12,61	0,00
1318	14.09.2017 21:24:30,000	12,64	0,00
1319	14.09.2017 21:24:40,000	12,64	0,00
1320	14.09.2017 21:24:50,000	12,64	0,00
1321	14.09.2017 21:25:00,000	12,67	0,00
1322	14.09.2017 21:25:10,000	12,67	0,12
1323	14.09.2017 21:25:20,000	12,70	0,00
1324	14.09.2017 21:25:30,000	12,70	0,00
1325	14.09.2017 21:25:40,000	12,70	0,00
1326	14.09.2017 21:25:50,000	12,74	0,00
1327	14.09.2017 21:26:00,000	12,74	0,00
1328	14.09.2017 21:26:10,000	12,77	0,00
1329	14.09.2017 21:26:20,000	12,77	0,00
1330	14.09.2017 21:26:30,000	12,77	0,00
1331	14.09.2017 21:26:40,000	12,80	0,00
1332	14.09.2017 21:26:50,000	12,80	0,00
1333	14.09.2017 21:27:00,000	12,83	0,00
1334	14.09.2017 21:27:10,000	12,83	0,00
1335	14.09.2017 21:27:20,000	12,83	0,00
1336	14.09.2017 21:27:30,000	12,83	0,00
1337	14.09.2017 21:27:40,000	12,83	0,00
1338	14.09.2017 21:27:50,000	12,86	0,00
1339	14.09.2017 21:28:00,000	12,86	0,00
1340	14.09.2017 21:28:10,000	12,86	0,00
1341	14.09.2017 21:28:20,000	12,89	0,00
1342	14.09.2017 21:28:30,000	12,89	0,00
1343	14.09.2017 21:28:40,000	12,89	0,00
1344	14.09.2017 21:28:50,000	12,89	0,00
1345	14.09.2017 21:29:00,000	12,92	0,00
1346	14.09.2017 21:29:10,000	12,92	0,00
1347	14.09.2017 21:29:20,000	12,92	0,00
1348	14.09.2017 21:29:30,000	12,92	0,00
1349	14.09.2017 21:29:40,000	12,96	0,00
1350	14.09.2017 21:29:50,000	12,96	0,00
1351	14.09.2017 21:30:00,000	12,96	0,00
1352	14.09.2017 21:30:10,000	12,96	0,00
1353	14.09.2017 21:30:20,000	12,96	0,00
1354	14.09.2017 21:30:30,000	12,96	0,00
1355	14.09.2017 21:30:40,000	12,96	0,00
1356	14.09.2017 21:30:50,000	12,99	0,00
1357	14.09.2017 21:31:00,000	12,99	0,00
1358	14.09.2017 21:31:10,000	12,99	0,00
1359	14.09.2017 21:31:20,000	12,99	0,00
1360	14.09.2017 21:31:30,000	12,99	0,00
1361	14.09.2017 21:31:40,000	12,99	0,00
1362	14.09.2017 21:31:50,000	12,99	0,00
1363	14.09.2017 21:32:00,000	12,99	0,00
1364	14.09.2017 21:32:10,000	12,99	0,00
1365	14.09.2017 21:32:20,000	12,99	0,00
1366	14.09.2017 21:32:30,000	12,99	0,00
1367	14.09.2017 21:32:40,000	12,99	0,00
1368	14.09.2017 21:32:50,000	12,99	0,00
1369	14.09.2017 21:33:00,000	12,99	0,00
1370	14.09.2017 21:33:10,000	12,99	0,00
1371	14.09.2017 21:33:20,000	12,99	0,00
1372	14.09.2017 21:33:30,000	12,99	0,00
1373	14.09.2017 21:33:40,000	12,99	0,00
1374	14.09.2017 21:33:50,000	12,99	0,00
1375	14.09.2017 21:34:00,000	12,99	0,00
1376	14.09.2017 21:34:10,000	12,99	0,00
1377	14.09.2017 21:34:20,000	12,99	0,00
1378	14.09.2017 21:34:30,000	12,99	0,00
1379	14.09.2017 21:34:40,000	12,99	0,00
1380	14.09.2017 21:34:50,000	12,99	0,00
1381	14.09.2017 21:35:00,000	12,96	0,00
1382	14.09.2017 21:35:10,000	12,96	0,00
1383	14.09.2017 21:35:20,000	12,96	0,00
1384	14.09.2017 21:35:30,000	12,96	0,00
1385	14.09.2017 21:35:40,000	12,96	0,00
1386	14.09.2017 21:35:50,000	12,96	0,00
1387	14.09.2017 21:36:00,000	12,96	0,00
1388	14.09.2017 21:36:10,000	12,96	0,00
1389	14.09.2017 21:36:20,000	12,92	0,00
1390	14.09.2017 21:36:30,000	12,92	0,00
1391	14.09.2017 21:36:40,000	12,92	0,00
1392	14.09.2017 21:36:50,000	12,92	0,00
1393	14.09.2017 21:37:00,000	12,92	0,00
1394	14.09.2017 21:37:10,000	12,92	0,00
1395	14.09.2017 21:37:20,000	12,89	0,00
1396	14.09.2017 21:37:30,000	12,89	0,15
1397	14.09.2017 21:37:40,000	12,89	0,00
1398	14.09.2017 21:37:50,000	12,89	0,00
1399	14.09.2017 21:38:00,000	12,89	0,15
1400	14.09.2017 21:38:10,000	12,86	0,00
1401	14.09.2017 21:38:20,000	12,86	0,11
1402	14.09.2017 21:38:30,000	12,86	0,11
1403	14.09.2017 21:38:40,000	12,86	0,00
1404	14.09.2017 21:38:50,000	12,86	0,00
1405	14.09.2017 21:39:00,000	12,83	0,00
1406	14.09.2017 21:39:10,000	12,83	0,00
1407	14.09.2017 21:39:20,000	12,83	0,00
1408	14.09.2017 21:39:30,000	12,83	0,07
1409	14.09.2017 21:39:40,000	12,83	0,07
1410	14.09.2017 21:39:50,000	12,83	0,07
1411	14.09.2017 21:40:00,000	12,80	0,00
1412	14.09.2017 21:40:10,000	12,80	0,00
1413	14.09.2017 21:40:20,000	12,80	0,00
1414	14.09.2017 21:40:30,000	12,80	0,00
1415	14.09.2017 21:40:40,000	12,77	0,00
1416	14.09.2017 21:40:50,000	12,77	0,00
1417	14.09.2017 21:41:00,000	12,77	0,00
1418	14.09.2017 21:41:10,000	12,77	0,00
1419	14.09.2017 21:41:20,000	12,77	0,00
1420	14.09.2017 21:41:30,000	12,74	0,00
1421	14.09.2017 21:41:40,000	12,74	0,00
1422	14.09.2017 21:41:50,000	12,74	0,00
1423	14.09.2017 21:42:00,000	12,70	0,00
1424	14.09.2017 21:42:10,000	12,70	0,00
1425	14.09.2017 21:42:20,000	12,70	0,00
1426	14.09.2017 21:42:30,000	12,70	0,00
1427	14.09.2017 21:42:40,000	12,67	0,12
1428	14.09.2017 21:42:50,000	12,67	0,12
1429	14.09.2017 21:43:00,000	12,67	0,00
1430	14.09.2017 21:43:10,000	12,67	0,00
1431	14.09.2017 21:43:20,000	12,64	0,08
1432	14.09.2017 21:43:30,000	12,64	0,00
1433	14.09.2017 21:43:40,000	12,64	0,00
1434	14.09.2017 21:43:50,000	12,64	0,00
1435	14.09.2017 21:44:00,000	12,61	0,00
1436	14.09.2017 21:44:10,000	12,61	0,00
1437	14.09.2017 21:44:20,000	12,61	0,00
1438	14.09.2017 21:44:30,000	12,61	0,00
1439	14.09.2017 21:44:40,000	12,61	0,00
1440	14.09.2017 21:44:50,000	12,58	0,00
1441	14.09.2017 21:45:00,000	12,58	0,00
1442	14.09.2017 21:45:10,000	12,58	0,00
1443	14.09.2017 21:45:20,000	12,58	0,00
1444	14.09.2017 21:45:30,000	12,58	0,00
1445	14.09.2017 21:45:40,000	12,58	0,00
1446	14.09.2017 21:45:50,000	12,55	0,00
1447	14.09.2017 21:46:00,000	12,55	0,21
1448	14.09.2017 21:46:10,000	12,55	0,00
1449	14.09.2017 21:46:20,000	12,55	0,00
1450	14.09.2017 21:46:30,000	12,55	0,00
1451	14.09.2017 21:46:40,000	12,55	0,00
1452	14.09.2017 21:46:50,000	12,55	0,00
1453	14.09.2017 21:47:00,000	12,51	0,00
1454	14.09.2017 21:47:10,000	12,51	0,17
1455	14.09.2017 21:47:20,000	12,51	0,00
1456	14.09.2017 21:47:30,000	12,51	0,00
1457	14.09.2017 21:47:40,000	12,51	0,00
1458	14.09.2017 21:47:50,000	12,51	0,17
1459	14.09.2017 21:48:00,000	12,51	0,17
1460	14.09.2017 21:48:10,000	12,51	0,00
1461	14.09.2017 21:48:20,000	12,48	0,00
1462	14.09.2017 21:48:30,000	12,48	0,00
1463	14.09.2017 21:48:40,000	12,48	0,00
1464	14.09.2017 21:48:50,000	12,48	0,00
1465	14.09.2017 21:49:00,000	12,48	0,13
1466	14.09.2017 21:49:10,000	12,48	0,00
1467	14.09.2017 21:49:20,000	12,48	0,13
1468	14.09.2017 21:49:30,000	12,48	0,00
1469	14.09.2017 21:49:40,000	12,48	0,00
1470	14.09.2017 21:49:50,000	12,45	0,00
1471	14.09.2017 21:50:00,000	12,45	0,09
1472	14.09.2017 21:50:10,000	12,45	0,00
1473	14.09.2017 21:50:20,000	12,45	0,00
1474	14.09.2017 21:50:30,000	12,45	0,00
1475	14.09.2017 21:50:40,000	12,45	0,09
1476	14.09.2017 21:50:50,000	12,45	0,09
1477	14.09.2017 21:51:00,000	12,45	0,00
1478	14.09.2017 21:51:10,000	12,45	0,00
1479	14.09.2017 21:51:20,000	12,45	0,09
1480	14.09.2017 21:51:30,000	12,45	0,00
1481	14.09.2017 21:51:40,000	12,45	0,09
1482	14.09.2017 21:51:50,000	12,45	0,09
1483	14.09.2017 21:52:00,000	12,45	0,09
1484	14.09.2017 21:52:10,000	12,45	0,00
1485	14.09.2017 21:52:20,000	12,45	0,00
1486	14.09.2017 21:52:30,000	12,45	0,00
1487	14.09.2017 21:52:40,000	12,45	0,00
1488	14.09.2017 21:52:50,000	12,45	0,00
1489	14.09.2017 21:53:00,000	12,45	0,09
1490	14.09.2017 21:53:10,000	12,45	0,00
1491	14.09.2017 21:53:20,000	12,45	0,00
1492	14.09.2017 21:53:30,000	12,48	0,13
1493	14.09.2017 21:53:40,000	12,48	0,00
1494	14.09.2017 21:53:50,000	12,48	0,00
1495	14.09.2017 21:54:00,000	12,48	0,00
1496	14.09.2017 21:54:10,000	12,48	0,00
1497	14.09.2017 21:54:20,000	12,48	0,00
1498	14.09.2017 21:54:30,000	12,48	0,00
1499	14.09.2017 21:54:40,000	12,51	0,00
1500	14.09.2017 21:54:50,000	12,51	0,00
1501	14.09.2017 21:55:00,000	12,51	0,00
1502	14.09.2017 21:55:10,000	12,51	0,00
1503	14.09.2017 21:55:20,000	12,51	0,00
1504	14.09.2017 21:55:30,000	12,51	0,00
1505	14.09.2017 21:55:40,000	12,55	0,00
1506	14.09.2017 21:55:50,000	12,55	0,21
1507	14.09.2017 21:56:00,000	12,55	0,21
1508	14.09.2017 21:56:10,000	12,55	0,00
1509	14.09.2017 21:56:20,000	12,58	0,00
1510	14.09.2017 21:56:30,000	12,58	0,25
1511	14.09.2017 21:56:40,000	12,58	0,00
1512	14.09.2017 21:56:50,000	12,58	0,00
1513	14.09.2017 21:57:00,000	12,58	0,00
1514	14.09.2017 21:57:10,000	12,61	0,00
1515	14.09.2017 21:57:20,000	12,61	0,00
1516	14.09.2017 21:57:30,000	12,61	0,00
1517	14.09.2017 21:57:40,000	12,64	0,08
1518	14.09.2017 21:57:50,000	12,64	0,00
1519	14.09.2017 21:58:00,000	12,64	0,08
1520	14.09.2017 21:58:10,000	12,64	0,08
1521	14.09.2017 21:58:20,000	12,67	0,00
1522	14.09.2017 21:58:30,000	12,67	0,00
1523	14.09.2017 21:58:40,000	12,70	0,16
1524	14.09.2017 21:58:50,000	12,70	0,16
1525	14.09.2017 21:59:00,000	12,70	0,16
1526	14.09.2017 21:59:10,000	12,70	0,00
1527	14.09.2017 21:59:20,000	12,74	0,20
1528	14.09.2017 21:59:30,000	12,74	0,00
1529	14.09.2017 21:59:40,000	12,77	0,00
1530	14.09.2017 21:59:50,000	12,77	0,00
1531	14.09.2017 22:00:00,000	12,77	0,00
1532	14.09.2017 22:00:10,000	12,80	0,00
1533	14.09.2017 22:00:20,000	12,80	0,00
1534	14.09.2017 22:00:30,000	12,83	0,07
1535	14.09.2017 22:00:40,000	12,83	0,07
1536	14.09.2017 22:00:50,000	12,83	0,07
1537	14.09.2017 22:01:00,000	12,83	0,31
1538	14.09.2017 22:01:10,000	12,86	0,11
1539	14.09.2017 22:01:20,000	12,86	0,11
1540	14.09.2017 22:01:30,000	12,86	0,11
1541	14.09.2017 22:01:40,000	12,89	0,15
1542	14.09.2017 22:01:50,000	12,89	0,00
1543	14.09.2017 22:02:00,000	12,92	0,00
1544	14.09.2017 22:02:10,000	12,92	0,00
1545	14.09.2017 22:02:20,000	12,96	0,00
1546	14.09.2017 22:02:30,000	12,96	0,00
1547	14.09.2017 22:02:40,000	12,96	0,00
1548	14.09.2017 22:02:50,000	12,99	0,00
1549	14.09.2017 22:03:00,000	12,99	0,00
1550	14.09.2017 22:03:10,000	13,02	0,00
1551	14.09.2017 22:03:20,000	13,02	0,06
1552	14.09.2017 22:03:30,000	13,05	0,10
1553	14.09.2017 22:03:40,000	13,05	0,00
1554	14.09.2017 22:03:50,000	13,08	0,00
1555	14.09.2017 22:04:00,000	13,08	0,14
1556	14.09.2017 22:04:10,000	13,08	0,00
1557	14.09.2017 22:04:20,000	13,11	0,00
1558	14.09.2017 22:04:30,000	13,11	0,00
1559	14.09.2017 22:04:40,000	13,14	0,00
1560	14.09.2017 22:04:50,000	13,14	0,00
1561	14.09.2017 22:05:00,000	13,18	0,00
1562	14.09.2017 22:05:10,000	13,18	0,00
1563	14.09.2017 22:05:20,000	13,18	0,00
1564	14.09.2017 22:05:30,000	13,21	0,00
1565	14.09.2017 22:05:40,000	13,21	0,05
1566	14.09.2017 22:05:50,000	13,24	0,09
1567	14.09.2017 22:06:00,000	13,24	0,00
1568	14.09.2017 22:06:10,000	13,27	0,00
1569	14.09.2017 22:06:20,000	13,27	0,13
1570	14.09.2017 22:06:30,000	13,27	0,00
1571	14.09.2017 22:06:40,000	13,30	0,00
1572	14.09.2017 22:06:50,000	13,30	0,00
1573	14.09.2017 22:07:00,000	13,30	0,00
1574	14.09.2017 22:07:10,000	13,33	0,00
1575	14.09.2017 22:07:20,000	13,33	0,00
1576	14.09.2017 22:07:30,000	13,33	0,00
1577	14.09.2017 22:07:40,000	13,33	0,00
1578	14.09.2017 22:07:50,000	13,36	0,00
1579	14.09.2017 22:08:00,000	13,36	0,00
1580	14.09.2017 22:08:10,000	13,36	0,00
1581	14.09.2017 22:08:20,000	13,40	0,00
1582	14.09.2017 22:08:30,000	13,40	0,00
1583	14.09.2017 22:08:40,000	13,40	0,00
1584	14.09.2017 22:08:50,000	13,43	0,00
1585	14.09.2017 22:09:00,000	13,43	0,08
1586	14.09.2017 22:09:10,000	13,43	0,00
1587	14.09.2017 22:09:20,000	13,46	0,00
1588	14.09.2017 22:09:30,000	13,46	0,00
1589	14.09.2017 22:09:40,000	13,46	0,00
1590	14.09.2017 22:09:50,000	13,46	0,00
1591	14.09.2017 22:10:00,000	13,49	0,00
1592	14.09.2017 22:10:10,000	13,49	0,00
1593	14.09.2017 22:10:20,000	13,52	0,00
1594	14.09.2017 22:10:30,000	13,52	0,00
1595	14.09.2017 22:10:40,000	13,52	0,00
1596	14.09.2017 22:10:50,000	13,52	0,00
1597	14.09.2017 22:11:00,000	13,52	0,00
1598	14.09.2017 22:11:10,000	13,55	0,00
1599	14.09.2017 22:11:20,000	13,55	0,00
1600	14.09.2017 22:11:30,000	13,55	0,00
1601	14.09.2017 22:11:40,000	13,55	0,00
1602	14.09.2017 22:11:50,000	13,58	0,00
1603	14.09.2017 22:12:00,000	13,58	0,00
1604	14.09.2017 22:12:10,000	13,58	0,00
1605	14.09.2017 22:12:20,000	13,58	0,00
1606	14.09.2017 22:12:30,000	13,58	0,00
1607	14.09.2017 22:12:40,000	13,58	0,00
1608	14.09.2017 22:12:50,000	13,61	0,07
1609	14.09.2017 22:13:00,000	13,61	0,07
1610	14.09.2017 22:13:10,000	13,61	0,00
1611	14.09.2017 22:13:20,000	13,61	0,07
1612	14.09.2017 22:13:30,000	13,61	0,00
1613	14.09.2017 22:13:40,000	13,61	0,07
1614	14.09.2017 22:13:50,000	13,65	0,11
1615	14.09.2017 22:14:00,000	13,65	0,11
1616	14.09.2017 22:14:10,000	13,65	0,00
1617	14.09.2017 22:14:20,000	13,65	0,11
1618	14.09.2017 22:14:30,000	13,65	0,00
1619	14.09.2017 22:14:40,000	13,65	0,00
1620	14.09.2017 22:14:50,000	13,65	0,00
1621	14.09.2017 22:15:00,000	13,65	0,00
1622	14.09.2017 22:15:10,000	13,65	0,00
1623	14.09.2017 22:15:20,000	13,65	0,00
1624	14.09.2017 22:15:30,000	13,65	0,00
1625	14.09.2017 22:15:40,000	13,65	0,11
1626	14.09.2017 22:15:50,000	13,65	0,00
1627	14.09.2017 22:16:00,000	13,68	0,00
1628	14.09.2017 22:16:10,000	13,68	0,15
1629	14.09.2017 22:16:20,000	13,68	0,00
1630	14.09.2017 22:16:30,000	13,68	0,00
1631	14.09.2017 22:16:40,000	13,68	0,00
1632	14.09.2017 22:16:50,000	13,68	0,00
1633	14.09.2017 22:17:00,000	13,68	0,15
1634	14.09.2017 22:17:10,000	13,68	0,00
1635	14.09.2017 22:17:20,000	13,68	0,00
1636	14.09.2017 22:17:30,000	13,68	0,00
1637	14.09.2017 22:17:40,000	13,68	0,00
1638	14.09.2017 22:17:50,000	13,68	0,00
1639	14.09.2017 22:18:00,000	13,68	0,15
1640	14.09.2017 22:18:10,000	13,68	0,00
1641	14.09.2017 22:18:20,000	13,68	0,00
1642	14.09.2017 22:18:30,000	13,68	0,00
1643	14.09.2017 22:18:40,000	13,68	0,00
1644	14.09.2017 22:18:50,000	13,68	0,00
1645	14.09.2017 22:19:00,000	13,68	0,00
1646	14.09.2017 22:19:10,000	13,68	0,00
1647	14.09.2017 22:19:20,000	13,68	0,15
1648	14.09.2017 22:19:30,000	13,68	0,00
1649	14.09.2017 22:19:40,000	13,68	0,15
1650	14.09.2017 22:19:50,000	13,68	0,00
1651	14.09.2017 22:20:00,000	13,65	0,00
1652	14.09.2017 22:20:10,000	13,65	0,11
1653	14.09.2017 22:20:20,000	13,65	0,11
1654	14.09.2017 22:20:30,000	13,65	0,00
1655	14.09.2017 22:20:40,000	13,65	0,11
1656	14.09.2017 22:20:50,000	13,65	0,00
1657	14.09.2017 22:21:00,000	13,65	0,00
1658	14.09.2017 22:21:10,000	13,65	0,00
1659	14.09.2017 22:21:20,000	13,65	0,00
1660	14.09.2017 22:21:30,000	13,65	0,11
1661	14.09.2017 22:21:40,000	13,65	0,00
1662	14.09.2017 22:21:50,000	13,65	0,00
1663	14.09.2017 22:22:00,000	13,61	0,00
1664	14.09.2017 22:22:10,000	13,61	0,00
1665	14.09.2017 22:22:20,000	13,61	0,07
1666	14.09.2017 22:22:30,000	13,61	0,07
1667	14.09.2017 22:22:40,000	13,61	0,00
1668	14.09.2017 22:22:50,000	13,61	0,31
1669	14.09.2017 22:23:00,000	13,61	0,07
1670	14.09.2017 22:23:10,000	13,58	0,00
1671	14.09.2017 22:23:20,000	13,58	0,00
1672	14.09.2017 22:23:30,000	13,58	0,00
1673	14.09.2017 22:23:40,000	13,58	0,00
1674	14.09.2017 22:23:50,000	13,58	0,00
1675	14.09.2017 22:24:00,000	13,58	0,00
1676	14.09.2017 22:24:10,000	13,58	0,00
1677	14.09.2017 22:24:20,000	13,55	0,00
1678	14.09.2017 22:24:30,000	13,55	0,00
1679	14.09.2017 22:24:40,000	13,55	0,00
1680	14.09.2017 22:24:50,000	13,55	0,00
1681	14.09.2017 22:25:00,000	13,55	0,00
1682	14.09.2017 22:25:10,000	13,55	0,00
1683	14.09.2017 22:25:20,000	13,52	0,20
1684	14.09.2017 22:25:30,000	13,52	0,00
1685	14.09.2017 22:25:40,000	13,52	0,20
1686	14.09.2017 22:25:50,000	13,52	0,20
1687	14.09.2017 22:26:00,000	13,52	0,00
1688	14.09.2017 22:26:10,000	13,52	0,20
1689	14.09.2017 22:26:20,000	13,49	0,00
1690	14.09.2017 22:26:30,000	13,49	0,16
1691	14.09.2017 22:26:40,000	13,49	0,00
1692	14.09.2017 22:26:50,000	13,49	0,00
1693	14.09.2017 22:27:00,000	13,49	0,16
1694	14.09.2017 22:27:10,000	13,46	0,12
1695	14.09.2017 22:27:20,000	13,46	0,12
1696	14.09.2017 22:27:30,000	13,46	0,00
1697	14.09.2017 22:27:40,000	13,46	0,12
1698	14.09.2017 22:27:50,000	13,46	0,12
1699	14.09.2017 22:28:00,000	13,46	0,12
1700	14.09.2017 22:28:10,000	13,43	0,08
1701	14.09.2017 22:28:20,000	13,43	0,08
1702	14.09.2017 22:28:30,000	13,43	0,08
1703	14.09.2017 22:28:40,000	13,43	0,08
1704	14.09.2017 22:28:50,000	13,43	0,08
1705	14.09.2017 22:29:00,000	13,40	0,00
1706	14.09.2017 22:29:10,000	13,40	0,00
1707	14.09.2017 22:29:20,000	13,40	0,00
1708	14.09.2017 22:29:30,000	13,40	0,00
1709	14.09.2017 22:29:40,000	13,40	0,00
1710	14.09.2017 22:29:50,000	13,36	0,00
1711	14.09.2017 22:30:00,000	13,36	0,00
1712	14.09.2017 22:30:10,000	13,36	0,00
1713	14.09.2017 22:30:20,000	13,36	0,00
1714	14.09.2017 22:30:30,000	13,36	0,00
1715	14.09.2017 22:30:40,000	13,33	0,00
1716	14.09.2017 22:30:50,000	13,33	0,00
1717	14.09.2017 22:31:00,000	13,33	0,00
1718	14.09.2017 22:31:10,000	13,33	0,00
1719	14.09.2017 22:31:20,000	13,33	0,00
1720	14.09.2017 22:31:30,000	13,33	0,00
1721	14.09.2017 22:31:40,000	13,33	0,21
1722	14.09.2017 22:31:50,000	13,30	0,17
1723	14.09.2017 22:32:00,000	13,30	0,00
1724	14.09.2017 22:32:10,000	13,30	0,00
1725	14.09.2017 22:32:20,000	13,30	0,17
1726	14.09.2017 22:32:30,000	13,30	0,17
1727	14.09.2017 22:32:40,000	13,27	0,00
1728	14.09.2017 22:32:50,000	13,27	0,00
1729	14.09.2017 22:33:00,000	13,27	0,13
1730	14.09.2017 22:33:10,000	13,27	0,13
1731	14.09.2017 22:33:20,000	13,24	0,09
1732	14.09.2017 22:33:30,000	13,24	0,09
1733	14.09.2017 22:33:40,000	13,24	0,09
1734	14.09.2017 22:33:50,000	13,24	0,09
1735	14.09.2017 22:34:00,000	13,21	0,05
1736	14.09.2017 22:34:10,000	13,21	0,05
1737	14.09.2017 22:34:20,000	13,21	0,05
1738	14.09.2017 22:34:30,000	13,21	0,05
1739	14.09.2017 22:34:40,000	13,21	0,05
1740	14.09.2017 22:34:50,000	13,18	0,00
1741	14.09.2017 22:35:00,000	13,18	0,00
1742	14.09.2017 22:35:10,000	13,18	0,00
1743	14.09.2017 22:35:20,000	13,18	0,00
1744	14.09.2017 22:35:30,000	13,14	0,00
1745	14.09.2017 22:35:40,000	13,14	0,00
1746	14.09.2017 22:35:50,000	13,14	0,00
1747	14.09.2017 22:36:00,000	13,14	0,00
1748	14.09.2017 22:36:10,000	13,14	0,22
1749	14.09.2017 22:36:20,000	13,11	0,00
1750	14.09.2017 22:36:30,000	13,11	0,00
1751	14.09.2017 22:36:40,000	13,11	0,00
1752	14.09.2017 22:36:50,000	13,11	0,00
1753	14.09.2017 22:37:00,000	13,08	0,14
1754	14.09.2017 22:37:10,000	13,08	0,00
1755	14.09.2017 22:37:20,000	13,08	0,14
1756	14.09.2017 22:37:30,000	13,08	0,00
1757	14.09.2017 22:37:40,000	13,08	0,00
1758	14.09.2017 22:37:50,000	13,08	0,14
1759	14.09.2017 22:38:00,000	13,05	0,00
1760	14.09.2017 22:38:10,000	13,05	0,10
1761	14.09.2017 22:38:20,000	13,05	0,10
1762	14.09.2017 22:38:30,000	13,05	0,10
1763	14.09.2017 22:38:40,000	13,05	0,00
1764	14.09.2017 22:38:50,000	13,02	0,00
1765	14.09.2017 22:39:00,000	13,02	0,06
1766	14.09.2017 22:39:10,000	13,02	0,06
1767	14.09.2017 22:39:20,000	13,02	0,00
1768	14.09.2017 22:39:30,000	13,02	0,06
1769	14.09.2017 22:39:40,000	13,02	0,06
1770	14.09.2017 22:39:50,000	13,02	0,06
1771	14.09.2017 22:40:00,000	12,99	0,00
1772	14.09.2017 22:40:10,000	12,99	0,00
1773	14.09.2017 22:40:20,000	12,99	0,00
1774	14.09.2017 22:40:30,000	12,99	0,00
1775	14.09.2017 22:40:40,000	12,99	0,00
1776	14.09.2017 22:40:50,000	12,99	0,00
1777	14.09.2017 22:41:00,000	12,99	0,00
1778	14.09.2017 22:41:10,000	12,99	0,00
1779	14.09.2017 22:41:20,000	12,96	0,00
1780	14.09.2017 22:41:30,000	12,96	0,00
1781	14.09.2017 22:41:40,000	12,96	0,00
1782	14.09.2017 22:41:50,000	12,96	0,00
1783	14.09.2017 22:42:00,000	12,96	0,00
1784	14.09.2017 22:42:10,000	12,96	0,23
1785	14.09.2017 22:42:20,000	12,96	0,00
1786	14.09.2017 22:42:30,000	12,96	0,00
1787	14.09.2017 22:42:40,000	12,96	0,00
1788	14.09.2017 22:42:50,000	12,96	0,00
1789	14.09.2017 22:43:00,000	12,96	0,00
1790	14.09.2017 22:43:10,000	12,96	0,00
1791	14.09.2017 22:43:20,000	12,96	0,00
1792	14.09.2017 22:43:30,000	12,96	0,00
1793	14.09.2017 22:43:40,000	12,96	0,00
1794	14.09.2017 22:43:50,000	12,96	0,00
1795	14.09.2017 22:44:00,000	12,96	0,00
1796	14.09.2017 22:44:10,000	12,96	0,00
1797	14.09.2017 22:44:20,000	12,96	0,00
1798	14.09.2017 22:44:30,000	12,96	0,00
1799	14.09.2017 22:44:40,000	12,96	0,00
1800	14.09.2017 22:44:50,000	12,96	0,23
1801	14.09.2017 22:45:00,000	12,96	0,00
1802	14.09.2017 22:45:10,000	12,99	0,00
1803	14.09.2017 22:45:20,000	12,99	0,00
1804	14.09.2017 22:45:30,000	12,99	0,00
1805	14.09.2017 22:45:40,000	12,99	0,00
1806	14.09.2017 22:45:50,000	12,99	0,00
1807	14.09.2017 22:46:00,000	12,99	0,00
1808	14.09.2017 22:46:10,000	12,99	0,00
1809	14.09.2017 22:46:20,000	13,02	0,06
1810	14.09.2017 22:46:30,000	13,02	0,06
1811	14.09.2017 22:46:40,000	13,02	0,06
1812	14.09.2017 22:46:50,000	13,02	0,06
1813	14.09.2017 22:47:00,000	13,02	0,06
1814	14.09.2017 22:47:10,000	13,05	0,10
1815	14.09.2017 22:47:20,000	13,05	0,10
1816	14.09.2017 22:47:30,000	13,05	0,00
1817	14.09.2017 22:47:40,000	13,05	0,00
1818	14.09.2017 22:47:50,000	13,05	0,10
1819	14.09.2017 22:48:00,000	13,08	0,00
1820	14.09.2017 22:48:10,000	13,08	0,14
1821	14.09.2017 22:48:20,000	13,08	0,00
1822	14.09.2017 22:48:30,000	13,08	0,00
1823	14.09.2017 22:48:40,000	13,11	0,00
1824	14.09.2017 22:48:50,000	13,11	0,00
1825	14.09.2017 22:49:00,000	13,11	0,00
1826	14.09.2017 22:49:10,000	13,14	0,00
1827	14.09.2017 22:49:20,000	13,14	0,22
1828	14.09.2017 22:49:30,000	13,14	0,22
1829	14.09.2017 22:49:40,000	13,14	0,00
1830	14.09.2017 22:49:50,000	13,18	0,00
1831	14.09.2017 22:50:00,000	13,18	0,00
1832	14.09.2017 22:50:10,000	13,18	0,00
1833	14.09.2017 22:50:20,000	13,21	0,05
1834	14.09.2017 22:50:30,000	13,21	0,05
1835	14.09.2017 22:50:40,000	13,21	0,05
1836	14.09.2017 22:50:50,000	13,24	0,09
1837	14.09.2017 22:51:00,000	13,24	0,09
1838	14.09.2017 22:51:10,000	13,24	0,09
1839	14.09.2017 22:51:20,000	13,27	0,13
1840	14.09.2017 22:51:30,000	13,27	0,13
1841	14.09.2017 22:51:40,000	13,27	0,00
1842	14.09.2017 22:51:50,000	13,27	0,00
1843	14.09.2017 22:52:00,000	13,30	0,00
1844	14.09.2017 22:52:10,000	13,30	0,00
1845	14.09.2017 22:52:20,000	13,30	0,00
1846	14.09.2017 22:52:30,000	13,33	0,00
1847	14.09.2017 22:52:40,000	13,33	0,21
1848	14.09.2017 22:52:50,000	13,33	0,00
1849	14.09.2017 22:53:00,000	13,33	0,00
1850	14.09.2017 22:53:10,000	13,36	0,00
1851	14.09.2017 22:53:20,000	13,36	0,00
1852	14.09.2017 22:53:30,000	13,36	0,00
1853	14.09.2017 22:53:40,000	13,40	0,00
1854	14.09.2017 22:53:50,000	13,40	0,00
1855	14.09.2017 22:54:00,000	13,40	0,00
1856	14.09.2017 22:54:10,000	13,43	0,08
1857	14.09.2017 22:54:20,000	13,43	0,00
1858	14.09.2017 22:54:30,000	13,43	0,08
1859	14.09.2017 22:54:40,000	13,46	0,12
1860	14.09.2017 22:54:50,000	13,46	0,12
1861	14.09.2017 22:55:00,000	13,46	0,12
1862	14.09.2017 22:55:10,000	13,46	0,12
1863	14.09.2017 22:55:20,000	13,49	0,16
1864	14.09.2017 22:55:30,000	13,49	0,16
1865	14.09.2017 22:55:40,000	13,49	0,16
1866	14.09.2017 22:55:50,000	13,52	0,20
1867	14.09.2017 22:56:00,000	13,52	0,00
1868	14.09.2017 22:56:10,000	13,52	0,00
1869	14.09.2017 22:56:20,000	13,52	0,00
1870	14.09.2017 22:56:30,000	13,52	0,20
1871	14.09.2017 22:56:40,000	13,55	0,00
1872	14.09.2017 22:56:50,000	13,55	0,00
1873	14.09.2017 22:57:00,000	13,55	0,00
1874	14.09.2017 22:57:10,000	13,55	0,00
1875	14.09.2017 22:57:20,000	13,58	0,00
1876	14.09.2017 22:57:30,000	13,58	0,00
1877	14.09.2017 22:57:40,000	13,58	0,00
1878	14.09.2017 22:57:50,000	13,58	0,00
1879	14.09.2017 22:58:00,000	13,58	0,00
1880	14.09.2017 22:58:10,000	13,58	0,27
1881	14.09.2017 22:58:20,000	13,61	0,07
1882	14.09.2017 22:58:30,000	13,61	0,07
1883	14.09.2017 22:58:40,000	13,61	0,07
1884	14.09.2017 22:58:50,000	13,61	0,07
1885	14.09.2017 22:59:00,000	13,61	0,07
1886	14.09.2017 22:59:10,000	13,61	0,00
1887	14.09.2017 22:59:20,000	13,65	0,11
1888	14.09.2017 22:59:30,000	13,65	0,11
1889	14.09.2017 22:59:40,000	13,65	0,00
1890	14.09.2017 22:59:50,000	13,65	0,00
1891	14.09.2017 23:00:00,000	13,65	0,11
1892	14.09.2017 23:00:10,000	13,65	0,00
1893	14.09.2017 23:00:20,000	13,65	0,11
1894	14.09.2017 23:00:30,000	13,68	0,00
1895	14.09.2017 23:00:40,000	13,68	0,15
1896	14.09.2017 23:00:50,000	13,68	0,15
1897	14.09.2017 23:01:00,000	13,68	0,15
1898	14.09.2017 23:01:10,000	13,68	0,15
1899	14.09.2017 23:01:20,000	13,68	0,15
1900	14.09.2017 23:01:30,000	13,68	0,00
1901	14.09.2017 23:01:40,000	13,68	0,00
1902	14.09.2017 23:01:50,000	13,68	0,15
1903	14.09.2017 23:02:00,000	13,71	0,00
1904	14.09.2017 23:02:10,000	13,71	0,18
1905	14.09.2017 23:02:20,000	13,71	0,00
1906	14.09.2017 23:02:30,000	13,71	0,00
1907	14.09.2017 23:02:40,000	13,71	0,00
1908	14.09.2017 23:02:50,000	13,71	0,00
1909	14.09.2017 23:03:00,000	13,71	0,00
1910	14.09.2017 23:03:10,000	13,71	0,00
1911	14.09.2017 23:03:20,000	13,71	0,00
1912	14.09.2017 23:03:30,000	13,71	0,18
1913	14.09.2017 23:03:40,000	13,71	0,00
1914	14.09.2017 23:03:50,000	13,71	0,00
1915	14.09.2017 23:04:00,000	13,71	0,00
1916	14.09.2017 23:04:10,000	13,71	0,00
1917	14.09.2017 23:04:20,000	13,71	0,00
1918	14.09.2017 23:04:30,000	13,74	0,00
1919	14.09.2017 23:04:40,000	13,74	0,00
1920	14.09.2017 23:04:50,000	13,74	0,00
1921	14.09.2017 23:05:00,000	13,74	0,00
1922	14.09.2017 23:05:10,000	13,74	0,00
1923	14.09.2017 23:05:20,000	13,74	0,00
1924	14.09.2017 23:05:30,000	13,74	0,00
1925	14.09.2017 23:05:40,000	13,74	0,00
1926	14.09.2017 23:05:50,000	13,74	0,00
1927	14.09.2017 23:06:00,000	13,74	0,00
1928	14.09.2017 23:06:10,000	13,74	0,00
1929	14.09.2017 23:06:20,000	13,74	0,00
1930	14.09.2017 23:06:30,000	13,74	0,00
1931	14.09.2017 23:06:40,000	13,74	0,00
1932	14.09.2017 23:06:50,000	13,74	0,00
1933	14.09.2017 23:07:00,000	13,74	0,00
1934	14.09.2017 23:07:10,000	13,74	0,00
1935	14.09.2017 23:07:20,000	13,74	0,00
1936	14.09.2017 23:07:30,000	13,74	0,00
1937	14.09.2017 23:07:40,000	13,74	0,00
1938	14.09.2017 23:07:50,000	13,74	0,00
1939	14.09.2017 23:08:00,000	13,74	0,00
1940	14.09.2017 23:08:10,000	13,74	0,00
1941	14.09.2017 23:08:20,000	13,74	0,00
1942	14.09.2017 23:08:30,000	13,74	0,00
1943	14.09.2017 23:08:40,000	13,74	0,00
1944	14.09.2017 23:08:50,000	13,74	0,00
1945	14.09.2017 23:09:00,000	13,74	0,00
1946	14.09.2017 23:09:10,000	13,74	0,00
1947	14.09.2017 23:09:20,000	13,74	0,00
1948	14.09.2017 23:09:30,000	13,74	0,00
1949	14.09.2017 23:09:40,000	13,74	0,00
1950	14.09.2017 23:09:50,000	13,74	0,00
1951	14.09.2017 23:10:00,000	13,74	0,00
1952	14.09.2017 23:10:10,000	13,74	0,00
1953	14.09.2017 23:10:20,000	13,74	0,22
1954	14.09.2017 23:10:30,000	13,74	0,00
1955	14.09.2017 23:10:40,000	13,74	0,00
1956	14.09.2017 23:10:50,000	13,71	0,00
1957	14.09.2017 23:11:00,000	13,71	0,00
1958	14.09.2017 23:11:10,000	13,71	0,00
1959	14.09.2017 23:11:20,000	13,71	0,00
1960	14.09.2017 23:11:30,000	13,71	0,00
1961	14.09.2017 23:11:40,000	13,71	0,18
1962	14.09.2017 23:11:50,000	13,71	0,18
1963	14.09.2017 23:12:00,000	13,71	0,00
1964	14.09.2017 23:12:10,000	13,71	0,18
1965	14.09.2017 23:12:20,000	13,71	0,00
1966	14.09.2017 23:12:30,000	13,71	0,18
1967	14.09.2017 23:12:40,000	13,71	0,00
1968	14.09.2017 23:12:50,000	13,71	0,18
1969	14.09.2017 23:13:00,000	13,71	0,18
1970	14.09.2017 23:13:10,000	13,71	0,00
1971	14.09.2017 23:13:20,000	13,71	0,00
1972	14.09.2017 23:13:30,000	13,71	0,18
1973	14.09.2017 23:13:40,000	13,68	0,15
1974	14.09.2017 23:13:50,000	13,68	0,00
1975	14.09.2017 23:14:00,000	13,68	0,15
1976	14.09.2017 23:14:10,000	13,68	0,00
1977	14.09.2017 23:14:20,000	13,68	0,00
1978	14.09.2017 23:14:30,000	13,68	0,00
1979	14.09.2017 23:14:40,000	13,68	0,00
1980	14.09.2017 23:14:50,000	13,68	0,00
1981	14.09.2017 23:15:00,000	13,68	0,15
1982	14.09.2017 23:15:10,000	13,68	0,15
1983	14.09.2017 23:15:20,000	13,65	0,11
1984	14.09.2017 23:15:30,000	13,65	0,00
1985	14.09.2017 23:15:40,000	13,65	0,00
1986	14.09.2017 23:15:50,000	13,65	0,11
1987	14.09.2017 23:16:00,000	13,65	0,00
1988	14.09.2017 23:16:10,000	13,65	0,11
1989	14.09.2017 23:16:20,000	13,65	0,00
1990	14.09.2017 23:16:30,000	13,65	0,11
1991	14.09.2017 23:16:40,000	13,61	0,07
1992	14.09.2017 23:16:50,000	13,61	0,07
1993	14.09.2017 23:17:00,000	13,61	0,07
1994	14.09.2017 23:17:10,000	13,61	0,00
1995	14.09.2017 23:17:20,000	13,61	0,07
1996	14.09.2017 23:17:30,000	13,61	0,07
1997	14.09.2017 23:17:40,000	13,61	0,07
1998	14.09.2017 23:17:50,000	13,58	0,00
1999	14.09.2017 23:18:00,000	13,58	0,00
2000	14.09.2017 23:18:10,000	13,58	0,00
2001	14.09.2017 23:18:20,000	13,58	0,00
2002	14.09.2017 23:18:30,000	13,58	0,00
2003	14.09.2017 23:18:40,000	13,58	0,00
2004	14.09.2017 23:18:50,000	13,58	0,00
2005	14.09.2017 23:19:00,000	13,58	0,00
2006	14.09.2017 23:19:10,000	13,58	0,00
2007	14.09.2017 23:19:20,000	13,58	0,00
2008	14.09.2017 23:19:30,000	13,55	0,00
2009	14.09.2017 23:19:40,000	13,55	0,00
2010	14.09.2017 23:19:50,000	13,55	0,00
2011	14.09.2017 23:20:00,000	13,55	0,00
2012	14.09.2017 23:20:10,000	13,55	0,23
2013	14.09.2017 23:20:20,000	13,55	0,00
2014	14.09.2017 23:20:30,000	13,55	0,00
2015	14.09.2017 23:20:40,000	13,55	0,00
2016	14.09.2017 23:20:50,000	13,52	0,00
2017	14.09.2017 23:21:00,000	13,52	0,20
2018	14.09.2017 23:21:10,000	13,52	0,00
2019	14.09.2017 23:21:20,000	13,52	0,00
2020	14.09.2017 23:21:30,000	13,52	0,00
2021	14.09.2017 23:21:40,000	13,52	0,00
2022	14.09.2017 23:21:50,000	13,52	0,00
2023	14.09.2017 23:22:00,000	13,52	0,20
2024	14.09.2017 23:22:10,000	13,52	0,20
2025	14.09.2017 23:22:20,000	13,52	0,00
2026	14.09.2017 23:22:30,000	13,52	0,00
2027	14.09.2017 23:22:40,000	13,52	0,00
2028	14.09.2017 23:22:50,000	13,52	0,00
2029	14.09.2017 23:23:00,000	13,52	0,00
2030	14.09.2017 23:23:10,000	13,52	0,00
2031	14.09.2017 23:23:20,000	13,52	0,00
2032	14.09.2017 23:23:30,000	13,52	0,00
2033	14.09.2017 23:23:40,000	13,52	0,00
2034	14.09.2017 23:23:50,000	13,52	0,00
2035	14.09.2017 23:24:00,000	13,52	0,00
2036	14.09.2017 23:24:10,000	13,52	0,20
2037	14.09.2017 23:24:20,000	13,52	0,00
2038	14.09.2017 23:24:30,000	13,52	0,00
2039	14.09.2017 23:24:40,000	13,52	0,00
2040	14.09.2017 23:24:50,000	13,52	0,00
2041	14.09.2017 23:25:00,000	13,52	0,00
2042	14.09.2017 23:25:10,000	13,52	0,00
2043	14.09.2017 23:25:20,000	13,52	0,00
2044	14.09.2017 23:25:30,000	13,52	0,20
2045	14.09.2017 23:25:40,000	13,55	0,00
2046	14.09.2017 23:25:50,000	13,55	0,00
2047	14.09.2017 23:26:00,000	13,55	0,00
2048	14.09.2017 23:26:10,000	13,55	0,00
2049	14.09.2017 23:26:20,000	13,55	0,00
2050	14.09.2017 23:26:30,000	13,55	0,00
2051	14.09.2017 23:26:40,000	13,55	0,00
2052	14.09.2017 23:26:50,000	13,58	0,00
2053	14.09.2017 23:27:00,000	13,58	0,00
2054	14.09.2017 23:27:10,000	13,58	0,00
2055	14.09.2017 23:27:20,000	13,58	0,00
2056	14.09.2017 23:27:30,000	13,55	0,00
2057	14.09.2017 23:27:40,000	13,55	0,00
2058	14.09.2017 23:27:50,000	13,58	0,00
2059	14.09.2017 23:28:00,000	13,55	0,00
2060	14.09.2017 23:28:10,000	13,58	0,00
2061	14.09.2017 23:28:20,000	13,58	0,00
2062	14.09.2017 23:28:30,000	13,58	0,00
2063	14.09.2017 23:28:40,000	13,58	0,00
2064	14.09.2017 23:28:50,000	13,58	0,00
2065	14.09.2017 23:29:00,000	13,55	0,00
2066	14.09.2017 23:29:10,000	13,55	0,00
2067	14.09.2017 23:29:20,000	13,55	0,00
2068	14.09.2017 23:29:30,000	13,55	0,00
2069	14.09.2017 23:29:40,000	13,55	0,00
2070	14.09.2017 23:29:50,000	13,52	0,00
2071	14.09.2017 23:30:00,000	13,52	0,00
2072	14.09.2017 23:30:10,000	13,52	0,00
2073	14.09.2017 23:30:20,000	13,52	0,00
2074	14.09.2017 23:30:30,000	13,49	0,00
2075	14.09.2017 23:30:40,000	13,49	0,00
2076	14.09.2017 23:30:50,000	13,49	0,16
2077	14.09.2017 23:31:00,000	13,49	0,00
2078	14.09.2017 23:31:10,000	13,46	0,12
2079	14.09.2017 23:31:20,000	13,43	0,08
2080	14.09.2017 23:31:30,000	13,40	0,00
2081	14.09.2017 23:31:40,000	13,40	0,00
2082	14.09.2017 23:31:50,000	13,40	0,00
2083	14.09.2017 23:32:00,000	13,36	0,00
2084	14.09.2017 23:32:10,000	13,33	0,00
2085	14.09.2017 23:32:20,000	13,33	0,21
2086	14.09.2017 23:32:30,000	13,33	0,00
2087	14.09.2017 23:32:40,000	13,30	0,00
2088	14.09.2017 23:32:50,000	13,27	0,13
2089	14.09.2017 23:33:00,000	13,24	0,09
2090	14.09.2017 23:33:10,000	13,24	0,00
2091	14.09.2017 23:33:20,000	13,46	0,00
2092	14.09.2017 23:33:30,000	13,83	0,00
2093	14.09.2017 23:33:40,000	15,13	0,00
2094	14.09.2017 23:33:50,000	15,62	0,00
2095	14.09.2017 23:34:00,000	15,89	0,00
2096	14.09.2017 23:34:10,000	16,07	0,00
2097	14.09.2017 23:34:20,000	16,25	0,00
2098	14.09.2017 23:34:30,000	16,40	0,00
2099	14.09.2017 23:34:40,000	16,56	0,00
2100	14.09.2017 23:34:50,000	16,68	0,00
2101	14.09.2017 23:35:00,000	18,94	0,00
