#B	Created:	01.09.2017 18:11:11
##	Version	SeaStar	7.49
#5	Field separation:	0
#2	Date & Time:	1
#6	Decimal point:	,
#7	Date def.:	dd.mm.yyyy	.
#8	Time def.:	:
##	Axis	0	Temperature(°C)	clRed	FALSE
##	Axis	1	Depth(m)	clBlue	TRUE
##	Series	0	Temp(°C)	clRed	0	Temp(°C)	2
##	Series	1	Depth(m)	clBlue	1	Depth(m)	2
##	Recorder	8	DST centi	8762
##	Chart	8C8762DAT	
#D	Data:	1085	01.09.2017 15:10:00	01.09.2017 18:10:40
1	01.09.2017 15:10:00,000	21,67	1,07
2	01.09.2017 15:10:10,000	21,67	1,31
3	01.09.2017 15:10:20,000	21,67	1,07
4	01.09.2017 15:10:30,000	21,67	1,31
5	01.09.2017 15:10:40,000	21,67	1,31
6	01.09.2017 15:10:50,000	21,67	1,31
7	01.09.2017 15:11:00,000	21,67	1,31
8	01.09.2017 15:11:10,000	21,67	1,07
9	01.09.2017 15:11:20,000	21,67	1,31
10	01.09.2017 15:11:30,000	21,67	1,31
11	01.09.2017 15:11:40,000	21,67	1,07
12	01.09.2017 15:11:50,000	21,67	1,07
13	01.09.2017 15:12:00,000	21,64	1,27
14	01.09.2017 15:12:10,000	21,64	1,03
15	01.09.2017 15:12:20,000	21,64	1,27
16	01.09.2017 15:12:30,000	21,64	1,03
17	01.09.2017 15:12:40,000	21,64	1,03
18	01.09.2017 15:12:50,000	21,64	1,03
19	01.09.2017 15:13:00,000	21,61	1,24
20	01.09.2017 15:13:10,000	21,61	1,24
21	01.09.2017 15:13:20,000	21,61	1,24
22	01.09.2017 15:13:30,000	21,61	1,24
23	01.09.2017 15:13:40,000	21,61	1,24
24	01.09.2017 15:13:50,000	21,61	1,48
25	01.09.2017 15:14:00,000	21,61	1,24
26	01.09.2017 15:14:10,000	21,61	1,00
27	01.09.2017 15:14:20,000	21,61	1,24
28	01.09.2017 15:14:30,000	21,61	1,24
29	01.09.2017 15:14:40,000	21,61	1,24
30	01.09.2017 15:14:50,000	21,61	1,24
31	01.09.2017 15:15:00,000	21,61	1,00
32	01.09.2017 15:15:10,000	21,61	1,24
33	01.09.2017 15:15:20,000	21,61	1,24
34	01.09.2017 15:15:30,000	21,58	1,20
35	01.09.2017 15:15:40,000	21,58	1,20
36	01.09.2017 15:15:50,000	21,58	0,96
37	01.09.2017 15:16:00,000	21,58	1,20
38	01.09.2017 15:16:10,000	21,58	1,20
39	01.09.2017 15:16:20,000	21,55	1,17
40	01.09.2017 15:16:30,000	21,49	1,34
41	01.09.2017 15:16:40,000	21,46	1,31
42	01.09.2017 15:16:50,000	21,46	1,31
43	01.09.2017 15:17:00,000	21,46	1,31
44	01.09.2017 15:17:10,000	21,46	1,07
45	01.09.2017 15:17:20,000	21,46	1,07
46	01.09.2017 15:17:30,000	21,46	1,31
47	01.09.2017 15:17:40,000	21,46	1,31
48	01.09.2017 15:17:50,000	21,46	1,31
49	01.09.2017 15:18:00,000	21,46	1,31
50	01.09.2017 15:18:10,000	21,43	1,27
51	01.09.2017 15:18:20,000	21,43	1,27
52	01.09.2017 15:18:30,000	21,43	1,27
53	01.09.2017 15:18:40,000	21,43	1,27
54	01.09.2017 15:18:50,000	21,43	1,03
55	01.09.2017 15:19:00,000	21,43	1,03
56	01.09.2017 15:19:10,000	21,41	1,24
57	01.09.2017 15:19:20,000	21,41	1,48
58	01.09.2017 15:19:30,000	21,41	1,24
59	01.09.2017 15:19:40,000	21,41	1,24
60	01.09.2017 15:19:50,000	21,38	1,20
61	01.09.2017 15:20:00,000	21,38	1,20
62	01.09.2017 15:20:10,000	21,38	1,20
63	01.09.2017 15:20:20,000	21,38	0,96
64	01.09.2017 15:20:30,000	21,35	1,17
65	01.09.2017 15:20:40,000	21,35	1,17
66	01.09.2017 15:20:50,000	21,35	1,17
67	01.09.2017 15:21:00,000	21,32	1,14
68	01.09.2017 15:21:10,000	21,32	1,14
69	01.09.2017 15:21:20,000	21,32	1,14
70	01.09.2017 15:21:30,000	21,32	1,14
71	01.09.2017 15:21:40,000	21,29	1,34
72	01.09.2017 15:21:50,000	21,29	1,10
73	01.09.2017 15:22:00,000	21,29	1,10
74	01.09.2017 15:22:10,000	21,26	1,31
75	01.09.2017 15:22:20,000	21,26	1,07
76	01.09.2017 15:22:30,000	21,26	1,07
77	01.09.2017 15:22:40,000	21,23	1,03
78	01.09.2017 15:22:50,000	21,23	1,27
79	01.09.2017 15:23:00,000	21,23	1,03
80	01.09.2017 15:23:10,000	21,20	1,24
81	01.09.2017 15:23:20,000	21,20	1,24
82	01.09.2017 15:23:30,000	21,20	1,24
83	01.09.2017 15:23:40,000	21,17	1,20
84	01.09.2017 15:23:50,000	21,17	1,20
85	01.09.2017 15:24:00,000	21,17	1,20
86	01.09.2017 15:24:10,000	21,14	1,41
87	01.09.2017 15:24:20,000	21,14	1,17
88	01.09.2017 15:24:30,000	21,11	1,14
89	01.09.2017 15:24:40,000	21,11	1,38
90	01.09.2017 15:24:50,000	21,11	1,38
91	01.09.2017 15:25:00,000	21,08	1,10
92	01.09.2017 15:25:10,000	21,08	1,10
93	01.09.2017 15:25:20,000	21,06	1,31
94	01.09.2017 15:25:30,000	21,06	1,31
95	01.09.2017 15:25:40,000	21,06	1,31
96	01.09.2017 15:25:50,000	21,03	1,27
97	01.09.2017 15:26:00,000	21,03	1,27
98	01.09.2017 15:26:10,000	21,03	1,27
99	01.09.2017 15:26:20,000	21,00	1,24
100	01.09.2017 15:26:30,000	21,00	1,48
101	01.09.2017 15:26:40,000	20,97	1,20
102	01.09.2017 15:26:50,000	20,97	1,20
103	01.09.2017 15:27:00,000	20,97	1,44
104	01.09.2017 15:27:10,000	20,94	1,17
105	01.09.2017 15:27:20,000	20,91	1,13
106	01.09.2017 15:27:30,000	20,91	1,37
107	01.09.2017 15:27:40,000	20,91	1,13
108	01.09.2017 15:27:50,000	20,88	1,10
109	01.09.2017 15:28:00,000	20,88	1,34
110	01.09.2017 15:28:10,000	20,85	1,31
111	01.09.2017 15:28:20,000	20,85	1,31
112	01.09.2017 15:28:30,000	20,82	1,27
113	01.09.2017 15:28:40,000	20,79	1,00
114	01.09.2017 15:28:50,000	20,79	1,00
115	01.09.2017 15:29:00,000	20,76	1,44
116	01.09.2017 15:29:10,000	20,76	1,20
117	01.09.2017 15:29:20,000	20,73	1,17
118	01.09.2017 15:29:30,000	20,73	1,41
119	01.09.2017 15:29:40,000	20,71	1,37
120	01.09.2017 15:29:50,000	20,71	1,61
121	01.09.2017 15:30:00,000	20,68	1,10
122	01.09.2017 15:30:10,000	20,68	1,34
123	01.09.2017 15:30:20,000	20,65	1,30
124	01.09.2017 15:30:30,000	20,65	1,06
125	01.09.2017 15:30:40,000	20,62	1,27
126	01.09.2017 15:30:50,000	20,62	1,51
127	01.09.2017 15:31:00,000	20,59	1,24
128	01.09.2017 15:31:10,000	20,59	1,24
129	01.09.2017 15:31:20,000	20,59	1,24
130	01.09.2017 15:31:30,000	20,56	1,44
131	01.09.2017 15:31:40,000	20,56	1,20
132	01.09.2017 15:31:50,000	20,53	1,41
133	01.09.2017 15:32:00,000	20,53	1,41
134	01.09.2017 15:32:10,000	20,50	1,13
135	01.09.2017 15:32:20,000	20,50	1,37
136	01.09.2017 15:32:30,000	20,47	1,10
137	01.09.2017 15:32:40,000	20,44	1,06
138	01.09.2017 15:32:50,000	20,44	1,30
139	01.09.2017 15:33:00,000	20,41	1,51
140	01.09.2017 15:33:10,000	20,38	1,23
141	01.09.2017 15:33:20,000	20,38	1,23
142	01.09.2017 15:33:30,000	20,35	1,44
143	01.09.2017 15:33:40,000	20,32	1,16
144	01.09.2017 15:33:50,000	20,32	1,40
145	01.09.2017 15:34:00,000	20,30	1,13
146	01.09.2017 15:34:10,000	20,27	1,33
147	01.09.2017 15:34:20,000	20,27	1,33
148	01.09.2017 15:34:30,000	20,24	1,30
149	01.09.2017 15:34:40,000	20,21	1,27
150	01.09.2017 15:34:50,000	20,21	1,27
151	01.09.2017 15:35:00,000	20,18	1,23
152	01.09.2017 15:35:10,000	20,15	1,20
153	01.09.2017 15:35:20,000	20,15	1,44
154	01.09.2017 15:35:30,000	20,12	1,16
155	01.09.2017 15:35:40,000	20,09	1,13
156	01.09.2017 15:35:50,000	20,09	1,37
157	01.09.2017 15:36:00,000	20,06	1,33
158	01.09.2017 15:36:10,000	20,03	1,30
159	01.09.2017 15:36:20,000	20,03	1,30
160	01.09.2017 15:36:30,000	20,00	1,50
161	01.09.2017 15:36:40,000	19,97	1,47
162	01.09.2017 15:36:50,000	19,94	1,43
163	01.09.2017 15:37:00,000	19,94	1,19
164	01.09.2017 15:37:10,000	19,91	1,40
165	01.09.2017 15:37:20,000	19,88	1,36
166	01.09.2017 15:37:30,000	19,86	1,09
167	01.09.2017 15:37:40,000	19,86	1,33
168	01.09.2017 15:37:50,000	19,83	1,29
169	01.09.2017 15:38:00,000	19,80	1,26
170	01.09.2017 15:38:10,000	19,77	1,22
171	01.09.2017 15:38:20,000	19,74	1,43
172	01.09.2017 15:38:30,000	19,74	1,19
173	01.09.2017 15:38:40,000	19,71	1,40
174	01.09.2017 15:38:50,000	19,68	1,12
175	01.09.2017 15:39:00,000	19,65	1,33
176	01.09.2017 15:39:10,000	19,65	1,08
177	01.09.2017 15:39:20,000	19,62	1,29
178	01.09.2017 15:39:30,000	19,62	1,29
179	01.09.2017 15:39:40,000	19,59	1,26
180	01.09.2017 15:39:50,000	19,56	1,22
181	01.09.2017 15:40:00,000	19,53	1,19
182	01.09.2017 15:40:10,000	19,50	1,39
183	01.09.2017 15:40:20,000	19,50	1,39
184	01.09.2017 15:40:30,000	19,47	1,36
185	01.09.2017 15:40:40,000	19,41	1,05
186	01.09.2017 15:40:50,000	19,33	1,42
187	01.09.2017 15:41:00,000	19,27	1,35
188	01.09.2017 15:41:10,000	19,24	1,32
189	01.09.2017 15:41:20,000	19,24	1,32
190	01.09.2017 15:41:30,000	19,18	1,25
191	01.09.2017 15:41:40,000	19,09	1,38
192	01.09.2017 15:41:50,000	19,06	1,35
193	01.09.2017 15:42:00,000	19,06	1,35
194	01.09.2017 15:42:10,000	19,03	1,31
195	01.09.2017 15:42:20,000	18,97	1,24
196	01.09.2017 15:42:30,000	18,94	1,45
197	01.09.2017 15:42:40,000	18,88	1,13
198	01.09.2017 15:42:50,000	18,85	1,58
199	01.09.2017 15:43:00,000	18,79	1,51
200	01.09.2017 15:43:10,000	18,73	1,44
201	01.09.2017 15:43:20,000	18,68	1,37
202	01.09.2017 15:43:30,000	18,62	1,54
203	01.09.2017 15:43:40,000	18,56	1,47
204	01.09.2017 15:43:50,000	18,50	1,40
205	01.09.2017 15:44:00,000	18,44	1,09
206	01.09.2017 15:44:10,000	18,41	1,29
207	01.09.2017 15:44:20,000	18,32	1,18
208	01.09.2017 15:44:30,000	18,26	1,35
209	01.09.2017 15:44:40,000	18,23	1,32
210	01.09.2017 15:44:50,000	18,17	1,25
211	01.09.2017 15:45:00,000	18,11	1,42
212	01.09.2017 15:45:10,000	18,05	1,35
213	01.09.2017 15:45:20,000	17,99	1,27
214	01.09.2017 15:45:30,000	16,13	7,70
215	01.09.2017 15:45:40,000	11,43	10,63
216	01.09.2017 15:45:50,000	9,23	9,36
217	01.09.2017 15:46:00,000	8,11	8,94
218	01.09.2017 15:46:10,000	7,35	9,20
219	01.09.2017 15:46:20,000	6,76	9,19
220	01.09.2017 15:46:30,000	6,33	10,11
221	01.09.2017 15:46:40,000	5,94	10,58
222	01.09.2017 15:46:50,000	5,62	11,63
223	01.09.2017 15:47:00,000	5,33	12,23
224	01.09.2017 15:47:10,000	4,30	15,06
225	01.09.2017 15:47:20,000	2,40	15,37
226	01.09.2017 15:47:30,000	1,89	14,51
227	01.09.2017 15:47:40,000	1,57	13,89
228	01.09.2017 15:47:50,000	1,18	13,65
229	01.09.2017 15:48:00,000	0,81	13,21
230	01.09.2017 15:48:10,000	0,61	13,21
231	01.09.2017 15:48:20,000	0,37	13,15
232	01.09.2017 15:48:30,000	0,29	12,81
233	01.09.2017 15:48:40,000	0,12	13,34
234	01.09.2017 15:48:50,000	-0,04	12,90
235	01.09.2017 15:49:00,000	-0,08	12,37
236	01.09.2017 15:49:10,000	0,00	11,27
237	01.09.2017 15:49:20,000	0,25	10,84
238	01.09.2017 15:49:30,000	0,29	10,89
239	01.09.2017 15:49:40,000	1,42	8,64
240	01.09.2017 15:49:50,000	2,40	8,39
241	01.09.2017 15:50:00,000	2,94	9,05
242	01.09.2017 15:50:10,000	3,47	8,99
243	01.09.2017 15:50:20,000	3,85	9,21
244	01.09.2017 15:50:30,000	4,07	9,49
245	01.09.2017 15:50:40,000	4,15	10,54
246	01.09.2017 15:50:50,000	3,81	11,33
247	01.09.2017 15:51:00,000	3,59	11,77
248	01.09.2017 15:51:10,000	2,98	12,71
249	01.09.2017 15:51:20,000	2,05	13,50
250	01.09.2017 15:51:30,000	1,30	13,79
251	01.09.2017 15:51:40,000	0,94	13,60
252	01.09.2017 15:51:50,000	0,57	13,88
253	01.09.2017 15:52:00,000	0,29	14,74
254	01.09.2017 15:52:10,000	0,16	15,80
255	01.09.2017 15:52:20,000	0,20	15,37
256	01.09.2017 15:52:30,000	0,12	14,79
257	01.09.2017 15:52:40,000	-0,04	14,59
258	01.09.2017 15:52:50,000	-0,21	14,39
259	01.09.2017 15:53:00,000	-0,25	13,86
260	01.09.2017 15:53:10,000	-0,29	14,05
261	01.09.2017 15:53:20,000	0,00	13,67
262	01.09.2017 15:53:30,000	-0,29	14,53
263	01.09.2017 15:53:40,000	-0,08	13,82
264	01.09.2017 15:53:50,000	-0,29	14,05
265	01.09.2017 15:54:00,000	-0,33	13,76
266	01.09.2017 15:54:10,000	-0,33	13,04
267	01.09.2017 15:54:20,000	0,08	12,33
268	01.09.2017 15:54:30,000	-0,04	12,90
269	01.09.2017 15:54:40,000	-0,12	12,80
270	01.09.2017 15:54:50,000	0,16	12,67
271	01.09.2017 15:55:00,000	0,33	12,62
272	01.09.2017 15:55:10,000	0,16	13,39
273	01.09.2017 15:55:20,000	0,00	13,43
274	01.09.2017 15:55:30,000	-0,08	13,82
275	01.09.2017 15:55:40,000	-0,12	13,77
276	01.09.2017 15:55:50,000	-0,17	13,96
277	01.09.2017 15:56:00,000	-0,17	13,96
278	01.09.2017 15:56:10,000	-0,21	14,15
279	01.09.2017 15:56:20,000	-0,21	14,15
280	01.09.2017 15:56:30,000	-0,21	13,91
281	01.09.2017 15:56:40,000	-0,21	13,91
282	01.09.2017 15:56:50,000	-0,21	13,67
283	01.09.2017 15:57:00,000	-0,21	13,43
284	01.09.2017 15:57:10,000	-0,21	13,91
285	01.09.2017 15:57:20,000	-0,21	14,39
286	01.09.2017 15:57:30,000	-0,17	15,40
287	01.09.2017 15:57:40,000	-0,12	16,90
288	01.09.2017 15:57:50,000	-0,12	16,90
289	01.09.2017 15:58:00,000	-0,12	16,90
290	01.09.2017 15:58:10,000	-0,04	16,03
291	01.09.2017 15:58:20,000	-0,04	16,03
292	01.09.2017 15:58:30,000	-0,04	16,27
293	01.09.2017 15:58:40,000	-0,08	15,98
294	01.09.2017 15:58:50,000	-0,12	16,17
295	01.09.2017 15:59:00,000	-0,21	16,80
296	01.09.2017 15:59:10,000	-0,25	17,23
297	01.09.2017 15:59:20,000	-0,33	17,85
298	01.09.2017 15:59:30,000	-0,37	18,77
299	01.09.2017 15:59:40,000	-0,29	19,83
300	01.09.2017 15:59:50,000	-0,29	20,55
301	01.09.2017 16:00:00,000	-0,33	21,71
302	01.09.2017 16:00:10,000	-0,41	23,05
303	01.09.2017 16:00:20,000	-0,33	24,36
304	01.09.2017 16:00:30,000	-0,33	25,08
305	01.09.2017 16:00:40,000	-0,33	25,80
306	01.09.2017 16:00:50,000	-0,37	25,75
307	01.09.2017 16:01:00,000	-0,37	26,00
308	01.09.2017 16:01:10,000	-0,37	25,75
309	01.09.2017 16:01:20,000	-0,37	26,00
310	01.09.2017 16:01:30,000	-0,37	26,24
311	01.09.2017 16:01:40,000	-0,37	26,48
312	01.09.2017 16:01:50,000	-0,37	26,48
313	01.09.2017 16:02:00,000	-0,37	26,48
314	01.09.2017 16:02:10,000	-0,37	26,72
315	01.09.2017 16:02:20,000	-0,37	26,48
316	01.09.2017 16:02:30,000	-0,37	26,72
317	01.09.2017 16:02:40,000	-0,37	26,96
318	01.09.2017 16:02:50,000	-0,37	26,96
319	01.09.2017 16:03:00,000	-0,37	26,96
320	01.09.2017 16:03:10,000	-0,41	26,91
321	01.09.2017 16:03:20,000	-0,41	27,39
322	01.09.2017 16:03:30,000	-0,41	27,63
323	01.09.2017 16:03:40,000	-0,41	28,11
324	01.09.2017 16:03:50,000	-0,41	28,36
325	01.09.2017 16:04:00,000	-0,41	28,11
326	01.09.2017 16:04:10,000	-0,41	27,87
327	01.09.2017 16:04:20,000	-0,41	27,63
328	01.09.2017 16:04:30,000	-0,37	26,96
329	01.09.2017 16:04:40,000	-0,33	26,77
330	01.09.2017 16:04:50,000	-0,33	26,29
331	01.09.2017 16:05:00,000	-0,33	26,29
332	01.09.2017 16:05:10,000	-0,33	26,29
333	01.09.2017 16:05:20,000	-0,33	26,04
334	01.09.2017 16:05:30,000	-0,33	26,53
335	01.09.2017 16:05:40,000	-0,33	26,77
336	01.09.2017 16:05:50,000	-0,33	27,49
337	01.09.2017 16:06:00,000	-0,33	28,70
338	01.09.2017 16:06:10,000	-0,29	29,95
339	01.09.2017 16:06:20,000	-0,29	31,64
340	01.09.2017 16:06:30,000	-0,29	33,33
341	01.09.2017 16:06:40,000	-0,21	34,63
342	01.09.2017 16:06:50,000	-0,17	35,40
343	01.09.2017 16:07:00,000	-0,12	35,93
344	01.09.2017 16:07:10,000	-0,12	35,21
345	01.09.2017 16:07:20,000	-0,12	34,49
346	01.09.2017 16:07:30,000	-0,08	34,05
347	01.09.2017 16:07:40,000	-0,08	34,30
348	01.09.2017 16:07:50,000	-0,08	33,57
349	01.09.2017 16:08:00,000	-0,08	33,33
350	01.09.2017 16:08:10,000	-0,08	33,09
351	01.09.2017 16:08:20,000	-0,08	33,09
352	01.09.2017 16:08:30,000	-0,12	33,52
353	01.09.2017 16:08:40,000	-0,12	34,01
354	01.09.2017 16:08:50,000	-0,08	34,54
355	01.09.2017 16:09:00,000	-0,08	35,02
356	01.09.2017 16:09:10,000	-0,08	35,74
357	01.09.2017 16:09:20,000	-0,08	36,47
358	01.09.2017 16:09:30,000	-0,08	37,91
359	01.09.2017 16:09:40,000	-0,12	39,31
360	01.09.2017 16:09:50,000	-0,12	40,76
361	01.09.2017 16:10:00,000	-0,17	42,40
362	01.09.2017 16:10:10,000	-0,08	43,46
363	01.09.2017 16:10:20,000	0,12	44,91
364	01.09.2017 16:10:30,000	0,41	46,46
365	01.09.2017 16:10:40,000	0,61	47,91
366	01.09.2017 16:10:50,000	0,57	49,80
367	01.09.2017 16:11:00,000	0,61	51,77
368	01.09.2017 16:11:10,000	0,53	53,61
369	01.09.2017 16:11:20,000	0,53	54,81
370	01.09.2017 16:11:30,000	0,53	56,74
371	01.09.2017 16:11:40,000	0,37	58,24
372	01.09.2017 16:11:50,000	0,25	59,30
373	01.09.2017 16:12:00,000	0,20	60,94
374	01.09.2017 16:12:10,000	0,12	62,53
375	01.09.2017 16:12:20,000	0,12	64,22
376	01.09.2017 16:12:30,000	0,04	66,05
377	01.09.2017 16:12:40,000	-0,21	67,93
378	01.09.2017 16:12:50,000	-0,33	69,47
379	01.09.2017 16:13:00,000	-0,46	71,49
380	01.09.2017 16:13:10,000	-0,54	73,08
381	01.09.2017 16:13:20,000	-0,62	74,92
382	01.09.2017 16:13:30,000	-0,71	76,75
383	01.09.2017 16:13:40,000	-0,79	78,34
384	01.09.2017 16:13:50,000	-0,88	79,93
385	01.09.2017 16:14:00,000	-0,88	82,10
386	01.09.2017 16:14:10,000	-0,96	83,94
387	01.09.2017 16:14:20,000	-0,96	85,63
388	01.09.2017 16:14:30,000	-0,96	87,32
389	01.09.2017 16:14:40,000	-1,00	89,45
390	01.09.2017 16:14:50,000	-1,04	90,85
391	01.09.2017 16:15:00,000	-1,09	92,73
392	01.09.2017 16:15:10,000	-1,13	94,85
393	01.09.2017 16:15:20,000	-1,21	96,93
394	01.09.2017 16:15:30,000	-1,26	98,57
395	01.09.2017 16:15:40,000	-1,30	100,70
396	01.09.2017 16:15:50,000	-1,30	102,39
397	01.09.2017 16:16:00,000	-1,26	104,13
398	01.09.2017 16:16:10,000	-1,17	106,41
399	01.09.2017 16:16:20,000	-1,13	108,39
400	01.09.2017 16:16:30,000	-1,13	110,81
401	01.09.2017 16:16:40,000	-1,09	113,04
402	01.09.2017 16:16:50,000	-1,09	115,21
403	01.09.2017 16:17:00,000	-1,13	117,10
404	01.09.2017 16:17:10,000	-1,13	118,31
405	01.09.2017 16:17:20,000	-1,09	119,57
406	01.09.2017 16:17:30,000	-1,09	120,54
407	01.09.2017 16:17:40,000	-1,04	121,31
408	01.09.2017 16:17:50,000	-1,04	122,04
409	01.09.2017 16:18:00,000	-1,09	122,95
410	01.09.2017 16:18:10,000	-1,09	123,92
411	01.09.2017 16:18:20,000	-1,09	124,65
412	01.09.2017 16:18:30,000	-1,09	125,62
413	01.09.2017 16:18:40,000	-1,04	126,63
414	01.09.2017 16:18:50,000	-1,04	127,84
415	01.09.2017 16:19:00,000	-0,96	129,15
416	01.09.2017 16:19:10,000	-0,96	130,36
417	01.09.2017 16:19:20,000	-0,92	131,62
418	01.09.2017 16:19:30,000	-0,92	132,83
419	01.09.2017 16:19:40,000	-0,88	134,58
420	01.09.2017 16:19:50,000	-0,83	135,84
421	01.09.2017 16:20:00,000	-0,83	137,29
422	01.09.2017 16:20:10,000	-0,75	138,84
423	01.09.2017 16:20:20,000	-0,71	140,83
424	01.09.2017 16:20:30,000	-0,67	142,57
425	01.09.2017 16:20:40,000	-0,62	144,56
426	01.09.2017 16:20:50,000	-0,58	146,54
427	01.09.2017 16:21:00,000	-0,54	149,01
428	01.09.2017 16:21:10,000	-0,50	151,48
429	01.09.2017 16:21:20,000	-0,50	153,66
430	01.09.2017 16:21:30,000	-0,46	156,38
431	01.09.2017 16:21:40,000	-0,41	158,85
432	01.09.2017 16:21:50,000	-0,41	161,51
433	01.09.2017 16:22:00,000	-0,37	163,98
434	01.09.2017 16:22:10,000	-0,29	166,50
435	01.09.2017 16:22:20,000	-0,29	168,68
436	01.09.2017 16:22:30,000	-0,25	170,91
437	01.09.2017 16:22:40,000	-0,21	173,38
438	01.09.2017 16:22:50,000	-0,17	175,61
439	01.09.2017 16:23:00,000	-0,12	177,84
440	01.09.2017 16:23:10,000	-0,12	179,77
441	01.09.2017 16:23:20,000	-0,08	182,00
442	01.09.2017 16:23:30,000	-0,04	183,99
443	01.09.2017 16:23:40,000	-0,04	185,68
444	01.09.2017 16:23:50,000	0,00	187,43
445	01.09.2017 16:24:00,000	0,04	189,17
446	01.09.2017 16:24:10,000	0,08	190,92
447	01.09.2017 16:24:20,000	0,08	192,61
448	01.09.2017 16:24:30,000	0,12	194,12
449	01.09.2017 16:24:40,000	0,16	195,38
450	01.09.2017 16:24:50,000	0,20	196,88
451	01.09.2017 16:25:00,000	0,20	198,33
452	01.09.2017 16:25:10,000	0,25	199,59
453	01.09.2017 16:25:20,000	0,25	201,04
454	01.09.2017 16:25:30,000	0,29	202,06
455	01.09.2017 16:25:40,000	0,29	203,03
456	01.09.2017 16:25:50,000	0,29	203,52
457	01.09.2017 16:26:00,000	0,29	203,27
458	01.09.2017 16:26:10,000	0,29	202,79
459	01.09.2017 16:26:20,000	0,29	200,85
460	01.09.2017 16:26:30,000	0,29	198,91
461	01.09.2017 16:26:40,000	0,29	195,77
462	01.09.2017 16:26:50,000	0,25	192,81
463	01.09.2017 16:27:00,000	0,20	189,37
464	01.09.2017 16:27:10,000	0,16	186,42
465	01.09.2017 16:27:20,000	0,12	183,70
466	01.09.2017 16:27:30,000	0,04	180,46
467	01.09.2017 16:27:40,000	0,04	178,28
468	01.09.2017 16:27:50,000	-0,04	175,51
469	01.09.2017 16:28:00,000	-0,04	173,82
470	01.09.2017 16:28:10,000	-0,08	171,35
471	01.09.2017 16:28:20,000	-0,12	168,88
472	01.09.2017 16:28:30,000	-0,12	167,18
473	01.09.2017 16:28:40,000	-0,17	164,47
474	01.09.2017 16:28:50,000	-0,17	162,05
475	01.09.2017 16:29:00,000	-0,25	159,29
476	01.09.2017 16:29:10,000	-0,29	157,78
477	01.09.2017 16:29:20,000	-0,29	155,36
478	01.09.2017 16:29:30,000	-0,33	153,38
479	01.09.2017 16:29:40,000	-0,37	151,88
480	01.09.2017 16:29:50,000	-0,37	150,18
481	01.09.2017 16:30:00,000	-0,41	148,44
482	01.09.2017 16:30:10,000	-0,41	147,71
483	01.09.2017 16:30:20,000	-0,46	145,97
484	01.09.2017 16:30:30,000	-0,46	145,00
485	01.09.2017 16:30:40,000	-0,50	143,01
486	01.09.2017 16:30:50,000	-0,50	141,80
487	01.09.2017 16:31:00,000	-0,58	139,77
488	01.09.2017 16:31:10,000	-0,71	137,92
489	01.09.2017 16:31:20,000	-0,75	135,94
490	01.09.2017 16:31:30,000	-0,75	133,76
491	01.09.2017 16:31:40,000	-0,79	131,29
492	01.09.2017 16:31:50,000	-0,88	129,01
493	01.09.2017 16:32:00,000	-0,96	126,25
494	01.09.2017 16:32:10,000	-1,00	124,02
495	01.09.2017 16:32:20,000	-1,04	121,55
496	01.09.2017 16:32:30,000	-0,96	119,96
497	01.09.2017 16:32:40,000	-1,00	118,22
498	01.09.2017 16:32:50,000	-1,00	117,01
499	01.09.2017 16:33:00,000	-1,04	116,23
500	01.09.2017 16:33:10,000	-1,04	116,72
501	01.09.2017 16:33:20,000	-1,04	117,20
502	01.09.2017 16:33:30,000	-1,00	118,22
503	01.09.2017 16:33:40,000	-0,96	119,48
504	01.09.2017 16:33:50,000	-0,96	120,93
505	01.09.2017 16:34:00,000	-1,04	123,00
506	01.09.2017 16:34:10,000	-1,09	124,65
507	01.09.2017 16:34:20,000	-1,04	127,12
508	01.09.2017 16:34:30,000	-1,04	129,30
509	01.09.2017 16:34:40,000	-0,96	130,85
510	01.09.2017 16:34:50,000	-0,96	132,54
511	01.09.2017 16:35:00,000	-0,92	133,80
512	01.09.2017 16:35:10,000	-0,92	134,28
513	01.09.2017 16:35:20,000	-0,92	134,53
514	01.09.2017 16:35:30,000	-0,88	134,58
515	01.09.2017 16:35:40,000	-0,88	134,82
516	01.09.2017 16:35:50,000	-0,88	134,09
517	01.09.2017 16:36:00,000	-0,88	134,09
518	01.09.2017 16:36:10,000	-0,92	133,56
519	01.09.2017 16:36:20,000	-0,88	133,13
520	01.09.2017 16:36:30,000	-0,88	132,40
521	01.09.2017 16:36:40,000	-0,88	131,67
522	01.09.2017 16:36:50,000	-0,92	131,14
523	01.09.2017 16:37:00,000	-0,92	130,66
524	01.09.2017 16:37:10,000	-0,92	129,93
525	01.09.2017 16:37:20,000	-0,96	129,40
526	01.09.2017 16:37:30,000	-0,96	129,15
527	01.09.2017 16:37:40,000	-0,96	128,19
528	01.09.2017 16:37:50,000	-1,00	127,89
529	01.09.2017 16:38:00,000	-1,04	127,60
530	01.09.2017 16:38:10,000	-1,04	126,88
531	01.09.2017 16:38:20,000	-1,04	126,15
532	01.09.2017 16:38:30,000	-1,09	126,10
533	01.09.2017 16:38:40,000	-1,09	125,62
534	01.09.2017 16:38:50,000	-1,13	125,32
535	01.09.2017 16:39:00,000	-1,13	124,84
536	01.09.2017 16:39:10,000	-1,13	124,60
537	01.09.2017 16:39:20,000	-1,13	123,87
538	01.09.2017 16:39:30,000	-1,13	123,15
539	01.09.2017 16:39:40,000	-1,13	122,66
540	01.09.2017 16:39:50,000	-1,09	121,50
541	01.09.2017 16:40:00,000	-1,09	120,54
542	01.09.2017 16:40:10,000	-1,00	119,18
543	01.09.2017 16:40:20,000	-1,00	118,46
544	01.09.2017 16:40:30,000	-1,04	117,44
545	01.09.2017 16:40:40,000	-1,09	116,42
546	01.09.2017 16:40:50,000	-1,09	115,94
547	01.09.2017 16:41:00,000	-1,09	115,46
548	01.09.2017 16:41:10,000	-1,13	115,89
549	01.09.2017 16:41:20,000	-1,13	115,65
550	01.09.2017 16:41:30,000	-1,13	116,37
551	01.09.2017 16:41:40,000	-1,13	116,86
552	01.09.2017 16:41:50,000	-1,13	117,34
553	01.09.2017 16:42:00,000	-1,13	118,07
554	01.09.2017 16:42:10,000	-1,13	118,31
555	01.09.2017 16:42:20,000	-1,13	118,79
556	01.09.2017 16:42:30,000	-1,13	119,03
557	01.09.2017 16:42:40,000	-1,09	119,33
558	01.09.2017 16:42:50,000	-1,09	119,33
559	01.09.2017 16:43:00,000	-1,09	119,08
560	01.09.2017 16:43:10,000	-1,09	118,84
561	01.09.2017 16:43:20,000	-1,13	118,55
562	01.09.2017 16:43:30,000	-1,13	118,07
563	01.09.2017 16:43:40,000	-1,13	117,82
564	01.09.2017 16:43:50,000	-1,13	117,58
565	01.09.2017 16:44:00,000	-1,13	117,34
566	01.09.2017 16:44:10,000	-1,13	117,10
567	01.09.2017 16:44:20,000	-1,13	116,86
568	01.09.2017 16:44:30,000	-1,13	116,62
569	01.09.2017 16:44:40,000	-1,13	116,62
570	01.09.2017 16:44:50,000	-1,13	116,62
571	01.09.2017 16:45:00,000	-1,13	116,62
572	01.09.2017 16:45:10,000	-1,13	116,13
573	01.09.2017 16:45:20,000	-1,13	116,13
574	01.09.2017 16:45:30,000	-1,17	115,36
575	01.09.2017 16:45:40,000	-1,17	115,11
576	01.09.2017 16:45:50,000	-1,17	114,63
577	01.09.2017 16:46:00,000	-1,17	114,63
578	01.09.2017 16:46:10,000	-1,17	114,87
579	01.09.2017 16:46:20,000	-1,17	115,84
580	01.09.2017 16:46:30,000	-1,17	116,57
581	01.09.2017 16:46:40,000	-1,17	117,77
582	01.09.2017 16:46:50,000	-1,17	118,98
583	01.09.2017 16:47:00,000	-1,13	120,00
584	01.09.2017 16:47:10,000	-1,04	120,10
585	01.09.2017 16:47:20,000	-1,04	120,10
586	01.09.2017 16:47:30,000	-1,04	119,62
587	01.09.2017 16:47:40,000	-1,09	119,08
588	01.09.2017 16:47:50,000	-1,13	118,55
589	01.09.2017 16:48:00,000	-1,13	117,82
590	01.09.2017 16:48:10,000	-1,17	116,81
591	01.09.2017 16:48:20,000	-1,17	116,08
592	01.09.2017 16:48:30,000	-1,17	115,60
593	01.09.2017 16:48:40,000	-1,17	115,11
594	01.09.2017 16:48:50,000	-1,13	114,20
595	01.09.2017 16:49:00,000	-1,13	113,23
596	01.09.2017 16:49:10,000	-1,13	112,50
597	01.09.2017 16:49:20,000	-1,21	111,44
598	01.09.2017 16:49:30,000	-1,26	110,18
599	01.09.2017 16:49:40,000	-1,30	108,43
600	01.09.2017 16:49:50,000	-1,34	106,45
601	01.09.2017 16:50:00,000	-1,34	104,76
602	01.09.2017 16:50:10,000	-1,34	102,58
603	01.09.2017 16:50:20,000	-1,34	100,16
604	01.09.2017 16:50:30,000	-1,34	97,99
605	01.09.2017 16:50:40,000	-1,30	96,10
606	01.09.2017 16:50:50,000	-1,26	93,98
607	01.09.2017 16:51:00,000	-1,21	92,58
608	01.09.2017 16:51:10,000	-1,17	91,18
609	01.09.2017 16:51:20,000	-1,17	89,97
610	01.09.2017 16:51:30,000	-1,17	88,28
611	01.09.2017 16:51:40,000	-1,17	87,55
612	01.09.2017 16:51:50,000	-1,13	86,88
613	01.09.2017 16:52:00,000	-1,13	86,64
614	01.09.2017 16:52:10,000	-1,13	87,12
615	01.09.2017 16:52:20,000	-1,13	88,09
616	01.09.2017 16:52:30,000	-1,13	89,29
617	01.09.2017 16:52:40,000	-1,13	90,50
618	01.09.2017 16:52:50,000	-1,13	91,47
619	01.09.2017 16:53:00,000	-1,13	92,19
620	01.09.2017 16:53:10,000	-1,13	92,44
621	01.09.2017 16:53:20,000	-1,13	92,19
622	01.09.2017 16:53:30,000	-1,13	91,71
623	01.09.2017 16:53:40,000	-1,13	91,23
624	01.09.2017 16:53:50,000	-1,13	90,50
625	01.09.2017 16:54:00,000	-1,13	89,54
626	01.09.2017 16:54:10,000	-1,13	88,81
627	01.09.2017 16:54:20,000	-1,13	87,84
628	01.09.2017 16:54:30,000	-1,13	87,12
629	01.09.2017 16:54:40,000	-1,13	86,15
630	01.09.2017 16:54:50,000	-1,09	85,48
631	01.09.2017 16:55:00,000	-1,09	85,00
632	01.09.2017 16:55:10,000	-1,09	84,51
633	01.09.2017 16:55:20,000	-1,04	84,08
634	01.09.2017 16:55:30,000	-1,00	83,65
635	01.09.2017 16:55:40,000	-1,04	83,35
636	01.09.2017 16:55:50,000	-1,04	82,63
637	01.09.2017 16:56:00,000	-1,00	82,44
638	01.09.2017 16:56:10,000	-1,00	81,71
639	01.09.2017 16:56:20,000	-1,00	80,99
640	01.09.2017 16:56:30,000	-1,00	80,02
641	01.09.2017 16:56:40,000	-0,96	79,11
642	01.09.2017 16:56:50,000	-0,96	78,38
643	01.09.2017 16:57:00,000	-0,96	77,17
644	01.09.2017 16:57:10,000	-0,92	75,77
645	01.09.2017 16:57:20,000	-0,88	74,37
646	01.09.2017 16:57:30,000	-0,83	73,22
647	01.09.2017 16:57:40,000	-0,79	72,06
648	01.09.2017 16:57:50,000	-0,71	70,47
649	01.09.2017 16:58:00,000	-0,58	69,41
650	01.09.2017 16:58:10,000	-0,54	68,01
651	01.09.2017 16:58:20,000	-0,41	66,47
652	01.09.2017 16:58:30,000	-0,29	65,41
653	01.09.2017 16:58:40,000	-0,25	63,77
654	01.09.2017 16:58:50,000	-0,25	62,81
655	01.09.2017 16:59:00,000	-0,25	61,60
656	01.09.2017 16:59:10,000	-0,21	60,20
657	01.09.2017 16:59:20,000	-0,21	59,24
658	01.09.2017 16:59:30,000	-0,12	58,13
659	01.09.2017 16:59:40,000	-0,04	57,02
660	01.09.2017 16:59:50,000	0,00	56,35
661	01.09.2017 17:00:00,000	0,04	55,91
662	01.09.2017 17:00:10,000	0,20	55,14
663	01.09.2017 17:00:20,000	0,29	55,00
664	01.09.2017 17:00:30,000	0,33	54,81
665	01.09.2017 17:00:40,000	0,37	54,62
666	01.09.2017 17:00:50,000	0,41	54,67
667	01.09.2017 17:01:00,000	0,41	54,67
668	01.09.2017 17:01:10,000	0,41	54,91
669	01.09.2017 17:01:20,000	0,41	54,91
670	01.09.2017 17:01:30,000	0,41	54,91
671	01.09.2017 17:01:40,000	0,41	54,67
672	01.09.2017 17:01:50,000	0,41	55,15
673	01.09.2017 17:02:00,000	0,41	55,15
674	01.09.2017 17:02:10,000	0,41	55,39
675	01.09.2017 17:02:20,000	0,41	55,39
676	01.09.2017 17:02:30,000	0,37	55,82
677	01.09.2017 17:02:40,000	0,25	55,92
678	01.09.2017 17:02:50,000	0,20	56,35
679	01.09.2017 17:03:00,000	0,16	56,54
680	01.09.2017 17:03:10,000	0,12	56,49
681	01.09.2017 17:03:20,000	0,12	56,25
682	01.09.2017 17:03:30,000	0,08	56,20
683	01.09.2017 17:03:40,000	0,08	56,20
684	01.09.2017 17:03:50,000	0,08	56,20
685	01.09.2017 17:04:00,000	0,08	55,72
686	01.09.2017 17:04:10,000	0,08	55,96
687	01.09.2017 17:04:20,000	0,04	55,91
688	01.09.2017 17:04:30,000	0,04	56,15
689	01.09.2017 17:04:40,000	0,04	56,88
690	01.09.2017 17:04:50,000	0,04	57,12
691	01.09.2017 17:05:00,000	0,12	57,46
692	01.09.2017 17:05:10,000	0,12	57,70
693	01.09.2017 17:05:20,000	0,12	57,94
694	01.09.2017 17:05:30,000	0,16	58,23
695	01.09.2017 17:05:40,000	0,12	57,94
696	01.09.2017 17:05:50,000	0,12	57,70
697	01.09.2017 17:06:00,000	0,12	57,70
698	01.09.2017 17:06:10,000	0,04	57,12
699	01.09.2017 17:06:20,000	0,00	56,59
700	01.09.2017 17:06:30,000	0,00	56,10
701	01.09.2017 17:06:40,000	0,00	55,62
702	01.09.2017 17:06:50,000	0,08	55,00
703	01.09.2017 17:07:00,000	0,12	54,80
704	01.09.2017 17:07:10,000	0,25	53,99
705	01.09.2017 17:07:20,000	0,33	53,12
706	01.09.2017 17:07:30,000	0,37	53,17
707	01.09.2017 17:07:40,000	0,41	52,49
708	01.09.2017 17:07:50,000	0,37	52,20
709	01.09.2017 17:08:00,000	0,29	51,62
710	01.09.2017 17:08:10,000	0,25	51,33
711	01.09.2017 17:08:20,000	0,16	51,23
712	01.09.2017 17:08:30,000	0,16	50,75
713	01.09.2017 17:08:40,000	0,16	50,51
714	01.09.2017 17:08:50,000	0,16	50,27
715	01.09.2017 17:09:00,000	0,16	50,75
716	01.09.2017 17:09:10,000	0,20	50,80
717	01.09.2017 17:09:20,000	0,20	51,04
718	01.09.2017 17:09:30,000	0,20	51,28
719	01.09.2017 17:09:40,000	0,20	51,52
720	01.09.2017 17:09:50,000	0,25	51,57
721	01.09.2017 17:10:00,000	0,29	51,62
722	01.09.2017 17:10:10,000	0,33	51,67
723	01.09.2017 17:10:20,000	0,29	51,62
724	01.09.2017 17:10:30,000	0,29	51,86
725	01.09.2017 17:10:40,000	0,25	52,06
726	01.09.2017 17:10:50,000	0,25	52,06
727	01.09.2017 17:11:00,000	0,29	52,11
728	01.09.2017 17:11:10,000	0,29	51,86
729	01.09.2017 17:11:20,000	0,25	52,06
730	01.09.2017 17:11:30,000	0,25	52,30
731	01.09.2017 17:11:40,000	0,25	52,54
732	01.09.2017 17:11:50,000	0,25	53,02
733	01.09.2017 17:12:00,000	0,25	53,75
734	01.09.2017 17:12:10,000	0,25	54,95
735	01.09.2017 17:12:20,000	0,08	56,93
736	01.09.2017 17:12:30,000	0,12	58,18
737	01.09.2017 17:12:40,000	0,04	60,26
738	01.09.2017 17:12:50,000	0,04	62,43
739	01.09.2017 17:13:00,000	-0,17	64,84
740	01.09.2017 17:13:10,000	-0,21	67,44
741	01.09.2017 17:13:20,000	-0,37	70,38
742	01.09.2017 17:13:30,000	-0,50	73,86
743	01.09.2017 17:13:40,000	-0,54	77,43
744	01.09.2017 17:13:50,000	-0,75	80,81
745	01.09.2017 17:14:00,000	-0,88	84,28
746	01.09.2017 17:14:10,000	-0,96	87,80
747	01.09.2017 17:14:20,000	-1,00	91,14
748	01.09.2017 17:14:30,000	-1,09	94,18
749	01.09.2017 17:14:40,000	-1,13	97,03
750	01.09.2017 17:14:50,000	-1,21	99,59
751	01.09.2017 17:15:00,000	-1,26	101,47
752	01.09.2017 17:15:10,000	-1,26	103,65
753	01.09.2017 17:15:20,000	-1,30	105,05
754	01.09.2017 17:15:30,000	-1,30	106,50
755	01.09.2017 17:15:40,000	-1,34	107,90
756	01.09.2017 17:15:50,000	-1,34	109,11
757	01.09.2017 17:16:00,000	-1,34	110,56
758	01.09.2017 17:16:10,000	-1,38	111,48
759	01.09.2017 17:16:20,000	-1,38	112,93
760	01.09.2017 17:16:30,000	-1,30	113,75
761	01.09.2017 17:16:40,000	-1,30	114,96
762	01.09.2017 17:16:50,000	-1,26	116,22
763	01.09.2017 17:17:00,000	-1,21	117,00
764	01.09.2017 17:17:10,000	-1,21	117,48
765	01.09.2017 17:17:20,000	-1,17	118,02
766	01.09.2017 17:17:30,000	-1,13	118,79
767	01.09.2017 17:17:40,000	-1,13	119,03
768	01.09.2017 17:17:50,000	-1,13	119,52
769	01.09.2017 17:18:00,000	-1,13	119,76
770	01.09.2017 17:18:10,000	-1,13	120,49
771	01.09.2017 17:18:20,000	-1,13	120,73
772	01.09.2017 17:18:30,000	-1,13	121,45
773	01.09.2017 17:18:40,000	-1,13	121,69
774	01.09.2017 17:18:50,000	-1,17	122,37
775	01.09.2017 17:19:00,000	-1,17	123,10
776	01.09.2017 17:19:10,000	-1,13	123,63
777	01.09.2017 17:19:20,000	-1,13	123,87
778	01.09.2017 17:19:30,000	-1,13	123,39
779	01.09.2017 17:19:40,000	-1,13	122,66
780	01.09.2017 17:19:50,000	-1,17	121,16
781	01.09.2017 17:20:00,000	-1,13	118,79
782	01.09.2017 17:20:10,000	-1,13	116,37
783	01.09.2017 17:20:20,000	-1,17	113,66
784	01.09.2017 17:20:30,000	-1,30	110,13
785	01.09.2017 17:20:40,000	-1,30	106,74
786	01.09.2017 17:20:50,000	-1,30	103,11
787	01.09.2017 17:21:00,000	-1,30	99,25
788	01.09.2017 17:21:10,000	-1,26	95,67
789	01.09.2017 17:21:20,000	-1,21	91,85
790	01.09.2017 17:21:30,000	-1,21	88,47
791	01.09.2017 17:21:40,000	-1,17	85,14
792	01.09.2017 17:21:50,000	-1,13	81,80
793	01.09.2017 17:22:00,000	-1,04	78,28
794	01.09.2017 17:22:10,000	-1,00	75,43
795	01.09.2017 17:22:20,000	-0,88	71,96
796	01.09.2017 17:22:30,000	-0,83	69,59
797	01.09.2017 17:22:40,000	-0,71	67,33
798	01.09.2017 17:22:50,000	-0,67	65,93
799	01.09.2017 17:23:00,000	-0,62	64,77
800	01.09.2017 17:23:10,000	-0,54	64,39
801	01.09.2017 17:23:20,000	-0,50	64,68
802	01.09.2017 17:23:30,000	-0,54	65,60
803	01.09.2017 17:23:40,000	-0,54	66,56
804	01.09.2017 17:23:50,000	-0,54	68,01
805	01.09.2017 17:24:00,000	-0,54	69,94
806	01.09.2017 17:24:10,000	-0,62	71,78
807	01.09.2017 17:24:20,000	-0,67	73,18
808	01.09.2017 17:24:30,000	-0,71	75,06
809	01.09.2017 17:24:40,000	-0,83	76,36
810	01.09.2017 17:24:50,000	-0,92	77,46
811	01.09.2017 17:25:00,000	-0,88	78,72
812	01.09.2017 17:25:10,000	-0,92	80,12
813	01.09.2017 17:25:20,000	-0,96	80,80
814	01.09.2017 17:25:30,000	-0,96	81,76
815	01.09.2017 17:25:40,000	-0,92	82,54
816	01.09.2017 17:25:50,000	-0,96	83,21
817	01.09.2017 17:26:00,000	-1,00	84,13
818	01.09.2017 17:26:10,000	-1,00	84,61
819	01.09.2017 17:26:20,000	-1,04	85,29
820	01.09.2017 17:26:30,000	-1,04	85,77
821	01.09.2017 17:26:40,000	-1,04	86,25
822	01.09.2017 17:26:50,000	-1,04	86,50
823	01.09.2017 17:27:00,000	-1,04	86,98
824	01.09.2017 17:27:10,000	-1,04	87,22
825	01.09.2017 17:27:20,000	-1,04	87,46
826	01.09.2017 17:27:30,000	-1,04	87,70
827	01.09.2017 17:27:40,000	-1,04	87,95
828	01.09.2017 17:27:50,000	-1,04	88,19
829	01.09.2017 17:28:00,000	-1,04	88,43
830	01.09.2017 17:28:10,000	-1,09	88,38
831	01.09.2017 17:28:20,000	-1,09	88,62
832	01.09.2017 17:28:30,000	-1,09	88,62
833	01.09.2017 17:28:40,000	-1,13	88,57
834	01.09.2017 17:28:50,000	-1,13	88,81
835	01.09.2017 17:29:00,000	-1,13	89,05
836	01.09.2017 17:29:10,000	-1,13	89,05
837	01.09.2017 17:29:20,000	-1,13	88,81
838	01.09.2017 17:29:30,000	-1,13	88,81
839	01.09.2017 17:29:40,000	-1,13	88,33
840	01.09.2017 17:29:50,000	-1,09	88,14
841	01.09.2017 17:30:00,000	-1,04	87,22
842	01.09.2017 17:30:10,000	-1,04	86,74
843	01.09.2017 17:30:20,000	-1,04	86,01
844	01.09.2017 17:30:30,000	-1,04	85,05
845	01.09.2017 17:30:40,000	-1,00	84,13
846	01.09.2017 17:30:50,000	-0,96	82,97
847	01.09.2017 17:31:00,000	-0,96	82,25
848	01.09.2017 17:31:10,000	-0,96	81,04
849	01.09.2017 17:31:20,000	-0,96	80,07
850	01.09.2017 17:31:30,000	-0,92	79,16
851	01.09.2017 17:31:40,000	-0,96	78,14
852	01.09.2017 17:31:50,000	-0,96	76,93
853	01.09.2017 17:32:00,000	-0,96	75,48
854	01.09.2017 17:32:10,000	-0,92	74,57
855	01.09.2017 17:32:20,000	-0,88	73,17
856	01.09.2017 17:32:30,000	-0,83	72,25
857	01.09.2017 17:32:40,000	-0,75	70,90
858	01.09.2017 17:32:50,000	-0,75	70,18
859	01.09.2017 17:33:00,000	-0,71	69,26
860	01.09.2017 17:33:10,000	-0,67	68,35
861	01.09.2017 17:33:20,000	-0,62	67,43
862	01.09.2017 17:33:30,000	-0,54	66,32
863	01.09.2017 17:33:40,000	-0,50	65,41
864	01.09.2017 17:33:50,000	-0,46	64,73
865	01.09.2017 17:34:00,000	-0,46	64,01
866	01.09.2017 17:34:10,000	-0,41	63,33
867	01.09.2017 17:34:20,000	-0,37	62,42
868	01.09.2017 17:34:30,000	-0,33	61,74
869	01.09.2017 17:34:40,000	-0,29	60,34
870	01.09.2017 17:34:50,000	-0,21	59,24
871	01.09.2017 17:35:00,000	-0,04	57,99
872	01.09.2017 17:35:10,000	0,04	56,88
873	01.09.2017 17:35:20,000	0,16	55,82
874	01.09.2017 17:35:30,000	0,25	54,71
875	01.09.2017 17:35:40,000	0,33	53,12
876	01.09.2017 17:35:50,000	0,33	51,91
877	01.09.2017 17:36:00,000	0,29	50,66
878	01.09.2017 17:36:10,000	0,25	49,40
879	01.09.2017 17:36:20,000	0,29	47,76
880	01.09.2017 17:36:30,000	0,16	46,41
881	01.09.2017 17:36:40,000	0,29	45,11
882	01.09.2017 17:36:50,000	0,29	44,14
883	01.09.2017 17:37:00,000	0,33	44,19
884	01.09.2017 17:37:10,000	0,33	42,75
885	01.09.2017 17:37:20,000	0,25	41,68
886	01.09.2017 17:37:30,000	0,16	40,14
887	01.09.2017 17:37:40,000	0,12	38,88
888	01.09.2017 17:37:50,000	0,04	37,34
889	01.09.2017 17:38:00,000	0,08	36,18
890	01.09.2017 17:38:10,000	0,04	34,93
891	01.09.2017 17:38:20,000	0,00	33,67
892	01.09.2017 17:38:30,000	-0,04	32,42
893	01.09.2017 17:38:40,000	-0,08	30,92
894	01.09.2017 17:38:50,000	-0,17	29,62
895	01.09.2017 17:39:00,000	-0,21	28,60
896	01.09.2017 17:39:10,000	-0,21	27,88
897	01.09.2017 17:39:20,000	-0,25	27,11
898	01.09.2017 17:39:30,000	-0,25	27,11
899	01.09.2017 17:39:40,000	-0,25	26,87
900	01.09.2017 17:39:50,000	-0,25	27,35
901	01.09.2017 17:40:00,000	-0,29	27,30
902	01.09.2017 17:40:10,000	-0,29	27,30
903	01.09.2017 17:40:20,000	-0,29	27,54
904	01.09.2017 17:40:30,000	-0,29	27,54
905	01.09.2017 17:40:40,000	-0,29	27,30
906	01.09.2017 17:40:50,000	-0,33	27,73
907	01.09.2017 17:41:00,000	-0,33	27,73
908	01.09.2017 17:41:10,000	-0,33	27,73
909	01.09.2017 17:41:20,000	-0,33	27,97
910	01.09.2017 17:41:30,000	-0,37	27,92
911	01.09.2017 17:41:40,000	-0,37	28,16
912	01.09.2017 17:41:50,000	-0,37	28,65
913	01.09.2017 17:42:00,000	-0,37	28,41
914	01.09.2017 17:42:10,000	-0,37	28,65
915	01.09.2017 17:42:20,000	-0,37	28,65
916	01.09.2017 17:42:30,000	-0,37	28,89
917	01.09.2017 17:42:40,000	-0,37	28,89
918	01.09.2017 17:42:50,000	-0,37	28,89
919	01.09.2017 17:43:00,000	-0,37	28,65
920	01.09.2017 17:43:10,000	-0,37	28,65
921	01.09.2017 17:43:20,000	-0,37	28,65
922	01.09.2017 17:43:30,000	-0,37	28,41
923	01.09.2017 17:43:40,000	-0,37	28,65
924	01.09.2017 17:43:50,000	-0,37	28,65
925	01.09.2017 17:44:00,000	-0,41	28,60
926	01.09.2017 17:44:10,000	-0,41	28,36
927	01.09.2017 17:44:20,000	-0,41	28,11
928	01.09.2017 17:44:30,000	-0,46	28,06
929	01.09.2017 17:44:40,000	-0,41	28,11
930	01.09.2017 17:44:50,000	-0,41	28,11
931	01.09.2017 17:45:00,000	-0,46	28,31
932	01.09.2017 17:45:10,000	-0,46	28,31
933	01.09.2017 17:45:20,000	-0,41	27,63
934	01.09.2017 17:45:30,000	-0,41	27,39
935	01.09.2017 17:45:40,000	-0,46	26,62
936	01.09.2017 17:45:50,000	-0,46	26,14
937	01.09.2017 17:46:00,000	-0,46	24,93
938	01.09.2017 17:46:10,000	-0,41	23,78
939	01.09.2017 17:46:20,000	-0,41	23,05
940	01.09.2017 17:46:30,000	-0,46	22,28
941	01.09.2017 17:46:40,000	-0,50	21,99
942	01.09.2017 17:46:50,000	-0,54	21,70
943	01.09.2017 17:47:00,000	-0,58	21,65
944	01.09.2017 17:47:10,000	-0,54	21,94
945	01.09.2017 17:47:20,000	-0,50	22,23
946	01.09.2017 17:47:30,000	-0,46	23,00
947	01.09.2017 17:47:40,000	-0,41	22,81
948	01.09.2017 17:47:50,000	-0,37	23,10
949	01.09.2017 17:48:00,000	-0,37	22,86
950	01.09.2017 17:48:10,000	-0,37	23,34
951	01.09.2017 17:48:20,000	-0,37	23,59
952	01.09.2017 17:48:30,000	-0,33	23,15
953	01.09.2017 17:48:40,000	-0,33	23,15
954	01.09.2017 17:48:50,000	-0,33	23,88
955	01.09.2017 17:49:00,000	-0,37	25,03
956	01.09.2017 17:49:10,000	-0,37	25,75
957	01.09.2017 17:49:20,000	-0,33	26,04
958	01.09.2017 17:49:30,000	-0,37	26,72
959	01.09.2017 17:49:40,000	-0,41	26,91
960	01.09.2017 17:49:50,000	-0,41	26,67
961	01.09.2017 17:50:00,000	-0,41	26,67
962	01.09.2017 17:50:10,000	-0,41	26,19
963	01.09.2017 17:50:20,000	-0,41	25,95
964	01.09.2017 17:50:30,000	-0,41	25,70
965	01.09.2017 17:50:40,000	-0,46	25,17
966	01.09.2017 17:50:50,000	-0,41	25,22
967	01.09.2017 17:51:00,000	-0,41	24,74
968	01.09.2017 17:51:10,000	-0,41	24,50
969	01.09.2017 17:51:20,000	-0,37	24,31
970	01.09.2017 17:51:30,000	-0,33	23,88
971	01.09.2017 17:51:40,000	-0,33	23,88
972	01.09.2017 17:51:50,000	-0,37	23,59
973	01.09.2017 17:52:00,000	-0,37	23,34
974	01.09.2017 17:52:10,000	-0,37	23,10
975	01.09.2017 17:52:20,000	-0,41	22,81
976	01.09.2017 17:52:30,000	-0,37	22,38
977	01.09.2017 17:52:40,000	-0,33	22,19
978	01.09.2017 17:52:50,000	-0,37	22,14
979	01.09.2017 17:53:00,000	-0,37	22,14
980	01.09.2017 17:53:10,000	-0,37	22,14
981	01.09.2017 17:53:20,000	-0,37	22,14
982	01.09.2017 17:53:30,000	-0,37	22,14
983	01.09.2017 17:53:40,000	-0,37	22,14
984	01.09.2017 17:53:50,000	-0,37	22,14
985	01.09.2017 17:54:00,000	-0,37	22,38
986	01.09.2017 17:54:10,000	-0,37	22,14
987	01.09.2017 17:54:20,000	-0,37	22,38
988	01.09.2017 17:54:30,000	-0,33	22,19
989	01.09.2017 17:54:40,000	-0,33	22,43
990	01.09.2017 17:54:50,000	-0,33	22,43
991	01.09.2017 17:55:00,000	-0,33	22,43
992	01.09.2017 17:55:10,000	-0,33	22,43
993	01.09.2017 17:55:20,000	-0,33	22,43
994	01.09.2017 17:55:30,000	-0,33	22,19
995	01.09.2017 17:55:40,000	-0,33	20,74
996	01.09.2017 17:55:50,000	-0,41	19,44
997	01.09.2017 17:56:00,000	-0,41	19,68
998	01.09.2017 17:56:10,000	-0,46	19,15
999	01.09.2017 17:56:20,000	-0,08	18,15
1000	01.09.2017 17:56:30,000	0,00	18,49
1001	01.09.2017 17:56:40,000	0,04	19,26
1002	01.09.2017 17:56:50,000	-0,29	19,83
1003	01.09.2017 17:57:00,000	-0,37	19,25
1004	01.09.2017 17:57:10,000	-0,37	19,49
1005	01.09.2017 17:57:20,000	-0,46	19,39
1006	01.09.2017 17:57:30,000	-0,50	19,10
1007	01.09.2017 17:57:40,000	-0,21	17,28
1008	01.09.2017 17:57:50,000	0,12	17,43
1009	01.09.2017 17:58:00,000	0,20	17,29
1010	01.09.2017 17:58:10,000	0,25	17,82
1011	01.09.2017 17:58:20,000	0,25	18,06
1012	01.09.2017 17:58:30,000	0,25	18,06
1013	01.09.2017 17:58:40,000	0,29	18,11
1014	01.09.2017 17:58:50,000	0,37	17,49
1015	01.09.2017 17:59:00,000	0,33	15,99
1016	01.09.2017 17:59:10,000	0,37	15,32
1017	01.09.2017 17:59:20,000	0,41	14,41
1018	01.09.2017 17:59:30,000	0,41	14,65
1019	01.09.2017 17:59:40,000	0,41	14,17
1020	01.09.2017 17:59:50,000	0,45	13,25
1021	01.09.2017 18:00:00,000	0,12	12,38
1022	01.09.2017 18:00:10,000	0,00	11,51
1023	01.09.2017 18:00:20,000	0,25	10,36
1024	01.09.2017 18:00:30,000	0,04	10,83
1025	01.09.2017 18:00:40,000	0,04	9,63
1026	01.09.2017 18:00:50,000	0,08	8,48
1027	01.09.2017 18:01:00,000	1,10	6,33
1028	01.09.2017 18:01:10,000	1,89	4,16
1029	01.09.2017 18:01:20,000	2,94	1,83
1030	01.09.2017 18:01:30,000	3,47	0,00
1031	01.09.2017 18:01:40,000	3,81	0,00
1032	01.09.2017 18:01:50,000	3,89	0,00
1033	01.09.2017 18:02:00,000	3,89	0,00
1034	01.09.2017 18:02:10,000	3,85	0,00
1035	01.09.2017 18:02:20,000	3,81	0,00
1036	01.09.2017 18:02:30,000	3,81	0,00
1037	01.09.2017 18:02:40,000	3,77	0,00
1038	01.09.2017 18:02:50,000	3,74	0,00
1039	01.09.2017 18:03:00,000	3,74	0,00
1040	01.09.2017 18:03:10,000	3,74	0,00
1041	01.09.2017 18:03:20,000	3,70	0,00
1042	01.09.2017 18:03:30,000	3,70	0,00
1043	01.09.2017 18:03:40,000	3,66	0,00
1044	01.09.2017 18:03:50,000	3,66	0,00
1045	01.09.2017 18:04:00,000	3,70	0,00
1046	01.09.2017 18:04:10,000	3,70	0,00
1047	01.09.2017 18:04:20,000	3,70	0,00
1048	01.09.2017 18:04:30,000	3,74	0,00
1049	01.09.2017 18:04:40,000	3,77	0,00
1050	01.09.2017 18:04:50,000	3,81	0,00
1051	01.09.2017 18:05:00,000	3,89	0,00
1052	01.09.2017 18:05:10,000	3,92	0,00
1053	01.09.2017 18:05:20,000	3,96	0,00
1054	01.09.2017 18:05:30,000	4,00	0,00
1055	01.09.2017 18:05:40,000	4,07	0,00
1056	01.09.2017 18:05:50,000	4,11	0,00
1057	01.09.2017 18:06:00,000	4,11	0,00
1058	01.09.2017 18:06:10,000	4,15	0,00
1059	01.09.2017 18:06:20,000	4,22	0,00
1060	01.09.2017 18:06:30,000	4,30	0,00
1061	01.09.2017 18:06:40,000	4,37	0,00
1062	01.09.2017 18:06:50,000	4,41	0,00
1063	01.09.2017 18:07:00,000	4,48	0,00
1064	01.09.2017 18:07:10,000	4,52	0,00
1065	01.09.2017 18:07:20,000	4,59	0,00
1066	01.09.2017 18:07:30,000	4,67	0,11
1067	01.09.2017 18:07:40,000	4,70	0,00
1068	01.09.2017 18:07:50,000	4,74	0,00
1069	01.09.2017 18:08:00,000	4,78	0,00
1070	01.09.2017 18:08:10,000	4,85	0,10
1071	01.09.2017 18:08:20,000	4,89	0,00
1072	01.09.2017 18:08:30,000	4,92	0,00
1073	01.09.2017 18:08:40,000	4,96	0,00
1074	01.09.2017 18:08:50,000	5,00	0,00
1075	01.09.2017 18:09:00,000	5,03	0,00
1076	01.09.2017 18:09:10,000	5,07	0,00
1077	01.09.2017 18:09:20,000	5,18	0,00
1078	01.09.2017 18:09:30,000	5,22	0,00
1079	01.09.2017 18:09:40,000	5,29	0,00
1080	01.09.2017 18:09:50,000	5,80	0,00
1081	01.09.2017 18:10:00,000	6,26	0,00
1082	01.09.2017 18:10:10,000	6,72	0,00
1083	01.09.2017 18:10:20,000	6,97	0,00
1084	01.09.2017 18:10:30,000	7,63	0,00
