#B	Created:	01.09.2017 18:15:49
##	Version	SeaStar	7.49
#5	Field separation:	0
#2	Date & Time:	1
#6	Decimal point:	,
#7	Date def.:	dd.mm.yyyy	.
#8	Time def.:	:
##	Axis	0	Temperature(°C)	clRed	FALSE
##	Axis	1	Depth(m)	clBlue	TRUE
##	Series	0	Temp(°C)	clRed	0	Temp(°C)	2
##	Series	1	Depth(m)	clBlue	1	Depth(m)	2
##	Recorder	50	DST centi	8047
##	Chart	50C8047DAT	
#D	Data:	1113	01.09.2017 15:10:00	01.09.2017 18:15:20
1	01.09.2017 15:10:00,000	21,82	0,00
2	01.09.2017 15:10:10,000	21,82	0,00
3	01.09.2017 15:10:20,000	21,82	0,00
4	01.09.2017 15:10:30,000	21,82	0,00
5	01.09.2017 15:10:40,000	21,82	0,00
6	01.09.2017 15:10:50,000	21,82	0,00
7	01.09.2017 15:11:00,000	21,82	0,00
8	01.09.2017 15:11:10,000	21,79	0,00
9	01.09.2017 15:11:20,000	21,82	0,00
10	01.09.2017 15:11:30,000	21,79	0,00
11	01.09.2017 15:11:40,000	21,79	0,00
12	01.09.2017 15:11:50,000	21,79	0,00
13	01.09.2017 15:12:00,000	21,79	0,00
14	01.09.2017 15:12:10,000	21,79	0,00
15	01.09.2017 15:12:20,000	21,79	0,00
16	01.09.2017 15:12:30,000	21,79	0,00
17	01.09.2017 15:12:40,000	21,79	0,00
18	01.09.2017 15:12:50,000	21,79	0,00
19	01.09.2017 15:13:00,000	21,79	0,00
20	01.09.2017 15:13:10,000	21,79	0,00
21	01.09.2017 15:13:20,000	21,79	0,00
22	01.09.2017 15:13:30,000	21,79	0,00
23	01.09.2017 15:13:40,000	21,79	0,00
24	01.09.2017 15:13:50,000	21,79	0,00
25	01.09.2017 15:14:00,000	21,79	0,00
26	01.09.2017 15:14:10,000	21,79	0,00
27	01.09.2017 15:14:20,000	21,79	0,00
28	01.09.2017 15:14:30,000	21,79	0,00
29	01.09.2017 15:14:40,000	21,79	0,00
30	01.09.2017 15:14:50,000	21,79	0,00
31	01.09.2017 15:15:00,000	21,79	0,00
32	01.09.2017 15:15:10,000	21,79	0,00
33	01.09.2017 15:15:20,000	21,79	0,00
34	01.09.2017 15:15:30,000	21,79	0,00
35	01.09.2017 15:15:40,000	21,79	0,00
36	01.09.2017 15:15:50,000	21,79	0,00
37	01.09.2017 15:16:00,000	21,79	0,00
38	01.09.2017 15:16:10,000	21,79	0,00
39	01.09.2017 15:16:20,000	21,79	0,00
40	01.09.2017 15:16:30,000	21,79	0,00
41	01.09.2017 15:16:40,000	21,79	0,00
42	01.09.2017 15:16:50,000	21,79	0,00
43	01.09.2017 15:17:00,000	21,79	0,00
44	01.09.2017 15:17:10,000	21,79	0,00
45	01.09.2017 15:17:20,000	21,79	0,00
46	01.09.2017 15:17:30,000	21,79	0,00
47	01.09.2017 15:17:40,000	21,79	0,00
48	01.09.2017 15:17:50,000	21,79	0,00
49	01.09.2017 15:18:00,000	21,79	0,00
50	01.09.2017 15:18:10,000	21,79	0,00
51	01.09.2017 15:18:20,000	21,79	0,00
52	01.09.2017 15:18:30,000	21,79	0,00
53	01.09.2017 15:18:40,000	21,76	0,00
54	01.09.2017 15:18:50,000	21,76	0,00
55	01.09.2017 15:19:00,000	21,76	0,00
56	01.09.2017 15:19:10,000	21,76	0,00
57	01.09.2017 15:19:20,000	21,76	0,00
58	01.09.2017 15:19:30,000	21,76	0,00
59	01.09.2017 15:19:40,000	21,76	0,00
60	01.09.2017 15:19:50,000	21,73	0,00
61	01.09.2017 15:20:00,000	21,73	0,00
62	01.09.2017 15:20:10,000	21,73	0,00
63	01.09.2017 15:20:20,000	21,73	0,00
64	01.09.2017 15:20:30,000	21,73	0,00
65	01.09.2017 15:20:40,000	21,73	0,00
66	01.09.2017 15:20:50,000	21,73	0,00
67	01.09.2017 15:21:00,000	21,70	0,00
68	01.09.2017 15:21:10,000	21,70	0,00
69	01.09.2017 15:21:20,000	21,70	0,00
70	01.09.2017 15:21:30,000	21,70	0,00
71	01.09.2017 15:21:40,000	21,67	0,00
72	01.09.2017 15:21:50,000	21,67	0,00
73	01.09.2017 15:22:00,000	21,67	0,00
74	01.09.2017 15:22:10,000	21,67	0,00
75	01.09.2017 15:22:20,000	21,64	0,00
76	01.09.2017 15:22:30,000	21,64	0,00
77	01.09.2017 15:22:40,000	21,64	0,00
78	01.09.2017 15:22:50,000	21,64	0,00
79	01.09.2017 15:23:00,000	21,62	0,00
80	01.09.2017 15:23:10,000	21,62	0,00
81	01.09.2017 15:23:20,000	21,62	0,00
82	01.09.2017 15:23:30,000	21,59	0,00
83	01.09.2017 15:23:40,000	21,59	0,00
84	01.09.2017 15:23:50,000	21,59	0,00
85	01.09.2017 15:24:00,000	21,56	0,00
86	01.09.2017 15:24:10,000	21,56	0,00
87	01.09.2017 15:24:20,000	21,56	0,00
88	01.09.2017 15:24:30,000	21,56	0,00
89	01.09.2017 15:24:40,000	21,53	0,00
90	01.09.2017 15:24:50,000	21,53	0,00
91	01.09.2017 15:25:00,000	21,53	0,00
92	01.09.2017 15:25:10,000	21,50	0,00
93	01.09.2017 15:25:20,000	21,50	0,00
94	01.09.2017 15:25:30,000	21,50	0,00
95	01.09.2017 15:25:40,000	21,47	0,00
96	01.09.2017 15:25:50,000	21,47	0,00
97	01.09.2017 15:26:00,000	21,44	0,00
98	01.09.2017 15:26:10,000	21,44	0,00
99	01.09.2017 15:26:20,000	21,41	0,00
100	01.09.2017 15:26:30,000	21,41	0,00
101	01.09.2017 15:26:40,000	21,38	0,00
102	01.09.2017 15:26:50,000	21,38	0,00
103	01.09.2017 15:27:00,000	21,38	0,00
104	01.09.2017 15:27:10,000	21,35	0,00
105	01.09.2017 15:27:20,000	21,35	0,00
106	01.09.2017 15:27:30,000	21,32	0,00
107	01.09.2017 15:27:40,000	21,32	0,00
108	01.09.2017 15:27:50,000	21,29	0,00
109	01.09.2017 15:28:00,000	21,29	0,00
110	01.09.2017 15:28:10,000	21,27	0,00
111	01.09.2017 15:28:20,000	21,27	0,00
112	01.09.2017 15:28:30,000	21,24	0,00
113	01.09.2017 15:28:40,000	21,24	0,00
114	01.09.2017 15:28:50,000	21,21	0,00
115	01.09.2017 15:29:00,000	21,18	0,00
116	01.09.2017 15:29:10,000	21,15	0,00
117	01.09.2017 15:29:20,000	21,15	0,00
118	01.09.2017 15:29:30,000	21,12	0,00
119	01.09.2017 15:29:40,000	21,09	0,00
120	01.09.2017 15:29:50,000	21,09	0,00
121	01.09.2017 15:30:00,000	21,06	0,00
122	01.09.2017 15:30:10,000	21,03	0,00
123	01.09.2017 15:30:20,000	21,00	0,00
124	01.09.2017 15:30:30,000	20,97	0,00
125	01.09.2017 15:30:40,000	20,92	0,00
126	01.09.2017 15:30:50,000	20,89	0,00
127	01.09.2017 15:31:00,000	20,86	0,00
128	01.09.2017 15:31:10,000	20,83	0,00
129	01.09.2017 15:31:20,000	20,77	0,00
130	01.09.2017 15:31:30,000	20,74	0,00
131	01.09.2017 15:31:40,000	20,68	0,00
132	01.09.2017 15:31:50,000	20,65	0,00
133	01.09.2017 15:32:00,000	20,62	0,00
134	01.09.2017 15:32:10,000	20,56	0,00
135	01.09.2017 15:32:20,000	20,53	0,00
136	01.09.2017 15:32:30,000	20,48	0,00
137	01.09.2017 15:32:40,000	20,42	0,00
138	01.09.2017 15:32:50,000	20,39	0,00
139	01.09.2017 15:33:00,000	20,33	0,00
140	01.09.2017 15:33:10,000	20,27	0,00
141	01.09.2017 15:33:20,000	20,21	0,00
142	01.09.2017 15:33:30,000	20,15	0,00
143	01.09.2017 15:33:40,000	20,12	0,00
144	01.09.2017 15:33:50,000	20,07	0,00
145	01.09.2017 15:34:00,000	20,01	0,00
146	01.09.2017 15:34:10,000	19,92	0,00
147	01.09.2017 15:34:20,000	19,86	0,00
148	01.09.2017 15:34:30,000	19,80	0,00
149	01.09.2017 15:34:40,000	19,74	0,00
150	01.09.2017 15:34:50,000	19,68	0,00
151	01.09.2017 15:35:00,000	19,62	0,00
152	01.09.2017 15:35:10,000	19,56	0,00
153	01.09.2017 15:35:20,000	19,51	0,00
154	01.09.2017 15:35:30,000	19,42	0,00
155	01.09.2017 15:35:40,000	19,36	0,00
156	01.09.2017 15:35:50,000	19,30	0,00
157	01.09.2017 15:36:00,000	19,21	0,00
158	01.09.2017 15:36:10,000	19,15	0,00
159	01.09.2017 15:36:20,000	19,09	0,00
160	01.09.2017 15:36:30,000	19,00	0,00
161	01.09.2017 15:36:40,000	18,94	0,00
162	01.09.2017 15:36:50,000	18,86	0,00
163	01.09.2017 15:37:00,000	18,80	0,00
164	01.09.2017 15:37:10,000	18,74	0,00
165	01.09.2017 15:37:20,000	18,65	0,00
166	01.09.2017 15:37:30,000	18,59	0,00
167	01.09.2017 15:37:40,000	18,50	0,00
168	01.09.2017 15:37:50,000	18,44	0,00
169	01.09.2017 15:38:00,000	18,35	0,00
170	01.09.2017 15:38:10,000	18,29	0,00
171	01.09.2017 15:38:20,000	18,20	0,00
172	01.09.2017 15:38:30,000	18,14	0,00
173	01.09.2017 15:38:40,000	18,05	0,00
174	01.09.2017 15:38:50,000	17,96	0,00
175	01.09.2017 15:39:00,000	17,90	0,00
176	01.09.2017 15:39:10,000	17,81	0,00
177	01.09.2017 15:39:20,000	17,76	0,00
178	01.09.2017 15:39:30,000	17,67	0,00
179	01.09.2017 15:39:40,000	17,61	0,00
180	01.09.2017 15:39:50,000	17,52	0,00
181	01.09.2017 15:40:00,000	17,43	0,00
182	01.09.2017 15:40:10,000	17,34	0,00
183	01.09.2017 15:40:20,000	17,31	0,00
184	01.09.2017 15:40:30,000	17,19	0,00
185	01.09.2017 15:40:40,000	17,13	0,00
186	01.09.2017 15:40:50,000	17,04	0,00
187	01.09.2017 15:41:00,000	16,95	0,00
188	01.09.2017 15:41:10,000	16,86	0,00
189	01.09.2017 15:41:20,000	16,80	0,00
190	01.09.2017 15:41:30,000	16,70	0,00
191	01.09.2017 15:41:40,000	16,61	0,00
192	01.09.2017 15:41:50,000	16,52	0,00
193	01.09.2017 15:42:00,000	16,43	0,00
194	01.09.2017 15:42:10,000	16,34	0,00
195	01.09.2017 15:42:20,000	16,25	0,00
196	01.09.2017 15:42:30,000	16,16	0,00
197	01.09.2017 15:42:40,000	16,04	0,00
198	01.09.2017 15:42:50,000	15,95	0,00
199	01.09.2017 15:43:00,000	15,89	0,00
200	01.09.2017 15:43:10,000	15,80	0,00
201	01.09.2017 15:43:20,000	15,71	0,00
202	01.09.2017 15:43:30,000	15,61	0,00
203	01.09.2017 15:43:40,000	15,52	0,00
204	01.09.2017 15:43:50,000	15,43	0,00
205	01.09.2017 15:44:00,000	15,37	0,00
206	01.09.2017 15:44:10,000	15,28	0,00
207	01.09.2017 15:44:20,000	15,19	0,00
208	01.09.2017 15:44:30,000	15,09	0,00
209	01.09.2017 15:44:40,000	15,00	0,00
210	01.09.2017 15:44:50,000	14,91	0,00
211	01.09.2017 15:45:00,000	14,82	0,00
212	01.09.2017 15:45:10,000	14,73	0,00
213	01.09.2017 15:45:20,000	14,63	0,00
214	01.09.2017 15:45:30,000	14,57	0,00
215	01.09.2017 15:45:40,000	11,71	1,51
216	01.09.2017 15:45:50,000	10,22	1,28
217	01.09.2017 15:46:00,000	9,43	1,05
218	01.09.2017 15:46:10,000	8,70	1,05
219	01.09.2017 15:46:20,000	7,92	0,83
220	01.09.2017 15:46:30,000	7,19	0,60
221	01.09.2017 15:46:40,000	6,74	0,83
222	01.09.2017 15:46:50,000	6,25	1,28
223	01.09.2017 15:47:00,000	5,93	1,96
224	01.09.2017 15:47:10,000	5,72	2,41
225	01.09.2017 15:47:20,000	5,54	3,09
226	01.09.2017 15:47:30,000	5,40	3,09
227	01.09.2017 15:47:40,000	5,29	3,31
228	01.09.2017 15:47:50,000	5,22	3,31
229	01.09.2017 15:48:00,000	5,14	2,86
230	01.09.2017 15:48:10,000	5,11	3,09
231	01.09.2017 15:48:20,000	5,11	3,09
232	01.09.2017 15:48:30,000	5,07	2,64
233	01.09.2017 15:48:40,000	5,04	2,86
234	01.09.2017 15:48:50,000	5,04	3,09
235	01.09.2017 15:49:00,000	5,04	2,64
236	01.09.2017 15:49:10,000	5,04	2,18
237	01.09.2017 15:49:20,000	5,00	1,05
238	01.09.2017 15:49:30,000	5,00	1,28
239	01.09.2017 15:49:40,000	5,00	1,51
240	01.09.2017 15:49:50,000	5,00	1,05
241	01.09.2017 15:50:00,000	5,00	0,83
242	01.09.2017 15:50:10,000	5,00	0,38
243	01.09.2017 15:50:20,000	5,00	0,15
244	01.09.2017 15:50:30,000	5,00	0,38
245	01.09.2017 15:50:40,000	5,00	0,83
246	01.09.2017 15:50:50,000	5,00	1,51
247	01.09.2017 15:51:00,000	5,00	1,73
248	01.09.2017 15:51:10,000	5,00	1,73
249	01.09.2017 15:51:20,000	5,00	1,96
250	01.09.2017 15:51:30,000	5,00	2,41
251	01.09.2017 15:51:40,000	4,96	2,41
252	01.09.2017 15:51:50,000	4,96	2,18
253	01.09.2017 15:52:00,000	4,89	3,09
254	01.09.2017 15:52:10,000	4,89	3,99
255	01.09.2017 15:52:20,000	4,78	5,05
256	01.09.2017 15:52:30,000	4,53	4,89
257	01.09.2017 15:52:40,000	4,53	4,22
258	01.09.2017 15:52:50,000	4,67	3,99
259	01.09.2017 15:53:00,000	4,64	3,99
260	01.09.2017 15:53:10,000	4,71	3,99
261	01.09.2017 15:53:20,000	4,82	4,44
262	01.09.2017 15:53:30,000	4,85	4,44
263	01.09.2017 15:53:40,000	4,85	4,22
264	01.09.2017 15:53:50,000	4,89	3,99
265	01.09.2017 15:54:00,000	4,82	3,76
266	01.09.2017 15:54:10,000	4,78	3,31
267	01.09.2017 15:54:20,000	4,78	3,31
268	01.09.2017 15:54:30,000	4,71	3,54
269	01.09.2017 15:54:40,000	4,75	3,76
270	01.09.2017 15:54:50,000	4,78	3,54
271	01.09.2017 15:55:00,000	4,78	3,54
272	01.09.2017 15:55:10,000	4,85	3,54
273	01.09.2017 15:55:20,000	4,89	3,76
274	01.09.2017 15:55:30,000	4,93	3,99
275	01.09.2017 15:55:40,000	4,93	3,99
276	01.09.2017 15:55:50,000	4,93	3,99
277	01.09.2017 15:56:00,000	4,96	3,99
278	01.09.2017 15:56:10,000	4,96	4,22
279	01.09.2017 15:56:20,000	4,96	3,99
280	01.09.2017 15:56:30,000	4,96	3,99
281	01.09.2017 15:56:40,000	4,93	3,76
282	01.09.2017 15:56:50,000	4,93	3,54
283	01.09.2017 15:57:00,000	4,93	3,54
284	01.09.2017 15:57:10,000	4,93	3,99
285	01.09.2017 15:57:20,000	4,93	4,44
286	01.09.2017 15:57:30,000	4,96	4,94
287	01.09.2017 15:57:40,000	4,96	6,29
288	01.09.2017 15:57:50,000	4,96	6,97
289	01.09.2017 15:58:00,000	4,96	7,20
290	01.09.2017 15:58:10,000	4,96	6,75
291	01.09.2017 15:58:20,000	4,96	6,52
292	01.09.2017 15:58:30,000	4,96	6,52
293	01.09.2017 15:58:40,000	4,96	6,52
294	01.09.2017 15:58:50,000	4,96	6,29
295	01.09.2017 15:59:00,000	4,96	6,75
296	01.09.2017 15:59:10,000	4,93	7,18
297	01.09.2017 15:59:20,000	4,93	7,85
298	01.09.2017 15:59:30,000	4,89	8,51
299	01.09.2017 15:59:40,000	4,53	9,86
300	01.09.2017 15:59:50,000	3,45	11,46
301	01.09.2017 16:00:00,000	2,50	12,67
302	01.09.2017 16:00:10,000	2,00	13,49
303	01.09.2017 16:00:20,000	1,65	14,85
304	01.09.2017 16:00:30,000	1,22	15,94
305	01.09.2017 16:00:40,000	0,86	16,39
306	01.09.2017 16:00:50,000	0,58	16,67
307	01.09.2017 16:01:00,000	0,42	16,80
308	01.09.2017 16:01:10,000	0,30	16,72
309	01.09.2017 16:01:20,000	0,22	16,67
310	01.09.2017 16:01:30,000	0,14	16,85
311	01.09.2017 16:01:40,000	0,06	17,02
312	01.09.2017 16:01:50,000	0,02	17,22
313	01.09.2017 16:02:00,000	-0,07	17,40
314	01.09.2017 16:02:10,000	-0,11	17,37
315	01.09.2017 16:02:20,000	-0,19	17,32
316	01.09.2017 16:02:30,000	-0,27	17,27
317	01.09.2017 16:02:40,000	-0,27	17,50
318	01.09.2017 16:02:50,000	-0,27	17,50
319	01.09.2017 16:03:00,000	-0,27	17,27
320	01.09.2017 16:03:10,000	-0,27	17,50
321	01.09.2017 16:03:20,000	-0,27	17,72
322	01.09.2017 16:03:30,000	-0,27	18,17
323	01.09.2017 16:03:40,000	-0,27	18,40
324	01.09.2017 16:03:50,000	-0,31	18,60
325	01.09.2017 16:04:00,000	-0,31	18,60
326	01.09.2017 16:04:10,000	-0,31	18,60
327	01.09.2017 16:04:20,000	-0,31	18,15
328	01.09.2017 16:04:30,000	-0,31	17,92
329	01.09.2017 16:04:40,000	-0,31	17,92
330	01.09.2017 16:04:50,000	-0,31	17,47
331	01.09.2017 16:05:00,000	-0,31	17,47
332	01.09.2017 16:05:10,000	-0,35	17,22
333	01.09.2017 16:05:20,000	-0,35	17,44
334	01.09.2017 16:05:30,000	-0,35	17,22
335	01.09.2017 16:05:40,000	-0,31	17,47
336	01.09.2017 16:05:50,000	-0,35	17,67
337	01.09.2017 16:06:00,000	-0,35	18,58
338	01.09.2017 16:06:10,000	-0,35	19,71
339	01.09.2017 16:06:20,000	-0,35	21,29
340	01.09.2017 16:06:30,000	-0,35	22,88
341	01.09.2017 16:06:40,000	-0,35	24,46
342	01.09.2017 16:06:50,000	-0,35	25,59
343	01.09.2017 16:07:00,000	-0,35	26,05
344	01.09.2017 16:07:10,000	-0,35	26,05
345	01.09.2017 16:07:20,000	-0,35	25,59
346	01.09.2017 16:07:30,000	-0,35	24,91
347	01.09.2017 16:07:40,000	-0,35	25,14
348	01.09.2017 16:07:50,000	-0,31	24,94
349	01.09.2017 16:08:00,000	-0,31	23,81
350	01.09.2017 16:08:10,000	-0,31	23,58
351	01.09.2017 16:08:20,000	-0,31	23,81
352	01.09.2017 16:08:30,000	-0,31	24,26
353	01.09.2017 16:08:40,000	-0,35	24,69
354	01.09.2017 16:08:50,000	-0,35	25,14
355	01.09.2017 16:09:00,000	-0,35	25,59
356	01.09.2017 16:09:10,000	-0,35	26,27
357	01.09.2017 16:09:20,000	-0,35	26,95
358	01.09.2017 16:09:30,000	-0,31	28,11
359	01.09.2017 16:09:40,000	-0,31	29,47
360	01.09.2017 16:09:50,000	-0,31	30,83
361	01.09.2017 16:10:00,000	-0,31	32,87
362	01.09.2017 16:10:10,000	-0,27	34,03
363	01.09.2017 16:10:20,000	-0,19	35,44
364	01.09.2017 16:10:30,000	-0,19	37,03
365	01.09.2017 16:10:40,000	-0,15	38,87
366	01.09.2017 16:10:50,000	-0,15	40,45
367	01.09.2017 16:11:00,000	-0,15	42,04
368	01.09.2017 16:11:10,000	-0,11	43,43
369	01.09.2017 16:11:20,000	0,02	45,09
370	01.09.2017 16:11:30,000	0,26	46,38
371	01.09.2017 16:11:40,000	0,46	47,87
372	01.09.2017 16:11:50,000	0,46	49,68
373	01.09.2017 16:12:00,000	0,50	51,07
374	01.09.2017 16:12:10,000	0,50	52,43
375	01.09.2017 16:12:20,000	0,50	54,25
376	01.09.2017 16:12:30,000	0,54	55,87
377	01.09.2017 16:12:40,000	0,42	58,06
378	01.09.2017 16:12:50,000	0,34	59,83
379	01.09.2017 16:13:00,000	0,30	61,39
380	01.09.2017 16:13:10,000	0,22	63,39
381	01.09.2017 16:13:20,000	0,22	64,98
382	01.09.2017 16:13:30,000	0,06	66,92
383	01.09.2017 16:13:40,000	-0,11	68,86
384	01.09.2017 16:13:50,000	-0,23	70,60
385	01.09.2017 16:14:00,000	-0,31	72,60
386	01.09.2017 16:14:10,000	-0,48	74,32
387	01.09.2017 16:14:20,000	-0,56	76,08
388	01.09.2017 16:14:30,000	-0,68	77,82
389	01.09.2017 16:14:40,000	-0,77	79,36
390	01.09.2017 16:14:50,000	-0,77	81,41
391	01.09.2017 16:15:00,000	-0,85	83,41
392	01.09.2017 16:15:10,000	-0,89	85,20
393	01.09.2017 16:15:20,000	-0,89	87,02
394	01.09.2017 16:15:30,000	-0,93	89,27
395	01.09.2017 16:15:40,000	-0,97	90,84
396	01.09.2017 16:15:50,000	-1,01	92,86
397	01.09.2017 16:16:00,000	-1,10	94,86
398	01.09.2017 16:16:10,000	-1,14	96,65
399	01.09.2017 16:16:20,000	-1,18	98,90
400	01.09.2017 16:16:30,000	-1,22	101,15
401	01.09.2017 16:16:40,000	-1,22	103,20
402	01.09.2017 16:16:50,000	-1,18	105,51
403	01.09.2017 16:17:00,000	-1,14	107,58
404	01.09.2017 16:17:10,000	-1,10	108,98
405	01.09.2017 16:17:20,000	-1,10	110,12
406	01.09.2017 16:17:30,000	-1,10	110,80
407	01.09.2017 16:17:40,000	-1,10	111,94
408	01.09.2017 16:17:50,000	-1,10	112,62
409	01.09.2017 16:18:00,000	-1,06	113,33
410	01.09.2017 16:18:10,000	-1,06	114,24
411	01.09.2017 16:18:20,000	-1,10	114,90
412	01.09.2017 16:18:30,000	-1,10	115,81
413	01.09.2017 16:18:40,000	-1,10	116,72
414	01.09.2017 16:18:50,000	-1,10	118,09
415	01.09.2017 16:19:00,000	-1,10	119,00
416	01.09.2017 16:19:10,000	-1,06	120,62
417	01.09.2017 16:19:20,000	-1,06	121,76
418	01.09.2017 16:19:30,000	-1,10	123,10
419	01.09.2017 16:19:40,000	-1,10	124,24
420	01.09.2017 16:19:50,000	-1,06	125,87
421	01.09.2017 16:20:00,000	-1,06	127,01
422	01.09.2017 16:20:10,000	-1,01	128,86
423	01.09.2017 16:20:20,000	-0,97	130,02
424	01.09.2017 16:20:30,000	-0,97	131,85
425	01.09.2017 16:20:40,000	-0,93	133,92
426	01.09.2017 16:20:50,000	-0,89	136,00
427	01.09.2017 16:21:00,000	-0,85	138,08
428	01.09.2017 16:21:10,000	-0,81	140,61
429	01.09.2017 16:21:20,000	-0,77	142,69
430	01.09.2017 16:21:30,000	-0,72	145,46
431	01.09.2017 16:21:40,000	-0,64	147,79
432	01.09.2017 16:21:50,000	-0,60	150,32
433	01.09.2017 16:22:00,000	-0,60	152,83
434	01.09.2017 16:22:10,000	-0,52	155,39
435	01.09.2017 16:22:20,000	-0,52	157,67
436	01.09.2017 16:22:30,000	-0,48	160,21
437	01.09.2017 16:22:40,000	-0,43	162,29
438	01.09.2017 16:22:50,000	-0,39	164,59
439	01.09.2017 16:23:00,000	-0,35	166,44
440	01.09.2017 16:23:10,000	-0,27	168,55
441	01.09.2017 16:23:20,000	-0,27	170,60
442	01.09.2017 16:23:30,000	-0,23	172,45
443	01.09.2017 16:23:40,000	-0,19	174,30
444	01.09.2017 16:23:50,000	-0,15	176,15
445	01.09.2017 16:24:00,000	-0,15	177,75
446	01.09.2017 16:24:10,000	-0,11	179,37
447	01.09.2017 16:24:20,000	-0,11	181,20
448	01.09.2017 16:24:30,000	-0,07	182,59
449	01.09.2017 16:24:40,000	-0,02	184,22
450	01.09.2017 16:24:50,000	0,02	185,61
451	01.09.2017 16:25:00,000	0,06	187,01
452	01.09.2017 16:25:10,000	0,06	188,15
453	01.09.2017 16:25:20,000	0,06	189,74
454	01.09.2017 16:25:30,000	0,10	190,68
455	01.09.2017 16:25:40,000	0,10	191,82
456	01.09.2017 16:25:50,000	0,14	192,53
457	01.09.2017 16:26:00,000	0,14	192,53
458	01.09.2017 16:26:10,000	0,18	192,10
459	01.09.2017 16:26:20,000	0,18	190,96
460	01.09.2017 16:26:30,000	0,18	188,91
461	01.09.2017 16:26:40,000	0,14	186,37
462	01.09.2017 16:26:50,000	0,14	183,18
463	01.09.2017 16:27:00,000	0,10	180,42
464	01.09.2017 16:27:10,000	0,10	177,22
465	01.09.2017 16:27:20,000	0,06	174,23
466	01.09.2017 16:27:30,000	0,02	171,47
467	01.09.2017 16:27:40,000	-0,07	168,68
468	01.09.2017 16:27:50,000	-0,11	166,60
469	01.09.2017 16:28:00,000	-0,11	164,32
470	01.09.2017 16:28:10,000	-0,11	162,27
471	01.09.2017 16:28:20,000	-0,15	160,19
472	01.09.2017 16:28:30,000	-0,19	157,88
473	01.09.2017 16:28:40,000	-0,23	155,57
474	01.09.2017 16:28:50,000	-0,27	153,50
475	01.09.2017 16:29:00,000	-0,31	151,19
476	01.09.2017 16:29:10,000	-0,35	148,88
477	01.09.2017 16:29:20,000	-0,39	146,80
478	01.09.2017 16:29:30,000	-0,43	144,95
479	01.09.2017 16:29:40,000	-0,43	143,13
480	01.09.2017 16:29:50,000	-0,48	141,51
481	01.09.2017 16:30:00,000	-0,52	140,11
482	01.09.2017 16:30:10,000	-0,56	138,72
483	01.09.2017 16:30:20,000	-0,60	137,32
484	01.09.2017 16:30:30,000	-0,68	136,13
485	01.09.2017 16:30:40,000	-0,72	134,74
486	01.09.2017 16:30:50,000	-0,72	133,14
487	01.09.2017 16:31:00,000	-0,77	131,52
488	01.09.2017 16:31:10,000	-0,81	129,90
489	01.09.2017 16:31:20,000	-0,89	128,02
490	01.09.2017 16:31:30,000	-0,93	125,72
491	01.09.2017 16:31:40,000	-0,97	123,64
492	01.09.2017 16:31:50,000	-1,01	121,11
493	01.09.2017 16:32:00,000	-0,97	118,85
494	01.09.2017 16:32:10,000	-0,97	116,35
495	01.09.2017 16:32:20,000	-1,01	114,27
496	01.09.2017 16:32:30,000	-1,01	111,99
497	01.09.2017 16:32:40,000	-1,06	110,14
498	01.09.2017 16:32:50,000	-1,10	108,75
499	01.09.2017 16:33:00,000	-1,14	107,58
500	01.09.2017 16:33:10,000	-1,18	107,56
501	01.09.2017 16:33:20,000	-1,18	108,24
502	01.09.2017 16:33:30,000	-1,18	109,15
503	01.09.2017 16:33:40,000	-1,18	110,52
504	01.09.2017 16:33:50,000	-1,18	111,66
505	01.09.2017 16:34:00,000	-1,14	113,28
506	01.09.2017 16:34:10,000	-1,14	115,33
507	01.09.2017 16:34:20,000	-1,14	117,61
508	01.09.2017 16:34:30,000	-1,10	119,69
509	01.09.2017 16:34:40,000	-1,06	121,99
510	01.09.2017 16:34:50,000	-1,10	123,33
511	01.09.2017 16:35:00,000	-1,10	124,93
512	01.09.2017 16:35:10,000	-1,10	125,61
513	01.09.2017 16:35:20,000	-1,10	126,07
514	01.09.2017 16:35:30,000	-1,10	126,30
515	01.09.2017 16:35:40,000	-1,10	126,07
516	01.09.2017 16:35:50,000	-1,10	126,07
517	01.09.2017 16:36:00,000	-1,10	125,61
518	01.09.2017 16:36:10,000	-1,10	125,16
519	01.09.2017 16:36:20,000	-1,10	124,70
520	01.09.2017 16:36:30,000	-1,10	124,24
521	01.09.2017 16:36:40,000	-1,10	123,33
522	01.09.2017 16:36:50,000	-1,10	122,88
523	01.09.2017 16:37:00,000	-1,10	122,42
524	01.09.2017 16:37:10,000	-1,10	121,74
525	01.09.2017 16:37:20,000	-1,10	121,05
526	01.09.2017 16:37:30,000	-1,10	120,37
527	01.09.2017 16:37:40,000	-1,10	120,14
528	01.09.2017 16:37:50,000	-1,06	119,48
529	01.09.2017 16:38:00,000	-1,01	118,83
530	01.09.2017 16:38:10,000	-1,01	118,60
531	01.09.2017 16:38:20,000	-0,97	117,94
532	01.09.2017 16:38:30,000	-1,01	117,46
533	01.09.2017 16:38:40,000	-1,06	117,43
534	01.09.2017 16:38:50,000	-1,10	116,95
535	01.09.2017 16:39:00,000	-1,10	116,50
536	01.09.2017 16:39:10,000	-1,10	116,04
537	01.09.2017 16:39:20,000	-1,10	115,58
538	01.09.2017 16:39:30,000	-1,10	115,13
539	01.09.2017 16:39:40,000	-1,10	114,22
540	01.09.2017 16:39:50,000	-1,10	113,76
541	01.09.2017 16:40:00,000	-1,14	112,60
542	01.09.2017 16:40:10,000	-1,18	111,66
543	01.09.2017 16:40:20,000	-1,18	110,52
544	01.09.2017 16:40:30,000	-1,22	109,35
545	01.09.2017 16:40:40,000	-1,27	108,64
546	01.09.2017 16:40:50,000	-1,31	107,93
547	01.09.2017 16:41:00,000	-1,31	107,48
548	01.09.2017 16:41:10,000	-1,31	107,48
549	01.09.2017 16:41:20,000	-1,35	107,91
550	01.09.2017 16:41:30,000	-1,35	108,13
551	01.09.2017 16:41:40,000	-1,35	108,82
552	01.09.2017 16:41:50,000	-1,35	109,50
553	01.09.2017 16:42:00,000	-1,35	109,96
554	01.09.2017 16:42:10,000	-1,35	110,64
555	01.09.2017 16:42:20,000	-1,35	110,87
556	01.09.2017 16:42:30,000	-1,31	111,35
557	01.09.2017 16:42:40,000	-1,31	111,81
558	01.09.2017 16:42:50,000	-1,31	111,81
559	01.09.2017 16:43:00,000	-1,27	111,60
560	01.09.2017 16:43:10,000	-1,27	111,38
561	01.09.2017 16:43:20,000	-1,27	110,92
562	01.09.2017 16:43:30,000	-1,31	110,67
563	01.09.2017 16:43:40,000	-1,31	109,98
564	01.09.2017 16:43:50,000	-1,31	109,98
565	01.09.2017 16:44:00,000	-1,31	109,76
566	01.09.2017 16:44:10,000	-1,31	109,53
567	01.09.2017 16:44:20,000	-1,31	109,53
568	01.09.2017 16:44:30,000	-1,31	109,07
569	01.09.2017 16:44:40,000	-1,35	108,59
570	01.09.2017 16:44:50,000	-1,35	108,36
571	01.09.2017 16:45:00,000	-1,35	108,59
572	01.09.2017 16:45:10,000	-1,35	108,13
573	01.09.2017 16:45:20,000	-1,35	108,13
574	01.09.2017 16:45:30,000	-1,35	107,91
575	01.09.2017 16:45:40,000	-1,35	107,45
576	01.09.2017 16:45:50,000	-1,35	106,77
577	01.09.2017 16:46:00,000	-1,35	106,31
578	01.09.2017 16:46:10,000	-1,35	106,54
579	01.09.2017 16:46:20,000	-1,39	107,20
580	01.09.2017 16:46:30,000	-1,35	108,13
581	01.09.2017 16:46:40,000	-1,35	109,05
582	01.09.2017 16:46:50,000	-1,35	110,64
583	01.09.2017 16:47:00,000	-1,35	111,55
584	01.09.2017 16:47:10,000	-1,31	112,26
585	01.09.2017 16:47:20,000	-1,27	112,06
586	01.09.2017 16:47:30,000	-1,31	111,81
587	01.09.2017 16:47:40,000	-1,31	111,35
588	01.09.2017 16:47:50,000	-1,31	110,44
589	01.09.2017 16:48:00,000	-1,31	109,76
590	01.09.2017 16:48:10,000	-1,31	109,07
591	01.09.2017 16:48:20,000	-1,35	108,13
592	01.09.2017 16:48:30,000	-1,35	107,45
593	01.09.2017 16:48:40,000	-1,35	107,00
594	01.09.2017 16:48:50,000	-1,35	106,08
595	01.09.2017 16:49:00,000	-1,35	105,63
596	01.09.2017 16:49:10,000	-1,35	104,49
597	01.09.2017 16:49:20,000	-1,39	103,55
598	01.09.2017 16:49:30,000	-1,39	101,96
599	01.09.2017 16:49:40,000	-1,35	100,85
600	01.09.2017 16:49:50,000	-1,35	98,80
601	01.09.2017 16:50:00,000	-1,35	97,20
602	01.09.2017 16:50:10,000	-1,35	94,93
603	01.09.2017 16:50:20,000	-1,27	92,70
604	01.09.2017 16:50:30,000	-1,22	90,68
605	01.09.2017 16:50:40,000	-1,18	88,66
606	01.09.2017 16:50:50,000	-1,18	86,84
607	01.09.2017 16:51:00,000	-1,18	85,02
608	01.09.2017 16:51:10,000	-1,14	83,68
609	01.09.2017 16:51:20,000	-1,10	82,11
610	01.09.2017 16:51:30,000	-1,06	81,23
611	01.09.2017 16:51:40,000	-1,01	79,89
612	01.09.2017 16:51:50,000	-1,01	78,75
613	01.09.2017 16:52:00,000	-0,97	78,78
614	01.09.2017 16:52:10,000	-0,97	78,78
615	01.09.2017 16:52:20,000	-0,97	79,92
616	01.09.2017 16:52:30,000	-0,97	81,05
617	01.09.2017 16:52:40,000	-0,97	82,42
618	01.09.2017 16:52:50,000	-1,01	83,53
619	01.09.2017 16:53:00,000	-1,01	84,21
620	01.09.2017 16:53:10,000	-1,01	84,67
621	01.09.2017 16:53:20,000	-1,01	84,44
622	01.09.2017 16:53:30,000	-1,01	84,21
623	01.09.2017 16:53:40,000	-1,01	83,53
624	01.09.2017 16:53:50,000	-1,01	82,62
625	01.09.2017 16:54:00,000	-1,01	81,71
626	01.09.2017 16:54:10,000	-1,01	80,80
627	01.09.2017 16:54:20,000	-1,01	79,89
628	01.09.2017 16:54:30,000	-0,97	79,23
629	01.09.2017 16:54:40,000	-0,97	78,55
630	01.09.2017 16:54:50,000	-0,97	78,10
631	01.09.2017 16:55:00,000	-0,97	77,41
632	01.09.2017 16:55:10,000	-0,93	76,76
633	01.09.2017 16:55:20,000	-0,93	76,30
634	01.09.2017 16:55:30,000	-0,93	75,85
635	01.09.2017 16:55:40,000	-0,89	75,42
636	01.09.2017 16:55:50,000	-0,85	75,22
637	01.09.2017 16:56:00,000	-0,85	74,54
638	01.09.2017 16:56:10,000	-0,81	73,65
639	01.09.2017 16:56:20,000	-0,77	73,22
640	01.09.2017 16:56:30,000	-0,77	72,54
641	01.09.2017 16:56:40,000	-0,68	71,91
642	01.09.2017 16:56:50,000	-0,60	70,60
643	01.09.2017 16:57:00,000	-0,56	69,49
644	01.09.2017 16:57:10,000	-0,52	68,38
645	01.09.2017 16:57:20,000	-0,43	67,07
646	01.09.2017 16:57:30,000	-0,39	65,96
647	01.09.2017 16:57:40,000	-0,31	64,64
648	01.09.2017 16:57:50,000	-0,27	63,31
649	01.09.2017 16:58:00,000	-0,27	61,94
650	01.09.2017 16:58:10,000	-0,19	60,40
651	01.09.2017 16:58:20,000	-0,15	59,29
652	01.09.2017 16:58:30,000	-0,11	57,96
653	01.09.2017 16:58:40,000	-0,07	56,62
654	01.09.2017 16:58:50,000	0,10	55,13
655	01.09.2017 16:59:00,000	0,26	53,87
656	01.09.2017 16:59:10,000	0,34	52,79
657	01.09.2017 16:59:20,000	0,42	51,48
658	01.09.2017 16:59:30,000	0,42	50,34
659	01.09.2017 16:59:40,000	0,50	49,94
660	01.09.2017 16:59:50,000	0,50	48,80
661	01.09.2017 17:00:00,000	0,46	48,32
662	01.09.2017 17:00:10,000	0,38	47,82
663	01.09.2017 17:00:20,000	0,30	47,31
664	01.09.2017 17:00:30,000	0,26	47,29
665	01.09.2017 17:00:40,000	0,22	47,26
666	01.09.2017 17:00:50,000	0,18	47,01
667	01.09.2017 17:01:00,000	0,14	47,21
668	01.09.2017 17:01:10,000	0,14	47,21
669	01.09.2017 17:01:20,000	0,14	47,21
670	01.09.2017 17:01:30,000	0,18	47,01
671	01.09.2017 17:01:40,000	0,22	47,26
672	01.09.2017 17:01:50,000	0,26	47,29
673	01.09.2017 17:02:00,000	0,26	47,51
674	01.09.2017 17:02:10,000	0,30	47,31
675	01.09.2017 17:02:20,000	0,34	47,34
676	01.09.2017 17:02:30,000	0,34	48,02
677	01.09.2017 17:02:40,000	0,26	48,20
678	01.09.2017 17:02:50,000	0,14	48,80
679	01.09.2017 17:03:00,000	0,10	48,77
680	01.09.2017 17:03:10,000	0,06	48,75
681	01.09.2017 17:03:20,000	0,06	48,75
682	01.09.2017 17:03:30,000	0,02	48,72
683	01.09.2017 17:03:40,000	0,06	48,52
684	01.09.2017 17:03:50,000	0,02	48,50
685	01.09.2017 17:04:00,000	0,02	48,27
686	01.09.2017 17:04:10,000	0,06	48,30
687	01.09.2017 17:04:20,000	0,14	48,35
688	01.09.2017 17:04:30,000	0,14	48,57
689	01.09.2017 17:04:40,000	0,14	48,80
690	01.09.2017 17:04:50,000	0,10	49,23
691	01.09.2017 17:05:00,000	0,14	49,71
692	01.09.2017 17:05:10,000	0,18	50,19
693	01.09.2017 17:05:20,000	0,22	50,44
694	01.09.2017 17:05:30,000	0,22	50,21
695	01.09.2017 17:05:40,000	0,26	50,69
696	01.09.2017 17:05:50,000	0,26	50,47
697	01.09.2017 17:06:00,000	0,34	50,06
698	01.09.2017 17:06:10,000	0,34	49,61
699	01.09.2017 17:06:20,000	0,18	49,28
700	01.09.2017 17:06:30,000	0,18	48,83
701	01.09.2017 17:06:40,000	0,22	47,94
702	01.09.2017 17:06:50,000	0,10	47,87
703	01.09.2017 17:07:00,000	0,10	46,96
704	01.09.2017 17:07:10,000	0,06	46,71
705	01.09.2017 17:07:20,000	0,02	46,23
706	01.09.2017 17:07:30,000	0,02	45,77
707	01.09.2017 17:07:40,000	0,02	45,09
708	01.09.2017 17:07:50,000	-0,02	44,61
709	01.09.2017 17:08:00,000	-0,02	44,16
710	01.09.2017 17:08:10,000	-0,07	43,91
711	01.09.2017 17:08:20,000	-0,11	43,20
712	01.09.2017 17:08:30,000	-0,11	42,97
713	01.09.2017 17:08:40,000	-0,11	42,97
714	01.09.2017 17:08:50,000	-0,11	42,97
715	01.09.2017 17:09:00,000	-0,11	42,97
716	01.09.2017 17:09:10,000	-0,11	43,20
717	01.09.2017 17:09:20,000	-0,11	43,20
718	01.09.2017 17:09:30,000	-0,11	43,65
719	01.09.2017 17:09:40,000	-0,11	43,65
720	01.09.2017 17:09:50,000	0,02	43,96
721	01.09.2017 17:10:00,000	0,06	43,76
722	01.09.2017 17:10:10,000	0,06	43,98
723	01.09.2017 17:10:20,000	0,06	44,21
724	01.09.2017 17:10:30,000	0,02	44,19
725	01.09.2017 17:10:40,000	-0,02	44,39
726	01.09.2017 17:10:50,000	-0,07	44,36
727	01.09.2017 17:11:00,000	-0,07	44,13
728	01.09.2017 17:11:10,000	-0,07	43,91
729	01.09.2017 17:11:20,000	-0,11	44,34
730	01.09.2017 17:11:30,000	-0,11	44,34
731	01.09.2017 17:11:40,000	-0,11	44,56
732	01.09.2017 17:11:50,000	-0,07	44,81
733	01.09.2017 17:12:00,000	-0,02	45,75
734	01.09.2017 17:12:10,000	0,10	47,19
735	01.09.2017 17:12:20,000	0,10	48,32
736	01.09.2017 17:12:30,000	-0,07	50,03
737	01.09.2017 17:12:40,000	0,06	51,70
738	01.09.2017 17:12:50,000	0,10	53,54
739	01.09.2017 17:13:00,000	0,14	55,84
740	01.09.2017 17:13:10,000	0,10	58,31
741	01.09.2017 17:13:20,000	0,10	61,49
742	01.09.2017 17:13:30,000	0,02	64,62
743	01.09.2017 17:13:40,000	-0,15	68,16
744	01.09.2017 17:13:50,000	-0,27	71,72
745	01.09.2017 17:14:00,000	-0,31	75,10
746	01.09.2017 17:14:10,000	-0,43	78,66
747	01.09.2017 17:14:20,000	-0,60	81,97
748	01.09.2017 17:14:30,000	-0,72	85,31
749	01.09.2017 17:14:40,000	-0,81	87,98
750	01.09.2017 17:14:50,000	-0,89	90,66
751	01.09.2017 17:15:00,000	-0,97	92,43
752	01.09.2017 17:15:10,000	-1,01	94,45
753	01.09.2017 17:15:20,000	-1,06	96,25
754	01.09.2017 17:15:30,000	-1,10	97,82
755	01.09.2017 17:15:40,000	-1,14	98,93
756	01.09.2017 17:15:50,000	-1,18	100,27
757	01.09.2017 17:16:00,000	-1,18	101,86
758	01.09.2017 17:16:10,000	-1,22	102,98
759	01.09.2017 17:16:20,000	-1,27	103,86
760	01.09.2017 17:16:30,000	-1,27	105,00
761	01.09.2017 17:16:40,000	-1,27	106,14
762	01.09.2017 17:16:50,000	-1,31	107,25
763	01.09.2017 17:17:00,000	-1,31	108,16
764	01.09.2017 17:17:10,000	-1,31	108,84
765	01.09.2017 17:17:20,000	-1,35	109,50
766	01.09.2017 17:17:30,000	-1,35	109,96
767	01.09.2017 17:17:40,000	-1,35	110,41
768	01.09.2017 17:17:50,000	-1,35	110,87
769	01.09.2017 17:18:00,000	-1,35	110,87
770	01.09.2017 17:18:10,000	-1,39	111,30
771	01.09.2017 17:18:20,000	-1,39	111,98
772	01.09.2017 17:18:30,000	-1,39	112,44
773	01.09.2017 17:18:40,000	-1,35	112,92
774	01.09.2017 17:18:50,000	-1,35	113,60
775	01.09.2017 17:19:00,000	-1,35	114,29
776	01.09.2017 17:19:10,000	-1,31	115,22
777	01.09.2017 17:19:20,000	-1,22	115,28
778	01.09.2017 17:19:30,000	-1,22	115,28
779	01.09.2017 17:19:40,000	-1,18	114,62
780	01.09.2017 17:19:50,000	-1,22	113,45
781	01.09.2017 17:20:00,000	-1,27	111,60
782	01.09.2017 17:20:10,000	-1,31	109,30
783	01.09.2017 17:20:20,000	-1,35	106,54
784	01.09.2017 17:20:30,000	-1,35	103,12
785	01.09.2017 17:20:40,000	-1,31	99,51
786	01.09.2017 17:20:50,000	-1,31	95,86
787	01.09.2017 17:21:00,000	-1,27	92,02
788	01.09.2017 17:21:10,000	-1,22	88,18
789	01.09.2017 17:21:20,000	-1,18	84,79
790	01.09.2017 17:21:30,000	-1,14	81,18
791	01.09.2017 17:21:40,000	-1,10	77,79
792	01.09.2017 17:21:50,000	-1,01	74,66
793	01.09.2017 17:22:00,000	-0,93	71,30
794	01.09.2017 17:22:10,000	-0,81	67,97
795	01.09.2017 17:22:20,000	-0,77	65,04
796	01.09.2017 17:22:30,000	-0,64	62,39
797	01.09.2017 17:22:40,000	-0,39	60,05
798	01.09.2017 17:22:50,000	-0,23	58,33
799	01.09.2017 17:23:00,000	-0,19	57,00
800	01.09.2017 17:23:10,000	-0,11	56,37
801	01.09.2017 17:23:20,000	-0,02	56,42
802	01.09.2017 17:23:30,000	0,02	57,12
803	01.09.2017 17:23:40,000	0,06	58,06
804	01.09.2017 17:23:50,000	0,06	59,88
805	01.09.2017 17:24:00,000	0,06	61,47
806	01.09.2017 17:24:10,000	-0,11	63,41
807	01.09.2017 17:24:20,000	-0,19	65,18
808	01.09.2017 17:24:30,000	-0,27	66,71
809	01.09.2017 17:24:40,000	-0,31	67,83
810	01.09.2017 17:24:50,000	-0,35	69,16
811	01.09.2017 17:25:00,000	-0,43	70,48
812	01.09.2017 17:25:10,000	-0,48	71,36
813	01.09.2017 17:25:20,000	-0,56	72,44
814	01.09.2017 17:25:30,000	-0,60	73,33
815	01.09.2017 17:25:40,000	-0,64	73,98
816	01.09.2017 17:25:50,000	-0,68	74,87
817	01.09.2017 17:26:00,000	-0,72	75,52
818	01.09.2017 17:26:10,000	-0,77	76,18
819	01.09.2017 17:26:20,000	-0,81	76,84
820	01.09.2017 17:26:30,000	-0,81	77,29
821	01.09.2017 17:26:40,000	-0,85	77,72
822	01.09.2017 17:26:50,000	-0,85	78,17
823	01.09.2017 17:27:00,000	-0,89	78,15
824	01.09.2017 17:27:10,000	-0,89	78,60
825	01.09.2017 17:27:20,000	-0,89	78,83
826	01.09.2017 17:27:30,000	-0,93	79,26
827	01.09.2017 17:27:40,000	-0,93	79,26
828	01.09.2017 17:27:50,000	-0,93	79,71
829	01.09.2017 17:28:00,000	-0,93	79,71
830	01.09.2017 17:28:10,000	-0,93	79,94
831	01.09.2017 17:28:20,000	-0,93	79,94
832	01.09.2017 17:28:30,000	-0,93	79,94
833	01.09.2017 17:28:40,000	-0,93	79,94
834	01.09.2017 17:28:50,000	-0,93	80,17
835	01.09.2017 17:29:00,000	-0,93	80,17
836	01.09.2017 17:29:10,000	-0,89	80,42
837	01.09.2017 17:29:20,000	-0,89	80,42
838	01.09.2017 17:29:30,000	-0,89	80,20
839	01.09.2017 17:29:40,000	-0,89	79,74
840	01.09.2017 17:29:50,000	-0,89	79,51
841	01.09.2017 17:30:00,000	-0,93	79,03
842	01.09.2017 17:30:10,000	-0,93	78,35
843	01.09.2017 17:30:20,000	-0,93	77,67
844	01.09.2017 17:30:30,000	-0,93	76,53
845	01.09.2017 17:30:40,000	-0,93	75,62
846	01.09.2017 17:30:50,000	-0,93	74,94
847	01.09.2017 17:31:00,000	-0,89	74,05
848	01.09.2017 17:31:10,000	-0,89	72,92
849	01.09.2017 17:31:20,000	-0,85	72,03
850	01.09.2017 17:31:30,000	-0,81	70,92
851	01.09.2017 17:31:40,000	-0,77	69,81
852	01.09.2017 17:31:50,000	-0,72	68,93
853	01.09.2017 17:32:00,000	-0,68	67,59
854	01.09.2017 17:32:10,000	-0,64	66,48
855	01.09.2017 17:32:20,000	-0,56	65,17
856	01.09.2017 17:32:30,000	-0,52	64,29
857	01.09.2017 17:32:40,000	-0,48	62,95
858	01.09.2017 17:32:50,000	-0,43	62,07
859	01.09.2017 17:33:00,000	-0,43	60,93
860	01.09.2017 17:33:10,000	-0,35	59,85
861	01.09.2017 17:33:20,000	-0,27	58,99
862	01.09.2017 17:33:30,000	-0,19	57,90
863	01.09.2017 17:33:40,000	-0,11	57,27
864	01.09.2017 17:33:50,000	-0,02	56,19
865	01.09.2017 17:34:00,000	0,06	55,33
866	01.09.2017 17:34:10,000	0,14	54,48
867	01.09.2017 17:34:20,000	0,26	53,87
868	01.09.2017 17:34:30,000	0,30	52,76
869	01.09.2017 17:34:40,000	0,30	52,08
870	01.09.2017 17:34:50,000	0,34	50,97
871	01.09.2017 17:35:00,000	0,34	50,06
872	01.09.2017 17:35:10,000	0,30	48,67
873	01.09.2017 17:35:20,000	0,34	47,57
874	01.09.2017 17:35:30,000	0,26	46,38
875	01.09.2017 17:35:40,000	0,22	45,22
876	01.09.2017 17:35:50,000	0,30	43,68
877	01.09.2017 17:36:00,000	0,30	42,55
878	01.09.2017 17:36:10,000	0,22	41,36
879	01.09.2017 17:36:20,000	0,22	39,78
880	01.09.2017 17:36:30,000	0,14	38,36
881	01.09.2017 17:36:40,000	0,14	36,78
882	01.09.2017 17:36:50,000	0,14	35,87
883	01.09.2017 17:37:00,000	0,10	35,39
884	01.09.2017 17:37:10,000	0,06	34,69
885	01.09.2017 17:37:20,000	0,06	33,55
886	01.09.2017 17:37:30,000	0,02	31,94
887	01.09.2017 17:37:40,000	-0,02	30,56
888	01.09.2017 17:37:50,000	-0,11	29,15
889	01.09.2017 17:38:00,000	-0,11	28,01
890	01.09.2017 17:38:10,000	-0,15	26,85
891	01.09.2017 17:38:20,000	-0,23	25,67
892	01.09.2017 17:38:30,000	-0,27	24,29
893	01.09.2017 17:38:40,000	-0,31	23,13
894	01.09.2017 17:38:50,000	-0,39	21,72
895	01.09.2017 17:39:00,000	-0,31	20,19
896	01.09.2017 17:39:10,000	-0,23	19,33
897	01.09.2017 17:39:20,000	-0,27	18,63
898	01.09.2017 17:39:30,000	-0,23	18,20
899	01.09.2017 17:39:40,000	-0,19	18,00
900	01.09.2017 17:39:50,000	-0,11	18,05
901	01.09.2017 17:40:00,000	-0,11	18,28
902	01.09.2017 17:40:10,000	-0,15	18,48
903	01.09.2017 17:40:20,000	-0,15	18,48
904	01.09.2017 17:40:30,000	-0,15	18,48
905	01.09.2017 17:40:40,000	-0,15	18,70
906	01.09.2017 17:40:50,000	-0,19	18,68
907	01.09.2017 17:41:00,000	-0,23	18,65
908	01.09.2017 17:41:10,000	-0,23	18,65
909	01.09.2017 17:41:20,000	-0,23	18,88
910	01.09.2017 17:41:30,000	-0,27	18,85
911	01.09.2017 17:41:40,000	-0,27	18,85
912	01.09.2017 17:41:50,000	-0,27	19,31
913	01.09.2017 17:42:00,000	-0,27	19,31
914	01.09.2017 17:42:10,000	-0,27	19,53
915	01.09.2017 17:42:20,000	-0,27	19,53
916	01.09.2017 17:42:30,000	-0,19	19,81
917	01.09.2017 17:42:40,000	-0,15	19,61
918	01.09.2017 17:42:50,000	-0,15	19,84
919	01.09.2017 17:43:00,000	-0,11	19,86
920	01.09.2017 17:43:10,000	-0,07	19,89
921	01.09.2017 17:43:20,000	0,02	19,71
922	01.09.2017 17:43:30,000	0,06	19,74
923	01.09.2017 17:43:40,000	0,10	19,76
924	01.09.2017 17:43:50,000	0,10	19,76
925	01.09.2017 17:44:00,000	0,10	19,76
926	01.09.2017 17:44:10,000	-0,02	19,69
927	01.09.2017 17:44:20,000	-0,11	19,63
928	01.09.2017 17:44:30,000	-0,15	19,38
929	01.09.2017 17:44:40,000	-0,19	19,36
930	01.09.2017 17:44:50,000	-0,19	19,13
931	01.09.2017 17:45:00,000	-0,19	19,13
932	01.09.2017 17:45:10,000	-0,23	19,11
933	01.09.2017 17:45:20,000	-0,23	18,88
934	01.09.2017 17:45:30,000	-0,23	18,20
935	01.09.2017 17:45:40,000	-0,07	17,85
936	01.09.2017 17:45:50,000	0,10	17,05
937	01.09.2017 17:46:00,000	0,06	16,34
938	01.09.2017 17:46:10,000	0,02	15,19
939	01.09.2017 17:46:20,000	0,14	13,91
940	01.09.2017 17:46:30,000	0,34	13,13
941	01.09.2017 17:46:40,000	0,58	12,37
942	01.09.2017 17:46:50,000	0,82	12,07
943	01.09.2017 17:47:00,000	0,94	11,92
944	01.09.2017 17:47:10,000	1,06	12,22
945	01.09.2017 17:47:20,000	0,82	12,75
946	01.09.2017 17:47:30,000	0,78	13,40
947	01.09.2017 17:47:40,000	0,66	13,56
948	01.09.2017 17:47:50,000	0,54	13,48
949	01.09.2017 17:48:00,000	0,54	13,25
950	01.09.2017 17:48:10,000	0,54	13,48
951	01.09.2017 17:48:20,000	0,54	13,71
952	01.09.2017 17:48:30,000	0,54	13,93
953	01.09.2017 17:48:40,000	0,50	13,68
954	01.09.2017 17:48:50,000	0,50	14,13
955	01.09.2017 17:49:00,000	0,38	15,19
956	01.09.2017 17:49:10,000	0,22	15,99
957	01.09.2017 17:49:20,000	0,14	16,62
958	01.09.2017 17:49:30,000	0,14	17,07
959	01.09.2017 17:49:40,000	0,14	17,53
960	01.09.2017 17:49:50,000	0,10	17,27
961	01.09.2017 17:50:00,000	0,10	16,82
962	01.09.2017 17:50:10,000	0,06	16,12
963	01.09.2017 17:50:20,000	0,06	16,34
964	01.09.2017 17:50:30,000	0,02	15,87
965	01.09.2017 17:50:40,000	0,02	15,64
966	01.09.2017 17:50:50,000	-0,07	15,59
967	01.09.2017 17:51:00,000	-0,07	15,36
968	01.09.2017 17:51:10,000	-0,07	15,14
969	01.09.2017 17:51:20,000	-0,07	14,46
970	01.09.2017 17:51:30,000	-0,02	14,71
971	01.09.2017 17:51:40,000	0,02	14,28
972	01.09.2017 17:51:50,000	0,06	13,85
973	01.09.2017 17:52:00,000	0,22	13,73
974	01.09.2017 17:52:10,000	0,38	13,15
975	01.09.2017 17:52:20,000	0,46	12,75
976	01.09.2017 17:52:30,000	0,50	13,00
977	01.09.2017 17:52:40,000	0,38	12,70
978	01.09.2017 17:52:50,000	0,18	12,57
979	01.09.2017 17:53:00,000	0,02	12,47
980	01.09.2017 17:53:10,000	-0,07	12,65
981	01.09.2017 17:53:20,000	-0,11	12,40
982	01.09.2017 17:53:30,000	-0,11	12,17
983	01.09.2017 17:53:40,000	-0,11	12,62
984	01.09.2017 17:53:50,000	-0,07	12,20
985	01.09.2017 17:54:00,000	0,02	12,70
986	01.09.2017 17:54:10,000	-0,02	12,45
987	01.09.2017 17:54:20,000	-0,02	12,45
988	01.09.2017 17:54:30,000	0,02	12,70
989	01.09.2017 17:54:40,000	0,06	12,72
990	01.09.2017 17:54:50,000	0,06	12,72
991	01.09.2017 17:55:00,000	0,06	12,50
992	01.09.2017 17:55:10,000	0,02	12,70
993	01.09.2017 17:55:20,000	0,22	12,60
994	01.09.2017 17:55:30,000	0,62	11,95
995	01.09.2017 17:55:40,000	0,74	11,12
996	01.09.2017 17:55:50,000	1,81	8,85
997	01.09.2017 17:56:00,000	2,20	8,64
998	01.09.2017 17:56:10,000	2,12	8,81
999	01.09.2017 17:56:20,000	2,08	8,79
1000	01.09.2017 17:56:30,000	1,85	8,42
1001	01.09.2017 17:56:40,000	1,89	8,44
1002	01.09.2017 17:56:50,000	1,85	8,87
1003	01.09.2017 17:57:00,000	1,89	8,90
1004	01.09.2017 17:57:10,000	1,85	8,87
1005	01.09.2017 17:57:20,000	1,81	9,07
1006	01.09.2017 17:57:30,000	1,92	8,92
1007	01.09.2017 17:57:40,000	2,12	7,68
1008	01.09.2017 17:57:50,000	3,04	6,90
1009	01.09.2017 17:58:00,000	3,41	6,91
1010	01.09.2017 17:58:10,000	3,19	7,67
1011	01.09.2017 17:58:20,000	3,15	7,88
1012	01.09.2017 17:58:30,000	2,85	7,91
1013	01.09.2017 17:58:40,000	3,11	7,85
1014	01.09.2017 17:58:50,000	2,47	8,13
1015	01.09.2017 17:59:00,000	3,34	6,64
1016	01.09.2017 17:59:10,000	3,86	5,38
1017	01.09.2017 17:59:20,000	3,90	4,73
1018	01.09.2017 17:59:30,000	4,16	4,22
1019	01.09.2017 17:59:40,000	4,08	4,22
1020	01.09.2017 17:59:50,000	4,08	3,54
1021	01.09.2017 18:00:00,000	4,08	2,64
1022	01.09.2017 18:00:10,000	4,12	1,28
1023	01.09.2017 18:00:20,000	4,56	0,38
1024	01.09.2017 18:00:30,000	4,75	0,15
1025	01.09.2017 18:00:40,000	4,85	0,00
1026	01.09.2017 18:00:50,000	4,89	0,00
1027	01.09.2017 18:01:00,000	4,96	0,00
1028	01.09.2017 18:01:10,000	4,96	0,00
1029	01.09.2017 18:01:20,000	4,96	0,00
1030	01.09.2017 18:01:30,000	5,00	0,00
1031	01.09.2017 18:01:40,000	5,00	0,00
1032	01.09.2017 18:01:50,000	5,00	0,00
1033	01.09.2017 18:02:00,000	5,00	0,00
1034	01.09.2017 18:02:10,000	5,00	0,00
1035	01.09.2017 18:02:20,000	5,00	0,00
1036	01.09.2017 18:02:30,000	5,00	0,00
1037	01.09.2017 18:02:40,000	5,00	0,00
1038	01.09.2017 18:02:50,000	5,00	0,00
1039	01.09.2017 18:03:00,000	5,00	0,00
1040	01.09.2017 18:03:10,000	5,00	0,00
1041	01.09.2017 18:03:20,000	5,00	0,00
1042	01.09.2017 18:03:30,000	5,00	0,00
1043	01.09.2017 18:03:40,000	5,00	0,00
1044	01.09.2017 18:03:50,000	5,04	0,00
1045	01.09.2017 18:04:00,000	5,04	0,00
1046	01.09.2017 18:04:10,000	5,04	0,00
1047	01.09.2017 18:04:20,000	5,04	0,00
1048	01.09.2017 18:04:30,000	5,04	0,00
1049	01.09.2017 18:04:40,000	5,04	0,00
1050	01.09.2017 18:04:50,000	5,04	0,00
1051	01.09.2017 18:05:00,000	5,07	0,00
1052	01.09.2017 18:05:10,000	5,07	0,00
1053	01.09.2017 18:05:20,000	5,07	0,00
1054	01.09.2017 18:05:30,000	5,07	0,00
1055	01.09.2017 18:05:40,000	5,07	0,00
1056	01.09.2017 18:05:50,000	5,07	0,00
1057	01.09.2017 18:06:00,000	5,07	0,00
1058	01.09.2017 18:06:10,000	5,11	0,00
1059	01.09.2017 18:06:20,000	5,11	0,00
1060	01.09.2017 18:06:30,000	5,11	0,00
1061	01.09.2017 18:06:40,000	5,11	0,00
1062	01.09.2017 18:06:50,000	5,11	0,00
1063	01.09.2017 18:07:00,000	5,11	0,00
1064	01.09.2017 18:07:10,000	5,14	0,00
1065	01.09.2017 18:07:20,000	5,14	0,00
1066	01.09.2017 18:07:30,000	5,14	0,00
1067	01.09.2017 18:07:40,000	5,14	0,00
1068	01.09.2017 18:07:50,000	5,14	0,00
1069	01.09.2017 18:08:00,000	5,14	0,00
1070	01.09.2017 18:08:10,000	5,18	0,00
1071	01.09.2017 18:08:20,000	5,18	0,00
1072	01.09.2017 18:08:30,000	5,18	0,00
1073	01.09.2017 18:08:40,000	5,18	0,00
1074	01.09.2017 18:08:50,000	5,18	0,00
1075	01.09.2017 18:09:00,000	5,22	0,00
1076	01.09.2017 18:09:10,000	5,22	0,00
1077	01.09.2017 18:09:20,000	5,25	0,00
1078	01.09.2017 18:09:30,000	5,25	0,00
1079	01.09.2017 18:09:40,000	5,29	0,00
1080	01.09.2017 18:09:50,000	5,29	0,00
1081	01.09.2017 18:10:00,000	5,32	0,00
1082	01.09.2017 18:10:10,000	5,36	0,00
1083	01.09.2017 18:10:20,000	5,40	0,00
1084	01.09.2017 18:10:30,000	5,40	0,00
1085	01.09.2017 18:10:40,000	5,43	0,00
1086	01.09.2017 18:10:50,000	5,47	0,00
1087	01.09.2017 18:11:00,000	5,50	0,00
1088	01.09.2017 18:11:10,000	5,54	0,00
1089	01.09.2017 18:11:20,000	5,61	0,00
1090	01.09.2017 18:11:30,000	5,65	0,00
1091	01.09.2017 18:11:40,000	5,68	0,00
1092	01.09.2017 18:11:50,000	5,75	0,00
1093	01.09.2017 18:12:00,000	5,83	0,00
1094	01.09.2017 18:12:10,000	5,86	0,00
1095	01.09.2017 18:12:20,000	5,93	0,00
1096	01.09.2017 18:12:30,000	5,97	0,00
1097	01.09.2017 18:12:40,000	6,00	0,00
1098	01.09.2017 18:12:50,000	6,07	0,00
1099	01.09.2017 18:13:00,000	6,15	0,00
1100	01.09.2017 18:13:10,000	6,18	0,00
1101	01.09.2017 18:13:20,000	6,25	0,00
1102	01.09.2017 18:13:30,000	6,32	0,00
1103	01.09.2017 18:13:40,000	6,36	0,00
1104	01.09.2017 18:13:50,000	6,43	0,00
1105	01.09.2017 18:14:00,000	6,46	0,00
1106	01.09.2017 18:14:10,000	6,53	0,00
1107	01.09.2017 18:14:20,000	6,57	0,00
1108	01.09.2017 18:14:30,000	6,60	0,00
1109	01.09.2017 18:14:40,000	6,67	0,00
1110	01.09.2017 18:14:50,000	6,71	0,00
1111	01.09.2017 18:15:00,000	7,02	0,00
1112	01.09.2017 18:15:10,000	9,50	0,00
