#B	Created:	30.08.2017 08:46:31
##	Version	SeaStar	7.49
#5	Field separation:	0
#2	Date & Time:	1
#6	Decimal point:	,
#7	Date def.:	dd.mm.yyyy	.
#8	Time def.:	:
##	Axis	0	Temperature(°C)	clRed	FALSE
##	Axis	1	Depth(m)	clBlue	TRUE
##	Series	0	Temp(°C)	clRed	0	Temp(°C)	2
##	Series	1	Depth(m)	clBlue	1	Depth(m)	2
##	Recorder	5	DST centi	8762
##	Chart	5C8762DAT	
#D	Data:	987	30.08.2017 06:00:00	30.08.2017 08:44:20
1	30.08.2017 06:00:00,000	22,37	1,17
2	30.08.2017 06:00:10,000	22,37	1,17
3	30.08.2017 06:00:20,000	22,37	1,17
4	30.08.2017 06:00:30,000	22,37	1,17
5	30.08.2017 06:00:40,000	22,37	0,92
6	30.08.2017 06:00:50,000	22,37	1,17
7	30.08.2017 06:01:00,000	22,37	1,17
8	30.08.2017 06:01:10,000	22,37	1,17
9	30.08.2017 06:01:20,000	22,37	1,17
10	30.08.2017 06:01:30,000	22,37	1,17
11	30.08.2017 06:01:40,000	22,40	1,44
12	30.08.2017 06:01:50,000	22,40	1,20
13	30.08.2017 06:02:00,000	22,40	1,20
14	30.08.2017 06:02:10,000	22,40	1,44
15	30.08.2017 06:02:20,000	22,40	1,20
16	30.08.2017 06:02:30,000	22,40	1,20
17	30.08.2017 06:02:40,000	22,40	1,20
18	30.08.2017 06:02:50,000	22,40	1,44
19	30.08.2017 06:03:00,000	22,42	0,99
20	30.08.2017 06:03:10,000	22,42	1,23
21	30.08.2017 06:03:20,000	22,42	1,23
22	30.08.2017 06:03:30,000	22,42	0,99
23	30.08.2017 06:03:40,000	22,42	0,99
24	30.08.2017 06:03:50,000	22,42	1,23
25	30.08.2017 06:04:00,000	22,42	1,23
26	30.08.2017 06:04:10,000	22,42	1,23
27	30.08.2017 06:04:20,000	22,42	1,23
28	30.08.2017 06:04:30,000	22,45	1,27
29	30.08.2017 06:04:40,000	22,45	1,03
30	30.08.2017 06:04:50,000	22,45	1,27
31	30.08.2017 06:05:00,000	22,45	1,27
32	30.08.2017 06:05:10,000	22,45	1,27
33	30.08.2017 06:05:20,000	22,45	1,03
34	30.08.2017 06:05:30,000	22,45	1,27
35	30.08.2017 06:05:40,000	22,45	1,27
36	30.08.2017 06:05:50,000	22,48	1,30
37	30.08.2017 06:06:00,000	22,48	1,30
38	30.08.2017 06:06:10,000	22,48	1,06
39	30.08.2017 06:06:20,000	22,48	1,30
40	30.08.2017 06:06:30,000	22,48	1,06
41	30.08.2017 06:06:40,000	22,48	1,06
42	30.08.2017 06:06:50,000	22,48	1,30
43	30.08.2017 06:07:00,000	22,51	1,10
44	30.08.2017 06:07:10,000	22,51	1,10
45	30.08.2017 06:07:20,000	22,51	1,10
46	30.08.2017 06:07:30,000	22,51	1,10
47	30.08.2017 06:07:40,000	22,51	1,10
48	30.08.2017 06:07:50,000	22,51	1,10
49	30.08.2017 06:08:00,000	22,51	1,10
50	30.08.2017 06:08:10,000	22,51	1,34
51	30.08.2017 06:08:20,000	22,51	1,10
52	30.08.2017 06:08:30,000	22,54	1,13
53	30.08.2017 06:08:40,000	22,54	1,13
54	30.08.2017 06:08:50,000	22,54	1,13
55	30.08.2017 06:09:00,000	22,54	0,89
56	30.08.2017 06:09:10,000	22,54	1,13
57	30.08.2017 06:09:20,000	22,54	1,13
58	30.08.2017 06:09:30,000	22,54	1,13
59	30.08.2017 06:09:40,000	22,57	1,16
60	30.08.2017 06:09:50,000	22,57	1,16
61	30.08.2017 06:10:00,000	22,57	1,16
62	30.08.2017 06:10:10,000	22,60	0,96
63	30.08.2017 06:10:20,000	22,60	1,20
64	30.08.2017 06:10:30,000	22,60	1,20
65	30.08.2017 06:10:40,000	22,63	1,23
66	30.08.2017 06:10:50,000	22,63	0,99
67	30.08.2017 06:11:00,000	22,63	0,99
68	30.08.2017 06:11:10,000	22,66	1,02
69	30.08.2017 06:11:20,000	22,66	1,02
70	30.08.2017 06:11:30,000	22,66	1,02
71	30.08.2017 06:11:40,000	22,66	1,02
72	30.08.2017 06:11:50,000	22,69	1,30
73	30.08.2017 06:12:00,000	22,69	1,30
74	30.08.2017 06:12:10,000	22,69	1,30
75	30.08.2017 06:12:20,000	22,71	1,33
76	30.08.2017 06:12:30,000	22,71	1,33
77	30.08.2017 06:12:40,000	22,71	1,09
78	30.08.2017 06:12:50,000	22,74	1,37
79	30.08.2017 06:13:00,000	22,74	1,13
80	30.08.2017 06:13:10,000	22,74	1,13
81	30.08.2017 06:13:20,000	22,74	1,13
82	30.08.2017 06:13:30,000	22,77	1,16
83	30.08.2017 06:13:40,000	22,77	1,40
84	30.08.2017 06:13:50,000	22,77	1,16
85	30.08.2017 06:14:00,000	22,77	1,16
86	30.08.2017 06:14:10,000	22,80	0,95
87	30.08.2017 06:14:20,000	22,80	1,20
88	30.08.2017 06:14:30,000	22,80	1,20
89	30.08.2017 06:14:40,000	22,80	1,20
90	30.08.2017 06:14:50,000	22,80	1,20
91	30.08.2017 06:15:00,000	22,74	1,13
92	30.08.2017 06:15:10,000	22,71	1,33
93	30.08.2017 06:15:20,000	22,71	1,09
94	30.08.2017 06:15:30,000	22,71	1,09
95	30.08.2017 06:15:40,000	22,69	1,30
96	30.08.2017 06:15:50,000	22,63	1,23
97	30.08.2017 06:16:00,000	22,60	1,20
98	30.08.2017 06:16:10,000	22,57	1,16
99	30.08.2017 06:16:20,000	22,54	1,13
100	30.08.2017 06:16:30,000	22,48	1,30
101	30.08.2017 06:16:40,000	22,45	1,03
102	30.08.2017 06:16:50,000	22,40	1,20
103	30.08.2017 06:17:00,000	22,37	1,41
104	30.08.2017 06:17:10,000	22,28	1,54
105	30.08.2017 06:17:20,000	22,22	1,48
106	30.08.2017 06:17:30,000	22,16	1,17
107	30.08.2017 06:17:40,000	22,10	1,34
108	30.08.2017 06:17:50,000	22,02	1,24
109	30.08.2017 06:18:00,000	21,96	1,41
110	30.08.2017 06:18:10,000	21,87	1,55
111	30.08.2017 06:18:20,000	21,78	1,20
112	30.08.2017 06:18:30,000	21,70	1,58
113	30.08.2017 06:18:40,000	21,58	1,69
114	30.08.2017 06:18:50,000	21,46	1,55
115	30.08.2017 06:19:00,000	21,38	1,69
116	30.08.2017 06:19:10,000	21,32	1,38
117	30.08.2017 06:19:20,000	21,20	1,72
118	30.08.2017 06:19:30,000	21,06	1,55
119	30.08.2017 06:19:40,000	20,97	1,44
120	30.08.2017 06:19:50,000	20,94	1,65
121	30.08.2017 06:20:00,000	20,85	1,31
122	30.08.2017 06:20:10,000	20,79	1,48
123	30.08.2017 06:20:20,000	20,73	1,65
124	30.08.2017 06:20:30,000	20,65	1,30
125	30.08.2017 06:20:40,000	20,56	1,44
126	30.08.2017 06:20:50,000	20,50	1,61
127	30.08.2017 06:21:00,000	20,41	1,51
128	30.08.2017 06:21:10,000	20,32	1,40
129	30.08.2017 06:21:20,000	20,24	1,54
130	30.08.2017 06:21:30,000	20,18	1,47
131	30.08.2017 06:21:40,000	20,09	1,37
132	30.08.2017 06:21:50,000	20,03	1,54
133	30.08.2017 06:22:00,000	19,97	1,47
134	30.08.2017 06:22:10,000	19,91	1,40
135	30.08.2017 06:22:20,000	19,83	1,53
136	30.08.2017 06:22:30,000	19,74	1,43
137	30.08.2017 06:22:40,000	19,68	1,36
138	30.08.2017 06:22:50,000	19,62	1,53
139	30.08.2017 06:23:00,000	19,53	1,43
140	30.08.2017 06:23:10,000	19,47	1,60
141	30.08.2017 06:23:20,000	19,41	1,53
142	30.08.2017 06:23:30,000	19,33	1,42
143	30.08.2017 06:23:40,000	19,27	1,35
144	30.08.2017 06:23:50,000	19,21	1,52
145	30.08.2017 06:24:00,000	19,15	1,69
146	30.08.2017 06:24:10,000	19,06	1,59
147	30.08.2017 06:24:20,000	19,00	1,52
148	30.08.2017 06:24:30,000	18,94	1,45
149	30.08.2017 06:24:40,000	18,88	1,62
150	30.08.2017 06:24:50,000	18,82	1,30
151	30.08.2017 06:25:00,000	18,73	1,44
152	30.08.2017 06:25:10,000	18,68	1,37
153	30.08.2017 06:25:20,000	18,62	1,30
154	30.08.2017 06:25:30,000	18,56	1,71
155	30.08.2017 06:25:40,000	18,50	1,16
156	30.08.2017 06:25:50,000	18,44	1,57
157	30.08.2017 06:26:00,000	18,38	1,50
158	30.08.2017 06:26:10,000	18,32	1,42
159	30.08.2017 06:26:20,000	18,26	1,35
160	30.08.2017 06:26:30,000	18,20	1,28
161	30.08.2017 06:26:40,000	18,17	1,49
162	30.08.2017 06:26:50,000	18,11	1,66
163	30.08.2017 06:27:00,000	18,05	1,59
164	30.08.2017 06:27:10,000	17,99	1,27
165	30.08.2017 06:27:20,000	17,93	1,44
166	30.08.2017 06:27:30,000	17,87	1,37
167	30.08.2017 06:27:40,000	17,81	1,30
168	30.08.2017 06:27:50,000	17,75	1,47
169	30.08.2017 06:28:00,000	17,72	1,43
170	30.08.2017 06:28:10,000	17,67	1,36
171	30.08.2017 06:28:20,000	17,61	1,29
172	30.08.2017 06:28:30,000	17,55	1,46
173	30.08.2017 06:28:40,000	17,49	1,39
174	30.08.2017 06:28:50,000	17,46	1,59
175	30.08.2017 06:29:00,000	17,40	1,52
176	30.08.2017 06:29:10,000	17,34	1,45
177	30.08.2017 06:29:20,000	17,28	1,38
178	30.08.2017 06:29:30,000	17,22	1,31
179	30.08.2017 06:29:40,000	17,16	1,23
180	30.08.2017 06:29:50,000	17,10	1,40
181	30.08.2017 06:30:00,000	17,07	1,61
182	30.08.2017 06:30:10,000	17,01	1,29
183	30.08.2017 06:30:20,000	16,95	1,22
184	30.08.2017 06:30:30,000	16,89	1,39
185	30.08.2017 06:30:40,000	16,86	1,35
186	30.08.2017 06:30:50,000	16,80	1,52
187	30.08.2017 06:31:00,000	16,77	1,49
188	30.08.2017 06:31:10,000	16,74	1,69
189	30.08.2017 06:31:20,000	16,68	1,38
190	30.08.2017 06:31:30,000	16,65	1,58
191	30.08.2017 06:31:40,000	16,59	1,51
192	30.08.2017 06:31:50,000	16,56	1,47
193	30.08.2017 06:32:00,000	16,50	1,40
194	30.08.2017 06:32:10,000	16,47	1,60
195	30.08.2017 06:32:20,000	16,40	1,29
196	30.08.2017 06:32:30,000	16,37	1,25
197	30.08.2017 06:32:40,000	16,34	1,46
198	30.08.2017 06:32:50,000	16,28	1,39
199	30.08.2017 06:33:00,000	16,22	1,55
200	30.08.2017 06:33:10,000	16,16	1,24
201	30.08.2017 06:33:20,000	16,10	1,65
202	30.08.2017 06:33:30,000	16,04	1,57
203	30.08.2017 06:33:40,000	15,98	1,50
204	30.08.2017 06:33:50,000	15,92	1,43
205	30.08.2017 06:34:00,000	15,83	1,56
206	30.08.2017 06:34:10,000	15,80	1,28
207	30.08.2017 06:34:20,000	15,74	1,69
208	30.08.2017 06:34:30,000	15,68	1,62
209	30.08.2017 06:34:40,000	15,59	1,26
210	30.08.2017 06:34:50,000	15,53	1,43
211	30.08.2017 06:35:00,000	15,46	1,36
212	30.08.2017 06:35:10,000	15,40	1,52
213	30.08.2017 06:35:20,000	15,31	1,41
214	30.08.2017 06:35:30,000	15,28	1,38
215	30.08.2017 06:35:40,000	15,22	1,54
216	30.08.2017 06:35:50,000	15,16	1,47
217	30.08.2017 06:36:00,000	15,07	1,36
218	30.08.2017 06:36:10,000	15,01	1,28
219	30.08.2017 06:36:20,000	14,94	1,45
220	30.08.2017 06:36:30,000	14,88	1,37
221	30.08.2017 06:36:40,000	14,82	1,30
222	30.08.2017 06:36:50,000	14,73	1,43
223	30.08.2017 06:37:00,000	14,67	1,35
224	30.08.2017 06:37:10,000	14,61	1,28
225	30.08.2017 06:37:20,000	14,51	1,41
226	30.08.2017 06:37:30,000	14,45	1,33
227	30.08.2017 06:37:40,000	14,39	1,50
228	30.08.2017 06:37:50,000	14,33	1,18
229	30.08.2017 06:38:00,000	14,27	1,35
230	30.08.2017 06:38:10,000	14,20	1,27
231	30.08.2017 06:38:20,000	14,14	1,44
232	30.08.2017 06:38:30,000	14,08	1,36
233	30.08.2017 06:38:40,000	14,02	1,29
234	30.08.2017 06:38:50,000	13,96	1,45
235	30.08.2017 06:39:00,000	13,89	1,37
236	30.08.2017 06:39:10,000	13,83	1,30
237	30.08.2017 06:39:20,000	13,80	1,26
238	30.08.2017 06:39:30,000	13,74	1,43
239	30.08.2017 06:39:40,000	11,23	6,06
240	30.08.2017 06:39:50,000	9,79	4,52
241	30.08.2017 06:40:00,000	9,19	2,82
242	30.08.2017 06:40:10,000	8,59	2,55
243	30.08.2017 06:40:20,000	8,01	2,55
244	30.08.2017 06:40:30,000	7,35	1,98
245	30.08.2017 06:40:40,000	6,79	2,01
246	30.08.2017 06:40:50,000	6,37	1,97
247	30.08.2017 06:41:00,000	5,94	1,68
248	30.08.2017 06:41:10,000	5,72	1,17
249	30.08.2017 06:41:20,000	5,54	1,19
250	30.08.2017 06:41:30,000	5,36	0,97
251	30.08.2017 06:41:40,000	5,29	0,64
252	30.08.2017 06:41:50,000	5,29	0,64
253	30.08.2017 06:42:00,000	5,29	0,64
254	30.08.2017 06:42:10,000	5,29	0,40
255	30.08.2017 06:42:20,000	5,29	0,40
256	30.08.2017 06:42:30,000	5,29	0,40
257	30.08.2017 06:42:40,000	5,29	0,40
258	30.08.2017 06:42:50,000	5,29	0,64
259	30.08.2017 06:43:00,000	5,29	0,64
260	30.08.2017 06:43:10,000	5,22	1,51
261	30.08.2017 06:43:20,000	5,18	2,19
262	30.08.2017 06:43:30,000	5,07	3,49
263	30.08.2017 06:43:40,000	5,03	4,17
264	30.08.2017 06:43:50,000	4,96	5,28
265	30.08.2017 06:44:00,000	4,96	7,21
266	30.08.2017 06:44:10,000	4,96	9,13
267	30.08.2017 06:44:20,000	5,03	11,39
268	30.08.2017 06:44:30,000	5,07	13,12
269	30.08.2017 06:44:40,000	5,07	15,53
270	30.08.2017 06:44:50,000	5,00	17,37
271	30.08.2017 06:45:00,000	4,56	19,23
272	30.08.2017 06:45:10,000	3,59	20,44
273	30.08.2017 06:45:20,000	3,02	20,71
274	30.08.2017 06:45:30,000	2,52	21,78
275	30.08.2017 06:45:40,000	2,05	22,65
276	30.08.2017 06:45:50,000	1,54	21,55
277	30.08.2017 06:46:00,000	1,18	21,11
278	30.08.2017 06:46:10,000	0,94	20,34
279	30.08.2017 06:46:20,000	0,77	20,87
280	30.08.2017 06:46:30,000	0,61	21,40
281	30.08.2017 06:46:40,000	0,41	20,91
282	30.08.2017 06:46:50,000	0,33	20,33
283	30.08.2017 06:47:00,000	0,25	19,75
284	30.08.2017 06:47:10,000	0,20	18,98
285	30.08.2017 06:47:20,000	0,25	19,03
286	30.08.2017 06:47:30,000	0,29	18,59
287	30.08.2017 06:47:40,000	0,20	18,74
288	30.08.2017 06:47:50,000	0,25	18,06
289	30.08.2017 06:48:00,000	0,33	18,64
290	30.08.2017 06:48:10,000	0,20	18,98
291	30.08.2017 06:48:20,000	0,25	19,75
292	30.08.2017 06:48:30,000	0,16	20,61
293	30.08.2017 06:48:40,000	0,08	21,96
294	30.08.2017 06:48:50,000	0,04	22,64
295	30.08.2017 06:49:00,000	-0,04	22,30
296	30.08.2017 06:49:10,000	-0,08	21,76
297	30.08.2017 06:49:20,000	-0,12	21,71
298	30.08.2017 06:49:30,000	-0,12	21,47
299	30.08.2017 06:49:40,000	-0,17	20,46
300	30.08.2017 06:49:50,000	-0,17	19,50
301	30.08.2017 06:50:00,000	-0,17	18,29
302	30.08.2017 06:50:10,000	-0,08	17,43
303	30.08.2017 06:50:20,000	0,12	16,47
304	30.08.2017 06:50:30,000	0,69	15,47
305	30.08.2017 06:50:40,000	1,26	14,95
306	30.08.2017 06:50:50,000	1,89	14,51
307	30.08.2017 06:51:00,000	2,52	14,31
308	30.08.2017 06:51:10,000	3,05	13,29
309	30.08.2017 06:51:20,000	3,32	13,37
310	30.08.2017 06:51:30,000	3,51	13,37
311	30.08.2017 06:51:40,000	3,74	13,16
312	30.08.2017 06:51:50,000	3,89	13,59
313	30.08.2017 06:52:00,000	4,00	13,73
314	30.08.2017 06:52:10,000	4,11	13,38
315	30.08.2017 06:52:20,000	4,22	13,52
316	30.08.2017 06:52:30,000	4,37	13,70
317	30.08.2017 06:52:40,000	4,52	13,40
318	30.08.2017 06:52:50,000	4,63	14,50
319	30.08.2017 06:53:00,000	4,67	14,79
320	30.08.2017 06:53:10,000	4,59	15,42
321	30.08.2017 06:53:20,000	4,59	15,42
322	30.08.2017 06:53:30,000	4,63	15,47
323	30.08.2017 06:53:40,000	4,67	15,51
324	30.08.2017 06:53:50,000	4,67	15,75
325	30.08.2017 06:54:00,000	4,70	16,04
326	30.08.2017 06:54:10,000	4,67	16,24
327	30.08.2017 06:54:20,000	4,70	16,52
328	30.08.2017 06:54:30,000	4,63	16,91
329	30.08.2017 06:54:40,000	4,48	17,45
330	30.08.2017 06:54:50,000	4,15	18,49
331	30.08.2017 06:55:00,000	3,70	18,90
332	30.08.2017 06:55:10,000	3,09	19,84
333	30.08.2017 06:55:20,000	2,44	20,48
334	30.08.2017 06:55:30,000	2,05	20,73
335	30.08.2017 06:55:40,000	1,73	21,55
336	30.08.2017 06:55:50,000	1,50	21,98
337	30.08.2017 06:56:00,000	1,22	22,61
338	30.08.2017 06:56:10,000	1,02	23,09
339	30.08.2017 06:56:20,000	0,90	23,42
340	30.08.2017 06:56:30,000	0,77	24,24
341	30.08.2017 06:56:40,000	0,57	24,48
342	30.08.2017 06:56:50,000	0,41	25,25
343	30.08.2017 06:57:00,000	0,29	25,58
344	30.08.2017 06:57:10,000	0,16	25,67
345	30.08.2017 06:57:20,000	0,16	25,67
346	30.08.2017 06:57:30,000	0,25	25,53
347	30.08.2017 06:57:40,000	0,25	25,29
348	30.08.2017 06:57:50,000	0,25	25,77
349	30.08.2017 06:58:00,000	0,33	25,39
350	30.08.2017 06:58:10,000	0,29	25,58
351	30.08.2017 06:58:20,000	0,25	25,77
352	30.08.2017 06:58:30,000	0,25	26,01
353	30.08.2017 06:58:40,000	0,29	27,03
354	30.08.2017 06:58:50,000	0,41	27,17
355	30.08.2017 06:59:00,000	0,61	27,90
356	30.08.2017 06:59:10,000	0,98	28,58
357	30.08.2017 06:59:20,000	1,26	28,68
358	30.08.2017 06:59:30,000	1,69	28,97
359	30.08.2017 06:59:40,000	1,93	28,53
360	30.08.2017 06:59:50,000	2,09	27,76
361	30.08.2017 07:00:00,000	1,93	26,85
362	30.08.2017 07:00:10,000	1,57	25,93
363	30.08.2017 07:00:20,000	1,26	24,82
364	30.08.2017 07:00:30,000	1,06	24,34
365	30.08.2017 07:00:40,000	1,06	24,10
366	30.08.2017 07:00:50,000	1,02	24,29
367	30.08.2017 07:01:00,000	0,94	25,16
368	30.08.2017 07:01:10,000	0,81	25,25
369	30.08.2017 07:01:20,000	0,69	25,35
370	30.08.2017 07:01:30,000	0,61	25,49
371	30.08.2017 07:01:40,000	0,57	25,92
372	30.08.2017 07:01:50,000	0,49	26,55
373	30.08.2017 07:02:00,000	0,45	26,74
374	30.08.2017 07:02:10,000	0,41	26,69
375	30.08.2017 07:02:20,000	0,33	26,59
376	30.08.2017 07:02:30,000	0,29	26,06
377	30.08.2017 07:02:40,000	0,29	25,82
378	30.08.2017 07:02:50,000	0,29	26,06
379	30.08.2017 07:03:00,000	0,29	26,06
380	30.08.2017 07:03:10,000	0,29	25,34
381	30.08.2017 07:03:20,000	0,33	25,15
382	30.08.2017 07:03:30,000	0,41	25,01
383	30.08.2017 07:03:40,000	0,49	24,62
384	30.08.2017 07:03:50,000	0,53	24,67
385	30.08.2017 07:04:00,000	0,57	24,48
386	30.08.2017 07:04:10,000	0,57	25,20
387	30.08.2017 07:04:20,000	0,53	25,39
388	30.08.2017 07:04:30,000	0,57	26,17
389	30.08.2017 07:04:40,000	0,57	27,13
390	30.08.2017 07:04:50,000	0,61	28,14
391	30.08.2017 07:05:00,000	0,57	28,82
392	30.08.2017 07:05:10,000	0,73	29,49
393	30.08.2017 07:05:20,000	1,10	29,93
394	30.08.2017 07:05:30,000	1,54	30,46
395	30.08.2017 07:05:40,000	1,73	30,95
396	30.08.2017 07:05:50,000	1,93	30,70
397	30.08.2017 07:06:00,000	2,05	30,85
398	30.08.2017 07:06:10,000	2,16	31,47
399	30.08.2017 07:06:20,000	2,24	31,57
400	30.08.2017 07:06:30,000	2,28	32,10
401	30.08.2017 07:06:40,000	2,55	33,15
402	30.08.2017 07:06:50,000	2,82	34,45
403	30.08.2017 07:07:00,000	2,98	35,84
404	30.08.2017 07:07:10,000	3,21	37,09
405	30.08.2017 07:07:20,000	3,43	37,37
406	30.08.2017 07:07:30,000	3,55	37,51
407	30.08.2017 07:07:40,000	3,62	38,08
408	30.08.2017 07:07:50,000	3,66	39,34
409	30.08.2017 07:08:00,000	3,66	40,06
410	30.08.2017 07:08:10,000	3,74	40,63
411	30.08.2017 07:08:20,000	3,74	41,60
412	30.08.2017 07:08:30,000	3,66	42,95
413	30.08.2017 07:08:40,000	3,66	44,40
414	30.08.2017 07:08:50,000	3,62	46,04
415	30.08.2017 07:09:00,000	3,55	47,88
416	30.08.2017 07:09:10,000	3,47	49,72
417	30.08.2017 07:09:20,000	3,28	51,65
418	30.08.2017 07:09:30,000	2,98	54,17
419	30.08.2017 07:09:40,000	2,82	56,16
420	30.08.2017 07:09:50,000	2,98	58,04
421	30.08.2017 07:10:00,000	2,98	60,45
422	30.08.2017 07:10:10,000	2,79	62,87
423	30.08.2017 07:10:20,000	2,48	65,39
424	30.08.2017 07:10:30,000	2,20	67,95
425	30.08.2017 07:10:40,000	1,97	70,80
426	30.08.2017 07:10:50,000	1,81	73,27
427	30.08.2017 07:11:00,000	1,61	75,93
428	30.08.2017 07:11:10,000	1,38	78,53
429	30.08.2017 07:11:20,000	1,14	81,63
430	30.08.2017 07:11:30,000	0,86	84,43
431	30.08.2017 07:11:40,000	0,73	86,94
432	30.08.2017 07:11:50,000	0,57	89,88
433	30.08.2017 07:12:00,000	0,37	93,02
434	30.08.2017 07:12:10,000	0,25	96,01
435	30.08.2017 07:12:20,000	0,25	98,92
436	30.08.2017 07:12:30,000	0,29	102,11
437	30.08.2017 07:12:40,000	0,20	105,39
438	30.08.2017 07:12:50,000	-0,12	108,38
439	30.08.2017 07:13:00,000	-0,25	111,62
440	30.08.2017 07:13:10,000	-0,21	114,33
441	30.08.2017 07:13:20,000	-0,21	117,47
442	30.08.2017 07:13:30,000	-0,25	120,81
443	30.08.2017 07:13:40,000	-0,33	123,86
444	30.08.2017 07:13:50,000	-0,41	126,66
445	30.08.2017 07:14:00,000	-0,54	130,14
446	30.08.2017 07:14:10,000	-0,62	133,43
447	30.08.2017 07:14:20,000	-0,71	136,71
448	30.08.2017 07:14:30,000	-0,79	140,24
449	30.08.2017 07:14:40,000	-0,88	143,53
450	30.08.2017 07:14:50,000	-0,88	147,16
451	30.08.2017 07:15:00,000	-0,92	150,50
452	30.08.2017 07:15:10,000	-0,88	153,94
453	30.08.2017 07:15:20,000	-0,88	157,57
454	30.08.2017 07:15:30,000	-0,88	160,96
455	30.08.2017 07:15:40,000	-0,83	164,40
456	30.08.2017 07:15:50,000	-0,75	168,13
457	30.08.2017 07:16:00,000	-0,71	171,57
458	30.08.2017 07:16:10,000	-0,62	175,06
459	30.08.2017 07:16:20,000	-0,54	178,79
460	30.08.2017 07:16:30,000	-0,50	182,47
461	30.08.2017 07:16:40,000	-0,41	185,96
462	30.08.2017 07:16:50,000	-0,33	189,45
463	30.08.2017 07:17:00,000	-0,29	193,13
464	30.08.2017 07:17:10,000	-0,21	196,62
465	30.08.2017 07:17:20,000	-0,17	200,31
466	30.08.2017 07:17:30,000	-0,12	203,99
467	30.08.2017 07:17:40,000	-0,08	207,43
468	30.08.2017 07:17:50,000	-0,04	211,11
469	30.08.2017 07:18:00,000	0,04	214,36
470	30.08.2017 07:18:10,000	0,04	217,26
471	30.08.2017 07:18:20,000	0,08	220,22
472	30.08.2017 07:18:30,000	0,12	222,45
473	30.08.2017 07:18:40,000	0,12	224,39
474	30.08.2017 07:18:50,000	0,16	226,37
475	30.08.2017 07:19:00,000	0,20	227,88
476	30.08.2017 07:19:10,000	0,20	229,33
477	30.08.2017 07:19:20,000	0,25	230,59
478	30.08.2017 07:19:30,000	0,25	231,56
479	30.08.2017 07:19:40,000	0,25	232,28
480	30.08.2017 07:19:50,000	0,29	232,82
481	30.08.2017 07:20:00,000	0,29	232,82
482	30.08.2017 07:20:10,000	0,33	233,11
483	30.08.2017 07:20:20,000	0,33	232,38
484	30.08.2017 07:20:30,000	0,33	231,42
485	30.08.2017 07:20:40,000	0,33	230,69
486	30.08.2017 07:20:50,000	0,33	229,48
487	30.08.2017 07:21:00,000	0,29	227,98
488	30.08.2017 07:21:10,000	0,29	226,28
489	30.08.2017 07:21:20,000	0,29	225,07
490	30.08.2017 07:21:30,000	0,29	223,37
491	30.08.2017 07:21:40,000	0,25	221,87
492	30.08.2017 07:21:50,000	0,25	220,42
493	30.08.2017 07:22:00,000	0,25	218,72
494	30.08.2017 07:22:10,000	0,20	217,22
495	30.08.2017 07:22:20,000	0,20	215,77
496	30.08.2017 07:22:30,000	0,20	214,31
497	30.08.2017 07:22:40,000	0,20	212,86
498	30.08.2017 07:22:50,000	0,20	211,41
499	30.08.2017 07:23:00,000	0,20	210,20
500	30.08.2017 07:23:10,000	0,16	208,21
501	30.08.2017 07:23:20,000	0,16	207,24
502	30.08.2017 07:23:30,000	0,16	206,03
503	30.08.2017 07:23:40,000	0,16	204,58
504	30.08.2017 07:23:50,000	0,16	203,61
505	30.08.2017 07:24:00,000	0,16	202,40
506	30.08.2017 07:24:10,000	0,16	201,43
507	30.08.2017 07:24:20,000	0,16	200,46
508	30.08.2017 07:24:30,000	0,16	199,25
509	30.08.2017 07:24:40,000	0,16	198,52
510	30.08.2017 07:24:50,000	0,12	197,51
511	30.08.2017 07:25:00,000	0,12	196,78
512	30.08.2017 07:25:10,000	0,12	195,81
513	30.08.2017 07:25:20,000	0,12	194,60
514	30.08.2017 07:25:30,000	0,12	194,12
515	30.08.2017 07:25:40,000	0,12	193,15
516	30.08.2017 07:25:50,000	0,08	192,13
517	30.08.2017 07:26:00,000	0,08	191,64
518	30.08.2017 07:26:10,000	0,08	191,16
519	30.08.2017 07:26:20,000	0,08	190,68
520	30.08.2017 07:26:30,000	0,08	189,95
521	30.08.2017 07:26:40,000	0,04	188,93
522	30.08.2017 07:26:50,000	0,04	188,45
523	30.08.2017 07:27:00,000	0,04	187,96
524	30.08.2017 07:27:10,000	0,04	187,24
525	30.08.2017 07:27:20,000	0,00	186,70
526	30.08.2017 07:27:30,000	0,00	186,22
527	30.08.2017 07:27:40,000	0,00	185,49
528	30.08.2017 07:27:50,000	0,00	185,25
529	30.08.2017 07:28:00,000	0,00	184,28
530	30.08.2017 07:28:10,000	0,00	183,80
531	30.08.2017 07:28:20,000	-0,04	183,02
532	30.08.2017 07:28:30,000	-0,04	182,54
533	30.08.2017 07:28:40,000	-0,04	182,29
534	30.08.2017 07:28:50,000	-0,04	181,81
535	30.08.2017 07:29:00,000	-0,08	181,28
536	30.08.2017 07:29:10,000	-0,08	180,31
537	30.08.2017 07:29:20,000	-0,12	180,02
538	30.08.2017 07:29:30,000	-0,12	179,29
539	30.08.2017 07:29:40,000	-0,17	178,75
540	30.08.2017 07:29:50,000	-0,21	178,71
541	30.08.2017 07:30:00,000	-0,21	177,74
542	30.08.2017 07:30:10,000	-0,21	177,49
543	30.08.2017 07:30:20,000	-0,25	177,20
544	30.08.2017 07:30:30,000	-0,25	176,96
545	30.08.2017 07:30:40,000	-0,25	176,23
546	30.08.2017 07:30:50,000	-0,25	176,23
547	30.08.2017 07:31:00,000	-0,25	175,99
548	30.08.2017 07:31:10,000	-0,25	175,75
549	30.08.2017 07:31:20,000	-0,25	175,51
550	30.08.2017 07:31:30,000	-0,21	175,80
551	30.08.2017 07:31:40,000	-0,21	175,32
552	30.08.2017 07:31:50,000	-0,21	175,07
553	30.08.2017 07:32:00,000	-0,21	175,07
554	30.08.2017 07:32:10,000	-0,21	174,83
555	30.08.2017 07:32:20,000	-0,21	174,59
556	30.08.2017 07:32:30,000	-0,25	174,78
557	30.08.2017 07:32:40,000	-0,21	174,59
558	30.08.2017 07:32:50,000	-0,25	174,54
559	30.08.2017 07:33:00,000	-0,25	174,30
560	30.08.2017 07:33:10,000	-0,25	174,30
561	30.08.2017 07:33:20,000	-0,21	175,07
562	30.08.2017 07:33:30,000	-0,21	174,59
563	30.08.2017 07:33:40,000	-0,25	174,54
564	30.08.2017 07:33:50,000	-0,25	174,78
565	30.08.2017 07:34:00,000	-0,25	174,54
566	30.08.2017 07:34:10,000	-0,25	174,30
567	30.08.2017 07:34:20,000	-0,25	174,05
568	30.08.2017 07:34:30,000	-0,25	174,05
569	30.08.2017 07:34:40,000	-0,25	173,81
570	30.08.2017 07:34:50,000	-0,25	173,81
571	30.08.2017 07:35:00,000	-0,25	173,57
572	30.08.2017 07:35:10,000	-0,25	173,57
573	30.08.2017 07:35:20,000	-0,25	173,33
574	30.08.2017 07:35:30,000	-0,25	173,09
575	30.08.2017 07:35:40,000	-0,29	172,79
576	30.08.2017 07:35:50,000	-0,29	172,79
577	30.08.2017 07:36:00,000	-0,29	172,31
578	30.08.2017 07:36:10,000	-0,29	172,31
579	30.08.2017 07:36:20,000	-0,29	171,83
580	30.08.2017 07:36:30,000	-0,33	171,78
581	30.08.2017 07:36:40,000	-0,33	171,29
582	30.08.2017 07:36:50,000	-0,33	171,05
583	30.08.2017 07:37:00,000	-0,33	170,81
584	30.08.2017 07:37:10,000	-0,37	170,27
585	30.08.2017 07:37:20,000	-0,37	170,52
586	30.08.2017 07:37:30,000	-0,37	170,03
587	30.08.2017 07:37:40,000	-0,37	169,79
588	30.08.2017 07:37:50,000	-0,37	169,55
589	30.08.2017 07:38:00,000	-0,37	169,06
590	30.08.2017 07:38:10,000	-0,37	168,58
591	30.08.2017 07:38:20,000	-0,37	168,82
592	30.08.2017 07:38:30,000	-0,37	168,58
593	30.08.2017 07:38:40,000	-0,37	168,34
594	30.08.2017 07:38:50,000	-0,37	168,34
595	30.08.2017 07:39:00,000	-0,37	168,09
596	30.08.2017 07:39:10,000	-0,37	167,85
597	30.08.2017 07:39:20,000	-0,37	167,85
598	30.08.2017 07:39:30,000	-0,37	167,61
599	30.08.2017 07:39:40,000	-0,37	167,85
600	30.08.2017 07:39:50,000	-0,37	167,13
601	30.08.2017 07:40:00,000	-0,37	167,37
602	30.08.2017 07:40:10,000	-0,37	167,37
603	30.08.2017 07:40:20,000	-0,37	166,88
604	30.08.2017 07:40:30,000	-0,37	167,13
605	30.08.2017 07:40:40,000	-0,37	166,40
606	30.08.2017 07:40:50,000	-0,37	166,40
607	30.08.2017 07:41:00,000	-0,37	166,40
608	30.08.2017 07:41:10,000	-0,37	165,92
609	30.08.2017 07:41:20,000	-0,37	165,92
610	30.08.2017 07:41:30,000	-0,37	165,67
611	30.08.2017 07:41:40,000	-0,37	165,43
612	30.08.2017 07:41:50,000	-0,37	165,19
613	30.08.2017 07:42:00,000	-0,37	165,43
614	30.08.2017 07:42:10,000	-0,33	165,24
615	30.08.2017 07:42:20,000	-0,33	165,00
616	30.08.2017 07:42:30,000	-0,33	165,24
617	30.08.2017 07:42:40,000	-0,33	165,48
618	30.08.2017 07:42:50,000	-0,33	166,21
619	30.08.2017 07:43:00,000	-0,33	165,97
620	30.08.2017 07:43:10,000	-0,33	166,21
621	30.08.2017 07:43:20,000	-0,33	166,21
622	30.08.2017 07:43:30,000	-0,33	166,45
623	30.08.2017 07:43:40,000	-0,33	166,21
624	30.08.2017 07:43:50,000	-0,33	165,97
625	30.08.2017 07:44:00,000	-0,33	165,97
626	30.08.2017 07:44:10,000	-0,33	165,72
627	30.08.2017 07:44:20,000	-0,33	165,72
628	30.08.2017 07:44:30,000	-0,33	165,48
629	30.08.2017 07:44:40,000	-0,37	165,67
630	30.08.2017 07:44:50,000	-0,37	165,19
631	30.08.2017 07:45:00,000	-0,37	164,95
632	30.08.2017 07:45:10,000	-0,41	164,66
633	30.08.2017 07:45:20,000	-0,41	164,66
634	30.08.2017 07:45:30,000	-0,41	164,41
635	30.08.2017 07:45:40,000	-0,41	164,41
636	30.08.2017 07:45:50,000	-0,41	164,41
637	30.08.2017 07:46:00,000	-0,41	164,41
638	30.08.2017 07:46:10,000	-0,41	164,17
639	30.08.2017 07:46:20,000	-0,41	163,93
640	30.08.2017 07:46:30,000	-0,41	164,17
641	30.08.2017 07:46:40,000	-0,41	163,20
642	30.08.2017 07:46:50,000	-0,46	161,70
643	30.08.2017 07:47:00,000	-0,46	159,28
644	30.08.2017 07:47:10,000	-0,54	156,76
645	30.08.2017 07:47:20,000	-0,58	153,56
646	30.08.2017 07:47:30,000	-0,62	150,37
647	30.08.2017 07:47:40,000	-0,71	147,12
648	30.08.2017 07:47:50,000	-0,83	143,58
649	30.08.2017 07:48:00,000	-0,88	139,42
650	30.08.2017 07:48:10,000	-0,92	135,74
651	30.08.2017 07:48:20,000	-1,09	131,42
652	30.08.2017 07:48:30,000	-1,04	127,84
653	30.08.2017 07:48:40,000	-0,96	123,59
654	30.08.2017 07:48:50,000	-0,88	119,82
655	30.08.2017 07:49:00,000	-0,79	115,57
656	30.08.2017 07:49:10,000	-0,75	111,99
657	30.08.2017 07:49:20,000	-0,83	108,50
658	30.08.2017 07:49:30,000	-0,71	104,78
659	30.08.2017 07:49:40,000	-0,83	101,01
660	30.08.2017 07:49:50,000	-0,79	97,67
661	30.08.2017 07:50:00,000	-0,71	94,15
662	30.08.2017 07:50:10,000	-0,62	91,10
663	30.08.2017 07:50:20,000	-0,46	87,68
664	30.08.2017 07:50:30,000	-0,46	84,78
665	30.08.2017 07:50:40,000	-0,12	81,31
666	30.08.2017 07:50:50,000	0,04	78,85
667	30.08.2017 07:51:00,000	-0,08	75,80
668	30.08.2017 07:51:10,000	0,00	73,00
669	30.08.2017 07:51:20,000	0,04	70,16
670	30.08.2017 07:51:30,000	0,25	67,02
671	30.08.2017 07:51:40,000	0,16	64,27
672	30.08.2017 07:51:50,000	0,29	61,76
673	30.08.2017 07:52:00,000	0,61	58,29
674	30.08.2017 07:52:10,000	1,10	55,50
675	30.08.2017 07:52:20,000	1,50	52,60
676	30.08.2017 07:52:30,000	1,77	50,05
677	30.08.2017 07:52:40,000	1,26	47,97
678	30.08.2017 07:52:50,000	0,81	45,51
679	30.08.2017 07:53:00,000	0,69	42,95
680	30.08.2017 07:53:10,000	0,57	40,15
681	30.08.2017 07:53:20,000	0,33	37,44
682	30.08.2017 07:53:30,000	0,49	34,50
683	30.08.2017 07:53:40,000	0,45	32,04
684	30.08.2017 07:53:50,000	0,37	29,78
685	30.08.2017 07:54:00,000	0,33	27,08
686	30.08.2017 07:54:10,000	0,12	25,62
687	30.08.2017 07:54:20,000	0,08	23,17
688	30.08.2017 07:54:30,000	0,41	20,43
689	30.08.2017 07:54:40,000	0,90	19,09
690	30.08.2017 07:54:50,000	1,57	17,98
691	30.08.2017 07:55:00,000	2,20	17,30
692	30.08.2017 07:55:10,000	2,52	17,44
693	30.08.2017 07:55:20,000	3,09	17,43
694	30.08.2017 07:55:30,000	3,28	18,63
695	30.08.2017 07:55:40,000	2,94	20,37
696	30.08.2017 07:55:50,000	2,36	22,31
697	30.08.2017 07:56:00,000	1,89	23,91
698	30.08.2017 07:56:10,000	1,30	25,11
699	30.08.2017 07:56:20,000	0,90	26,07
700	30.08.2017 07:56:30,000	0,65	27,23
701	30.08.2017 07:56:40,000	0,57	28,09
702	30.08.2017 07:56:50,000	0,53	29,25
703	30.08.2017 07:57:00,000	0,53	30,45
704	30.08.2017 07:57:10,000	0,45	31,32
705	30.08.2017 07:57:20,000	0,45	32,28
706	30.08.2017 07:57:30,000	0,41	33,44
707	30.08.2017 07:57:40,000	0,29	34,98
708	30.08.2017 07:57:50,000	0,33	36,24
709	30.08.2017 07:58:00,000	0,37	38,21
710	30.08.2017 07:58:10,000	0,25	39,51
711	30.08.2017 07:58:20,000	0,20	40,91
712	30.08.2017 07:58:30,000	0,29	42,46
713	30.08.2017 07:58:40,000	0,41	43,33
714	30.08.2017 07:58:50,000	0,53	43,72
715	30.08.2017 07:59:00,000	0,61	43,57
716	30.08.2017 07:59:10,000	0,65	43,38
717	30.08.2017 07:59:20,000	0,69	43,19
718	30.08.2017 07:59:30,000	0,65	42,42
719	30.08.2017 07:59:40,000	0,53	40,82
720	30.08.2017 07:59:50,000	0,37	39,66
721	30.08.2017 08:00:00,000	0,25	38,07
722	30.08.2017 08:00:10,000	0,33	35,99
723	30.08.2017 08:00:20,000	0,45	34,21
724	30.08.2017 08:00:30,000	0,29	34,02
725	30.08.2017 08:00:40,000	0,16	33,87
726	30.08.2017 08:00:50,000	0,08	33,05
727	30.08.2017 08:01:00,000	0,08	32,81
728	30.08.2017 08:01:10,000	0,08	32,32
729	30.08.2017 08:01:20,000	0,16	31,70
730	30.08.2017 08:01:30,000	0,16	31,22
731	30.08.2017 08:01:40,000	0,16	30,49
732	30.08.2017 08:01:50,000	0,29	29,92
733	30.08.2017 08:02:00,000	0,41	29,34
734	30.08.2017 08:02:10,000	0,37	28,81
735	30.08.2017 08:02:20,000	0,33	28,52
736	30.08.2017 08:02:30,000	0,29	27,99
737	30.08.2017 08:02:40,000	0,29	27,51
738	30.08.2017 08:02:50,000	0,29	27,27
739	30.08.2017 08:03:00,000	0,25	26,25
740	30.08.2017 08:03:10,000	0,20	26,21
741	30.08.2017 08:03:20,000	0,16	26,16
742	30.08.2017 08:03:30,000	0,12	24,90
743	30.08.2017 08:03:40,000	0,08	25,09
744	30.08.2017 08:03:50,000	0,00	25,24
745	30.08.2017 08:04:00,000	-0,08	25,86
746	30.08.2017 08:04:10,000	-0,08	26,10
747	30.08.2017 08:04:20,000	-0,08	26,34
748	30.08.2017 08:04:30,000	-0,04	26,63
749	30.08.2017 08:04:40,000	0,04	27,45
750	30.08.2017 08:04:50,000	0,12	28,28
751	30.08.2017 08:05:00,000	0,12	28,52
752	30.08.2017 08:05:10,000	0,20	29,34
753	30.08.2017 08:05:20,000	0,33	29,97
754	30.08.2017 08:05:30,000	0,37	30,74
755	30.08.2017 08:05:40,000	0,29	31,36
756	30.08.2017 08:05:50,000	0,25	32,04
757	30.08.2017 08:06:00,000	0,20	32,47
758	30.08.2017 08:06:10,000	0,12	33,58
759	30.08.2017 08:06:20,000	0,04	34,20
760	30.08.2017 08:06:30,000	0,00	35,12
761	30.08.2017 08:06:40,000	0,08	35,46
762	30.08.2017 08:06:50,000	0,25	35,90
763	30.08.2017 08:07:00,000	0,37	36,28
764	30.08.2017 08:07:10,000	0,41	35,85
765	30.08.2017 08:07:20,000	0,45	35,90
766	30.08.2017 08:07:30,000	0,53	35,28
767	30.08.2017 08:07:40,000	0,53	35,28
768	30.08.2017 08:07:50,000	0,37	34,60
769	30.08.2017 08:08:00,000	0,20	33,92
770	30.08.2017 08:08:10,000	0,12	33,34
771	30.08.2017 08:08:20,000	0,12	32,13
772	30.08.2017 08:08:30,000	0,12	33,10
773	30.08.2017 08:08:40,000	0,08	33,29
774	30.08.2017 08:08:50,000	0,08	33,77
775	30.08.2017 08:09:00,000	0,04	35,65
776	30.08.2017 08:09:10,000	0,04	37,10
777	30.08.2017 08:09:20,000	0,08	38,59
778	30.08.2017 08:09:30,000	0,12	40,09
779	30.08.2017 08:09:40,000	0,16	42,07
780	30.08.2017 08:09:50,000	0,20	43,80
781	30.08.2017 08:10:00,000	0,29	45,11
782	30.08.2017 08:10:10,000	0,41	46,22
783	30.08.2017 08:10:20,000	0,45	47,24
784	30.08.2017 08:10:30,000	0,49	48,73
785	30.08.2017 08:10:40,000	0,53	50,23
786	30.08.2017 08:10:50,000	0,57	51,24
787	30.08.2017 08:11:00,000	0,65	52,31
788	30.08.2017 08:11:10,000	0,81	53,71
789	30.08.2017 08:11:20,000	1,02	54,43
790	30.08.2017 08:11:30,000	1,18	55,35
791	30.08.2017 08:11:40,000	1,26	56,42
792	30.08.2017 08:11:50,000	1,34	57,24
793	30.08.2017 08:12:00,000	1,42	57,57
794	30.08.2017 08:12:10,000	1,50	58,15
795	30.08.2017 08:12:20,000	1,54	59,17
796	30.08.2017 08:12:30,000	1,57	59,46
797	30.08.2017 08:12:40,000	1,61	60,71
798	30.08.2017 08:12:50,000	1,65	61,00
799	30.08.2017 08:13:00,000	1,65	60,52
800	30.08.2017 08:13:10,000	1,65	60,52
801	30.08.2017 08:13:20,000	1,65	60,04
802	30.08.2017 08:13:30,000	1,65	59,31
803	30.08.2017 08:13:40,000	1,69	59,84
804	30.08.2017 08:13:50,000	1,69	60,09
805	30.08.2017 08:14:00,000	1,73	60,86
806	30.08.2017 08:14:10,000	1,73	60,62
807	30.08.2017 08:14:20,000	1,73	61,34
808	30.08.2017 08:14:30,000	1,73	60,86
809	30.08.2017 08:14:40,000	1,69	61,77
810	30.08.2017 08:14:50,000	1,69	61,77
811	30.08.2017 08:15:00,000	1,65	61,49
812	30.08.2017 08:15:10,000	1,65	61,00
813	30.08.2017 08:15:20,000	1,65	61,73
814	30.08.2017 08:15:30,000	1,61	61,44
815	30.08.2017 08:15:40,000	1,61	61,20
816	30.08.2017 08:15:50,000	1,61	60,71
817	30.08.2017 08:16:00,000	1,61	61,44
818	30.08.2017 08:16:10,000	1,61	61,68
819	30.08.2017 08:16:20,000	1,61	62,40
820	30.08.2017 08:16:30,000	1,61	61,92
821	30.08.2017 08:16:40,000	1,61	61,68
822	30.08.2017 08:16:50,000	1,57	62,60
823	30.08.2017 08:17:00,000	1,57	61,63
824	30.08.2017 08:17:10,000	1,57	62,35
825	30.08.2017 08:17:20,000	1,57	62,60
826	30.08.2017 08:17:30,000	1,57	61,39
827	30.08.2017 08:17:40,000	1,57	61,63
828	30.08.2017 08:17:50,000	1,57	61,63
829	30.08.2017 08:18:00,000	1,57	62,11
830	30.08.2017 08:18:10,000	1,57	62,35
831	30.08.2017 08:18:20,000	1,57	62,60
832	30.08.2017 08:18:30,000	1,57	62,60
833	30.08.2017 08:18:40,000	1,57	63,32
834	30.08.2017 08:18:50,000	1,57	62,60
835	30.08.2017 08:19:00,000	1,54	63,27
836	30.08.2017 08:19:10,000	1,54	63,03
837	30.08.2017 08:19:20,000	1,54	62,55
838	30.08.2017 08:19:30,000	1,54	63,75
839	30.08.2017 08:19:40,000	1,54	63,75
840	30.08.2017 08:19:50,000	1,54	63,75
841	30.08.2017 08:20:00,000	1,50	63,71
842	30.08.2017 08:20:10,000	1,50	63,71
843	30.08.2017 08:20:20,000	1,46	64,38
844	30.08.2017 08:20:30,000	1,46	64,38
845	30.08.2017 08:20:40,000	1,46	64,38
846	30.08.2017 08:20:50,000	1,42	64,33
847	30.08.2017 08:21:00,000	1,42	64,58
848	30.08.2017 08:21:10,000	1,42	64,58
849	30.08.2017 08:21:20,000	1,42	64,58
850	30.08.2017 08:21:30,000	1,38	65,01
851	30.08.2017 08:21:40,000	1,38	64,29
852	30.08.2017 08:21:50,000	1,38	64,77
853	30.08.2017 08:22:00,000	1,34	64,00
854	30.08.2017 08:22:10,000	1,34	63,75
855	30.08.2017 08:22:20,000	1,34	64,48
856	30.08.2017 08:22:30,000	1,34	64,00
857	30.08.2017 08:22:40,000	1,34	63,51
858	30.08.2017 08:22:50,000	1,34	64,24
859	30.08.2017 08:23:00,000	1,34	64,00
860	30.08.2017 08:23:10,000	1,34	64,48
861	30.08.2017 08:23:20,000	1,34	63,27
862	30.08.2017 08:23:30,000	1,34	63,27
863	30.08.2017 08:23:40,000	1,34	63,51
864	30.08.2017 08:23:50,000	1,34	63,03
865	30.08.2017 08:24:00,000	1,34	60,86
866	30.08.2017 08:24:10,000	1,42	58,78
867	30.08.2017 08:24:20,000	1,46	55,93
868	30.08.2017 08:24:30,000	1,57	52,70
869	30.08.2017 08:24:40,000	1,57	50,77
870	30.08.2017 08:24:50,000	1,54	50,96
871	30.08.2017 08:25:00,000	1,42	51,30
872	30.08.2017 08:25:10,000	1,34	51,20
873	30.08.2017 08:25:20,000	1,26	50,62
874	30.08.2017 08:25:30,000	1,22	51,30
875	30.08.2017 08:25:40,000	1,18	49,80
876	30.08.2017 08:25:50,000	1,14	48,55
877	30.08.2017 08:26:00,000	1,14	48,79
878	30.08.2017 08:26:10,000	1,10	48,26
879	30.08.2017 08:26:20,000	1,10	47,29
880	30.08.2017 08:26:30,000	1,06	44,11
881	30.08.2017 08:26:40,000	0,94	41,31
882	30.08.2017 08:26:50,000	0,86	39,04
883	30.08.2017 08:27:00,000	0,81	36,58
884	30.08.2017 08:27:10,000	0,61	33,20
885	30.08.2017 08:27:20,000	0,61	30,07
886	30.08.2017 08:27:30,000	0,61	27,42
887	30.08.2017 08:27:40,000	0,49	23,42
888	30.08.2017 08:27:50,000	0,65	19,76
889	30.08.2017 08:28:00,000	0,94	16,73
890	30.08.2017 08:28:10,000	1,30	14,27
891	30.08.2017 08:28:20,000	2,05	10,85
892	30.08.2017 08:28:30,000	2,75	9,06
893	30.08.2017 08:28:40,000	3,05	7,99
894	30.08.2017 08:28:50,000	3,28	6,59
895	30.08.2017 08:29:00,000	3,66	3,68
896	30.08.2017 08:29:10,000	4,07	1,30
897	30.08.2017 08:29:20,000	4,26	0,00
898	30.08.2017 08:29:30,000	4,30	0,00
899	30.08.2017 08:29:40,000	4,33	0,00
900	30.08.2017 08:29:50,000	4,33	0,00
901	30.08.2017 08:30:00,000	4,37	0,00
902	30.08.2017 08:30:10,000	4,37	0,00
903	30.08.2017 08:30:20,000	4,37	0,00
904	30.08.2017 08:30:30,000	4,41	0,00
905	30.08.2017 08:30:40,000	4,41	0,00
906	30.08.2017 08:30:50,000	4,41	0,00
907	30.08.2017 08:31:00,000	4,41	0,00
908	30.08.2017 08:31:10,000	4,41	0,00
909	30.08.2017 08:31:20,000	4,45	0,08
910	30.08.2017 08:31:30,000	4,45	0,00
911	30.08.2017 08:31:40,000	4,45	0,00
912	30.08.2017 08:31:50,000	4,45	0,08
913	30.08.2017 08:32:00,000	4,45	0,08
914	30.08.2017 08:32:10,000	4,45	0,08
915	30.08.2017 08:32:20,000	4,45	0,08
916	30.08.2017 08:32:30,000	4,45	0,08
917	30.08.2017 08:32:40,000	4,48	0,12
918	30.08.2017 08:32:50,000	4,48	0,00
919	30.08.2017 08:33:00,000	4,48	0,12
920	30.08.2017 08:33:10,000	4,48	0,00
921	30.08.2017 08:33:20,000	4,48	0,12
922	30.08.2017 08:33:30,000	4,52	0,00
923	30.08.2017 08:33:40,000	4,52	0,00
924	30.08.2017 08:33:50,000	4,52	0,00
925	30.08.2017 08:34:00,000	4,52	0,00
926	30.08.2017 08:34:10,000	4,56	0,00
927	30.08.2017 08:34:20,000	4,56	0,00
928	30.08.2017 08:34:30,000	4,56	0,00
929	30.08.2017 08:34:40,000	4,56	0,00
930	30.08.2017 08:34:50,000	4,59	0,00
931	30.08.2017 08:35:00,000	4,59	0,00
932	30.08.2017 08:35:10,000	4,63	0,00
933	30.08.2017 08:35:20,000	4,63	0,06
934	30.08.2017 08:35:30,000	4,63	0,06
935	30.08.2017 08:35:40,000	4,67	0,00
936	30.08.2017 08:35:50,000	4,67	0,00
937	30.08.2017 08:36:00,000	4,67	0,11
938	30.08.2017 08:36:10,000	4,67	0,00
939	30.08.2017 08:36:20,000	4,70	0,00
940	30.08.2017 08:36:30,000	4,70	0,00
941	30.08.2017 08:36:40,000	4,70	0,15
942	30.08.2017 08:36:50,000	4,70	0,00
943	30.08.2017 08:37:00,000	4,70	0,00
944	30.08.2017 08:37:10,000	4,74	0,00
945	30.08.2017 08:37:20,000	4,74	0,00
946	30.08.2017 08:37:30,000	4,78	0,00
947	30.08.2017 08:37:40,000	4,78	0,00
948	30.08.2017 08:37:50,000	4,78	0,25
949	30.08.2017 08:38:00,000	4,81	0,00
950	30.08.2017 08:38:10,000	4,81	0,00
951	30.08.2017 08:38:20,000	4,81	0,00
952	30.08.2017 08:38:30,000	4,85	0,10
953	30.08.2017 08:38:40,000	4,85	0,00
954	30.08.2017 08:38:50,000	4,85	0,00
955	30.08.2017 08:39:00,000	4,89	0,00
956	30.08.2017 08:39:10,000	4,89	0,14
957	30.08.2017 08:39:20,000	4,92	0,00
958	30.08.2017 08:39:30,000	4,92	0,00
959	30.08.2017 08:39:40,000	4,96	0,00
960	30.08.2017 08:39:50,000	4,96	0,00
961	30.08.2017 08:40:00,000	5,00	0,00
962	30.08.2017 08:40:10,000	5,00	0,00
963	30.08.2017 08:40:20,000	5,03	0,08
964	30.08.2017 08:40:30,000	5,03	0,08
965	30.08.2017 08:40:40,000	5,07	0,13
966	30.08.2017 08:40:50,000	5,07	0,13
967	30.08.2017 08:41:00,000	5,14	0,00
968	30.08.2017 08:41:10,000	5,14	0,00
969	30.08.2017 08:41:20,000	5,18	0,00
970	30.08.2017 08:41:30,000	5,22	0,06
971	30.08.2017 08:41:40,000	5,22	0,06
972	30.08.2017 08:41:50,000	5,25	0,11
973	30.08.2017 08:42:00,000	5,33	0,00
974	30.08.2017 08:42:10,000	5,36	0,00
975	30.08.2017 08:42:20,000	5,40	0,00
976	30.08.2017 08:42:30,000	5,47	0,14
977	30.08.2017 08:42:40,000	6,54	0,00
978	30.08.2017 08:42:50,000	10,22	0,00
979	30.08.2017 08:43:00,000	11,84	0,00
980	30.08.2017 08:43:10,000	13,46	0,00
981	30.08.2017 08:43:20,000	16,31	0,00
982	30.08.2017 08:43:30,000	18,59	0,00
983	30.08.2017 08:43:40,000	20,18	0,00
984	30.08.2017 08:43:50,000	20,91	0,00
985	30.08.2017 08:44:00,000	26,28	0,00
986	30.08.2017 08:44:10,000	27,46	0,00
