#B	Created:	30.08.2017 08:54:02
##	Version	SeaStar	7.49
#5	Field separation:	0
#2	Date & Time:	1
#6	Decimal point:	,
#7	Date def.:	dd.mm.yyyy	.
#8	Time def.:	:
##	Axis	0	Temperature(°C)	clRed	FALSE
##	Axis	1	Depth(m)	clBlue	TRUE
##	Series	0	Temp(°C)	clRed	0	Temp(°C)	2
##	Series	1	Depth(m)	clBlue	1	Depth(m)	2
##	Recorder	10	DST centi	8048
##	Chart	10C8048DAT	
#D	Data:	1040	30.08.2017 06:00:00	30.08.2017 08:53:10
1	30.08.2017 06:00:00,000	22,55	0,00
2	30.08.2017 06:00:10,000	22,55	0,00
3	30.08.2017 06:00:20,000	22,55	0,00
4	30.08.2017 06:00:30,000	22,55	0,00
5	30.08.2017 06:00:40,000	22,53	0,00
6	30.08.2017 06:00:50,000	22,53	0,00
7	30.08.2017 06:01:00,000	22,53	0,00
8	30.08.2017 06:01:10,000	22,53	0,00
9	30.08.2017 06:01:20,000	22,53	0,00
10	30.08.2017 06:01:30,000	22,53	0,00
11	30.08.2017 06:01:40,000	22,53	0,00
12	30.08.2017 06:01:50,000	22,53	0,00
13	30.08.2017 06:02:00,000	22,53	0,00
14	30.08.2017 06:02:10,000	22,53	0,00
15	30.08.2017 06:02:20,000	22,53	0,00
16	30.08.2017 06:02:30,000	22,53	0,00
17	30.08.2017 06:02:40,000	22,50	0,00
18	30.08.2017 06:02:50,000	22,50	0,00
19	30.08.2017 06:03:00,000	22,50	0,00
20	30.08.2017 06:03:10,000	22,50	0,00
21	30.08.2017 06:03:20,000	22,50	0,00
22	30.08.2017 06:03:30,000	22,50	0,00
23	30.08.2017 06:03:40,000	22,50	0,00
24	30.08.2017 06:03:50,000	22,50	0,00
25	30.08.2017 06:04:00,000	22,50	0,00
26	30.08.2017 06:04:10,000	22,50	0,00
27	30.08.2017 06:04:20,000	22,50	0,00
28	30.08.2017 06:04:30,000	22,50	0,00
29	30.08.2017 06:04:40,000	22,50	0,00
30	30.08.2017 06:04:50,000	22,50	0,00
31	30.08.2017 06:05:00,000	22,50	0,00
32	30.08.2017 06:05:10,000	22,50	0,00
33	30.08.2017 06:05:20,000	22,50	0,00
34	30.08.2017 06:05:30,000	22,50	0,00
35	30.08.2017 06:05:40,000	22,50	0,00
36	30.08.2017 06:05:50,000	22,50	0,00
37	30.08.2017 06:06:00,000	22,50	0,00
38	30.08.2017 06:06:10,000	22,53	0,00
39	30.08.2017 06:06:20,000	22,53	0,00
40	30.08.2017 06:06:30,000	22,53	0,00
41	30.08.2017 06:06:40,000	22,53	0,00
42	30.08.2017 06:06:50,000	22,53	0,00
43	30.08.2017 06:07:00,000	22,53	0,00
44	30.08.2017 06:07:10,000	22,53	0,00
45	30.08.2017 06:07:20,000	22,53	0,00
46	30.08.2017 06:07:30,000	22,53	0,00
47	30.08.2017 06:07:40,000	22,53	0,00
48	30.08.2017 06:07:50,000	22,53	0,00
49	30.08.2017 06:08:00,000	22,53	0,00
50	30.08.2017 06:08:10,000	22,53	0,00
51	30.08.2017 06:08:20,000	22,53	0,00
52	30.08.2017 06:08:30,000	22,50	0,00
53	30.08.2017 06:08:40,000	22,53	0,00
54	30.08.2017 06:08:50,000	22,53	0,00
55	30.08.2017 06:09:00,000	22,50	0,00
56	30.08.2017 06:09:10,000	22,50	0,00
57	30.08.2017 06:09:20,000	22,50	0,00
58	30.08.2017 06:09:30,000	22,50	0,00
59	30.08.2017 06:09:40,000	22,50	0,00
60	30.08.2017 06:09:50,000	22,50	0,00
61	30.08.2017 06:10:00,000	22,50	0,00
62	30.08.2017 06:10:10,000	22,53	0,00
63	30.08.2017 06:10:20,000	22,53	0,00
64	30.08.2017 06:10:30,000	22,53	0,00
65	30.08.2017 06:10:40,000	22,53	0,00
66	30.08.2017 06:10:50,000	22,55	0,00
67	30.08.2017 06:11:00,000	22,55	0,00
68	30.08.2017 06:11:10,000	22,55	0,00
69	30.08.2017 06:11:20,000	22,55	0,00
70	30.08.2017 06:11:30,000	22,58	0,00
71	30.08.2017 06:11:40,000	22,58	0,00
72	30.08.2017 06:11:50,000	22,58	0,00
73	30.08.2017 06:12:00,000	22,58	0,00
74	30.08.2017 06:12:10,000	22,58	0,00
75	30.08.2017 06:12:20,000	22,58	0,00
76	30.08.2017 06:12:30,000	22,61	0,00
77	30.08.2017 06:12:40,000	22,61	0,00
78	30.08.2017 06:12:50,000	22,61	0,00
79	30.08.2017 06:13:00,000	22,61	0,00
80	30.08.2017 06:13:10,000	22,61	0,00
81	30.08.2017 06:13:20,000	22,61	0,00
82	30.08.2017 06:13:30,000	22,64	0,00
83	30.08.2017 06:13:40,000	22,64	0,00
84	30.08.2017 06:13:50,000	22,64	0,00
85	30.08.2017 06:14:00,000	22,64	0,00
86	30.08.2017 06:14:10,000	22,64	0,00
87	30.08.2017 06:14:20,000	22,64	0,00
88	30.08.2017 06:14:30,000	22,64	0,00
89	30.08.2017 06:14:40,000	22,64	0,00
90	30.08.2017 06:14:50,000	22,61	0,00
91	30.08.2017 06:15:00,000	22,58	0,00
92	30.08.2017 06:15:10,000	22,58	0,00
93	30.08.2017 06:15:20,000	22,55	0,00
94	30.08.2017 06:15:30,000	22,47	0,00
95	30.08.2017 06:15:40,000	22,41	0,00
96	30.08.2017 06:15:50,000	22,41	0,00
97	30.08.2017 06:16:00,000	22,38	0,00
98	30.08.2017 06:16:10,000	22,35	0,00
99	30.08.2017 06:16:20,000	22,32	0,00
100	30.08.2017 06:16:30,000	22,27	0,00
101	30.08.2017 06:16:40,000	22,24	0,00
102	30.08.2017 06:16:50,000	22,09	0,00
103	30.08.2017 06:17:00,000	21,98	0,00
104	30.08.2017 06:17:10,000	21,95	0,00
105	30.08.2017 06:17:20,000	21,89	0,00
106	30.08.2017 06:17:30,000	21,86	0,00
107	30.08.2017 06:17:40,000	21,83	0,00
108	30.08.2017 06:17:50,000	21,77	0,00
109	30.08.2017 06:18:00,000	21,75	0,00
110	30.08.2017 06:18:10,000	21,72	0,00
111	30.08.2017 06:18:20,000	21,66	0,00
112	30.08.2017 06:18:30,000	21,60	0,00
113	30.08.2017 06:18:40,000	21,54	0,00
114	30.08.2017 06:18:50,000	21,51	0,00
115	30.08.2017 06:19:00,000	21,46	0,00
116	30.08.2017 06:19:10,000	21,40	0,00
117	30.08.2017 06:19:20,000	21,34	0,00
118	30.08.2017 06:19:30,000	21,28	0,00
119	30.08.2017 06:19:40,000	21,22	0,00
120	30.08.2017 06:19:50,000	21,17	0,00
121	30.08.2017 06:20:00,000	21,11	0,00
122	30.08.2017 06:20:10,000	21,02	0,00
123	30.08.2017 06:20:20,000	20,96	0,00
124	30.08.2017 06:20:30,000	20,91	0,00
125	30.08.2017 06:20:40,000	20,85	0,00
126	30.08.2017 06:20:50,000	20,79	0,00
127	30.08.2017 06:21:00,000	20,73	0,00
128	30.08.2017 06:21:10,000	20,64	0,00
129	30.08.2017 06:21:20,000	20,59	0,00
130	30.08.2017 06:21:30,000	20,53	0,00
131	30.08.2017 06:21:40,000	20,44	0,00
132	30.08.2017 06:21:50,000	20,38	0,00
133	30.08.2017 06:22:00,000	20,32	0,00
134	30.08.2017 06:22:10,000	20,27	0,00
135	30.08.2017 06:22:20,000	20,18	0,00
136	30.08.2017 06:22:30,000	20,12	0,00
137	30.08.2017 06:22:40,000	20,06	0,00
138	30.08.2017 06:22:50,000	19,97	0,00
139	30.08.2017 06:23:00,000	19,92	0,00
140	30.08.2017 06:23:10,000	19,86	0,00
141	30.08.2017 06:23:20,000	19,80	0,00
142	30.08.2017 06:23:30,000	19,71	0,00
143	30.08.2017 06:23:40,000	19,65	0,00
144	30.08.2017 06:23:50,000	19,60	0,00
145	30.08.2017 06:24:00,000	19,51	0,00
146	30.08.2017 06:24:10,000	19,45	0,00
147	30.08.2017 06:24:20,000	19,39	0,00
148	30.08.2017 06:24:30,000	19,33	0,00
149	30.08.2017 06:24:40,000	19,27	0,00
150	30.08.2017 06:24:50,000	19,19	0,00
151	30.08.2017 06:25:00,000	19,13	0,00
152	30.08.2017 06:25:10,000	19,07	0,00
153	30.08.2017 06:25:20,000	18,98	0,00
154	30.08.2017 06:25:30,000	18,92	0,00
155	30.08.2017 06:25:40,000	18,86	0,00
156	30.08.2017 06:25:50,000	18,80	0,00
157	30.08.2017 06:26:00,000	18,75	0,00
158	30.08.2017 06:26:10,000	18,69	0,00
159	30.08.2017 06:26:20,000	18,60	0,00
160	30.08.2017 06:26:30,000	18,54	0,00
161	30.08.2017 06:26:40,000	18,48	0,00
162	30.08.2017 06:26:50,000	18,42	0,00
163	30.08.2017 06:27:00,000	18,36	0,00
164	30.08.2017 06:27:10,000	18,31	0,00
165	30.08.2017 06:27:20,000	18,22	0,00
166	30.08.2017 06:27:30,000	18,16	0,00
167	30.08.2017 06:27:40,000	18,10	0,00
168	30.08.2017 06:27:50,000	18,04	0,00
169	30.08.2017 06:28:00,000	17,98	0,00
170	30.08.2017 06:28:10,000	17,92	0,00
171	30.08.2017 06:28:20,000	17,86	0,00
172	30.08.2017 06:28:30,000	17,80	0,00
173	30.08.2017 06:28:40,000	17,71	0,00
174	30.08.2017 06:28:50,000	17,66	0,00
175	30.08.2017 06:29:00,000	17,60	0,00
176	30.08.2017 06:29:10,000	17,54	0,00
177	30.08.2017 06:29:20,000	17,48	0,00
178	30.08.2017 06:29:30,000	17,42	0,00
179	30.08.2017 06:29:40,000	17,36	0,00
180	30.08.2017 06:29:50,000	17,30	0,00
181	30.08.2017 06:30:00,000	17,24	0,00
182	30.08.2017 06:30:10,000	17,18	0,00
183	30.08.2017 06:30:20,000	17,09	0,00
184	30.08.2017 06:30:30,000	17,03	0,00
185	30.08.2017 06:30:40,000	16,97	0,00
186	30.08.2017 06:30:50,000	16,91	0,00
187	30.08.2017 06:31:00,000	16,85	0,00
188	30.08.2017 06:31:10,000	16,76	0,00
189	30.08.2017 06:31:20,000	16,71	0,00
190	30.08.2017 06:31:30,000	16,65	0,00
191	30.08.2017 06:31:40,000	16,59	0,00
192	30.08.2017 06:31:50,000	16,53	0,00
193	30.08.2017 06:32:00,000	16,47	0,00
194	30.08.2017 06:32:10,000	16,41	0,00
195	30.08.2017 06:32:20,000	16,32	0,00
196	30.08.2017 06:32:30,000	16,23	0,00
197	30.08.2017 06:32:40,000	16,14	0,00
198	30.08.2017 06:32:50,000	16,08	0,00
199	30.08.2017 06:33:00,000	15,99	0,00
200	30.08.2017 06:33:10,000	15,93	0,00
201	30.08.2017 06:33:20,000	15,84	0,00
202	30.08.2017 06:33:30,000	15,75	0,00
203	30.08.2017 06:33:40,000	15,66	0,00
204	30.08.2017 06:33:50,000	15,60	0,00
205	30.08.2017 06:34:00,000	15,54	0,00
206	30.08.2017 06:34:10,000	15,44	0,00
207	30.08.2017 06:34:20,000	15,35	0,00
208	30.08.2017 06:34:30,000	15,29	0,00
209	30.08.2017 06:34:40,000	15,20	0,00
210	30.08.2017 06:34:50,000	15,11	0,00
211	30.08.2017 06:35:00,000	15,05	0,00
212	30.08.2017 06:35:10,000	14,96	0,00
213	30.08.2017 06:35:20,000	14,87	0,00
214	30.08.2017 06:35:30,000	14,81	0,00
215	30.08.2017 06:35:40,000	14,72	0,00
216	30.08.2017 06:35:50,000	14,66	0,00
217	30.08.2017 06:36:00,000	14,56	0,00
218	30.08.2017 06:36:10,000	14,47	0,00
219	30.08.2017 06:36:20,000	14,41	0,00
220	30.08.2017 06:36:30,000	14,32	0,00
221	30.08.2017 06:36:40,000	14,23	0,00
222	30.08.2017 06:36:50,000	14,17	0,00
223	30.08.2017 06:37:00,000	14,11	0,00
224	30.08.2017 06:37:10,000	14,01	0,00
225	30.08.2017 06:37:20,000	13,95	0,00
226	30.08.2017 06:37:30,000	13,89	0,00
227	30.08.2017 06:37:40,000	13,83	0,00
228	30.08.2017 06:37:50,000	13,74	0,00
229	30.08.2017 06:38:00,000	13,68	0,00
230	30.08.2017 06:38:10,000	13,61	0,00
231	30.08.2017 06:38:20,000	13,55	0,00
232	30.08.2017 06:38:30,000	13,46	0,00
233	30.08.2017 06:38:40,000	13,40	0,00
234	30.08.2017 06:38:50,000	13,34	0,00
235	30.08.2017 06:39:00,000	13,24	0,00
236	30.08.2017 06:39:10,000	13,18	0,00
237	30.08.2017 06:39:20,000	13,12	0,00
238	30.08.2017 06:39:30,000	13,06	0,00
239	30.08.2017 06:39:40,000	11,71	0,00
240	30.08.2017 06:39:50,000	11,49	0,00
241	30.08.2017 06:40:00,000	11,42	0,00
242	30.08.2017 06:40:10,000	11,42	0,00
243	30.08.2017 06:40:20,000	11,39	0,00
244	30.08.2017 06:40:30,000	11,39	0,00
245	30.08.2017 06:40:40,000	11,36	0,00
246	30.08.2017 06:40:50,000	11,33	0,00
247	30.08.2017 06:41:00,000	11,30	0,00
248	30.08.2017 06:41:10,000	11,23	0,00
249	30.08.2017 06:41:20,000	11,17	0,00
250	30.08.2017 06:41:30,000	11,14	0,00
251	30.08.2017 06:41:40,000	11,07	0,00
252	30.08.2017 06:41:50,000	11,01	0,00
253	30.08.2017 06:42:00,000	10,94	0,00
254	30.08.2017 06:42:10,000	10,85	0,00
255	30.08.2017 06:42:20,000	10,78	0,00
256	30.08.2017 06:42:30,000	10,69	0,00
257	30.08.2017 06:42:40,000	10,62	0,00
258	30.08.2017 06:42:50,000	10,56	0,00
259	30.08.2017 06:43:00,000	10,49	0,00
260	30.08.2017 06:43:10,000	10,43	0,00
261	30.08.2017 06:43:20,000	10,33	0,00
262	30.08.2017 06:43:30,000	8,25	0,00
263	30.08.2017 06:43:40,000	7,13	0,45
264	30.08.2017 06:43:50,000	6,27	0,23
265	30.08.2017 06:44:00,000	5,88	0,00
266	30.08.2017 06:44:10,000	5,60	0,00
267	30.08.2017 06:44:20,000	5,31	0,00
268	30.08.2017 06:44:30,000	5,17	0,00
269	30.08.2017 06:44:40,000	5,06	2,72
270	30.08.2017 06:44:50,000	5,03	4,26
271	30.08.2017 06:45:00,000	5,10	6,36
272	30.08.2017 06:45:10,000	5,24	7,40
273	30.08.2017 06:45:20,000	5,28	8,34
274	30.08.2017 06:45:30,000	5,28	9,25
275	30.08.2017 06:45:40,000	5,24	10,58
276	30.08.2017 06:45:50,000	5,21	10,32
277	30.08.2017 06:46:00,000	5,21	9,87
278	30.08.2017 06:46:10,000	5,24	9,45
279	30.08.2017 06:46:20,000	5,24	9,45
280	30.08.2017 06:46:30,000	5,24	10,13
281	30.08.2017 06:46:40,000	5,24	9,90
282	30.08.2017 06:46:50,000	5,24	9,67
283	30.08.2017 06:47:00,000	5,28	9,02
284	30.08.2017 06:47:10,000	5,28	9,02
285	30.08.2017 06:47:20,000	5,31	8,60
286	30.08.2017 06:47:30,000	5,31	8,37
287	30.08.2017 06:47:40,000	5,31	8,14
288	30.08.2017 06:47:50,000	5,31	7,69
289	30.08.2017 06:48:00,000	5,31	8,14
290	30.08.2017 06:48:10,000	5,31	8,37
291	30.08.2017 06:48:20,000	5,31	9,05
292	30.08.2017 06:48:30,000	5,31	9,74
293	30.08.2017 06:48:40,000	5,31	10,42
294	30.08.2017 06:48:50,000	5,24	11,04
295	30.08.2017 06:49:00,000	5,17	11,20
296	30.08.2017 06:49:10,000	5,21	11,00
297	30.08.2017 06:49:20,000	5,24	10,58
298	30.08.2017 06:49:30,000	5,24	10,58
299	30.08.2017 06:49:40,000	5,24	10,35
300	30.08.2017 06:49:50,000	5,24	9,45
301	30.08.2017 06:50:00,000	5,28	8,57
302	30.08.2017 06:50:10,000	5,31	7,24
303	30.08.2017 06:50:20,000	5,28	7,20
304	30.08.2017 06:50:30,000	5,13	6,40
305	30.08.2017 06:50:40,000	5,06	6,11
306	30.08.2017 06:50:50,000	4,99	5,82
307	30.08.2017 06:51:00,000	4,92	5,52
308	30.08.2017 06:51:10,000	4,96	5,33
309	30.08.2017 06:51:20,000	5,10	4,77
310	30.08.2017 06:51:30,000	5,13	4,81
311	30.08.2017 06:51:40,000	5,13	4,81
312	30.08.2017 06:51:50,000	5,13	4,81
313	30.08.2017 06:52:00,000	5,10	4,77
314	30.08.2017 06:52:10,000	5,03	4,26
315	30.08.2017 06:52:20,000	5,03	4,09
316	30.08.2017 06:52:30,000	4,92	4,09
317	30.08.2017 06:52:40,000	4,88	3,86
318	30.08.2017 06:52:50,000	4,85	3,86
319	30.08.2017 06:53:00,000	4,81	4,29
320	30.08.2017 06:53:10,000	4,81	4,29
321	30.08.2017 06:53:20,000	4,81	4,75
322	30.08.2017 06:53:30,000	4,81	4,29
323	30.08.2017 06:53:40,000	4,81	4,75
324	30.08.2017 06:53:50,000	4,85	4,32
325	30.08.2017 06:54:00,000	4,81	4,75
326	30.08.2017 06:54:10,000	4,81	4,52
327	30.08.2017 06:54:20,000	4,85	4,78
328	30.08.2017 06:54:30,000	4,88	5,27
329	30.08.2017 06:54:40,000	4,92	5,98
330	30.08.2017 06:54:50,000	4,88	6,63
331	30.08.2017 06:55:00,000	5,10	6,82
332	30.08.2017 06:55:10,000	5,17	7,11
333	30.08.2017 06:55:20,000	5,21	7,82
334	30.08.2017 06:55:30,000	5,28	8,34
335	30.08.2017 06:55:40,000	5,31	9,05
336	30.08.2017 06:55:50,000	5,31	9,74
337	30.08.2017 06:56:00,000	5,35	10,45
338	30.08.2017 06:56:10,000	5,35	10,90
339	30.08.2017 06:56:20,000	5,35	11,36
340	30.08.2017 06:56:30,000	5,35	12,04
341	30.08.2017 06:56:40,000	5,31	12,92
342	30.08.2017 06:56:50,000	5,24	13,31
343	30.08.2017 06:57:00,000	5,10	14,09
344	30.08.2017 06:57:10,000	4,85	14,10
345	30.08.2017 06:57:20,000	4,81	14,29
346	30.08.2017 06:57:30,000	4,81	14,29
347	30.08.2017 06:57:40,000	4,74	14,00
348	30.08.2017 06:57:50,000	4,67	13,94
349	30.08.2017 06:58:00,000	4,67	13,94
350	30.08.2017 06:58:10,000	4,74	14,00
351	30.08.2017 06:58:20,000	4,70	14,20
352	30.08.2017 06:58:30,000	4,63	14,59
353	30.08.2017 06:58:40,000	4,41	15,53
354	30.08.2017 06:58:50,000	3,71	16,74
355	30.08.2017 06:59:00,000	2,70	17,89
356	30.08.2017 06:59:10,000	1,67	18,33
357	30.08.2017 06:59:20,000	1,28	18,89
358	30.08.2017 06:59:30,000	1,00	18,41
359	30.08.2017 06:59:40,000	0,88	18,53
360	30.08.2017 06:59:50,000	0,84	17,59
361	30.08.2017 07:00:00,000	0,72	16,80
362	30.08.2017 07:00:10,000	1,08	15,53
363	30.08.2017 07:00:20,000	2,25	13,39
364	30.08.2017 07:00:30,000	3,31	12,74
365	30.08.2017 07:00:40,000	3,86	12,32
366	30.08.2017 07:00:50,000	4,12	12,55
367	30.08.2017 07:01:00,000	4,38	12,77
368	30.08.2017 07:01:10,000	4,23	13,33
369	30.08.2017 07:01:20,000	4,52	13,58
370	30.08.2017 07:01:30,000	4,63	14,13
371	30.08.2017 07:01:40,000	4,63	14,36
372	30.08.2017 07:01:50,000	4,08	15,47
373	30.08.2017 07:02:00,000	3,60	15,73
374	30.08.2017 07:02:10,000	3,42	15,34
375	30.08.2017 07:02:20,000	3,34	15,27
376	30.08.2017 07:02:30,000	3,75	14,04
377	30.08.2017 07:02:40,000	3,97	14,46
378	30.08.2017 07:02:50,000	3,86	14,82
379	30.08.2017 07:03:00,000	3,60	15,50
380	30.08.2017 07:03:10,000	3,38	14,85
381	30.08.2017 07:03:20,000	3,68	14,66
382	30.08.2017 07:03:30,000	3,75	14,27
383	30.08.2017 07:03:40,000	3,94	14,20
384	30.08.2017 07:03:50,000	3,97	14,01
385	30.08.2017 07:04:00,000	3,86	14,37
386	30.08.2017 07:04:10,000	3,64	14,62
387	30.08.2017 07:04:20,000	3,45	14,69
388	30.08.2017 07:04:30,000	3,23	15,40
389	30.08.2017 07:04:40,000	3,08	16,40
390	30.08.2017 07:04:50,000	2,40	17,62
391	30.08.2017 07:05:00,000	1,32	18,92
392	30.08.2017 07:05:10,000	1,12	19,20
393	30.08.2017 07:05:20,000	0,72	20,21
394	30.08.2017 07:05:30,000	0,37	20,56
395	30.08.2017 07:05:40,000	0,20	20,64
396	30.08.2017 07:05:50,000	0,08	20,53
397	30.08.2017 07:06:00,000	0,04	20,72
398	30.08.2017 07:06:10,000	0,04	20,72
399	30.08.2017 07:06:20,000	0,08	20,76
400	30.08.2017 07:06:30,000	0,16	21,29
401	30.08.2017 07:06:40,000	0,37	21,92
402	30.08.2017 07:06:50,000	0,49	23,17
403	30.08.2017 07:07:00,000	0,45	24,50
404	30.08.2017 07:07:10,000	0,57	25,74
405	30.08.2017 07:07:20,000	0,57	26,43
406	30.08.2017 07:07:30,000	0,61	26,24
407	30.08.2017 07:07:40,000	0,61	26,92
408	30.08.2017 07:07:50,000	0,49	27,72
409	30.08.2017 07:08:00,000	0,76	27,97
410	30.08.2017 07:08:10,000	1,59	28,03
411	30.08.2017 07:08:20,000	1,98	29,29
412	30.08.2017 07:08:30,000	2,25	30,44
413	30.08.2017 07:08:40,000	2,70	31,98
414	30.08.2017 07:08:50,000	2,86	33,71
415	30.08.2017 07:09:00,000	2,97	35,40
416	30.08.2017 07:09:10,000	3,16	37,39
417	30.08.2017 07:09:20,000	3,38	39,18
418	30.08.2017 07:09:30,000	3,42	41,49
419	30.08.2017 07:09:40,000	3,31	43,89
420	30.08.2017 07:09:50,000	3,23	45,87
421	30.08.2017 07:10:00,000	3,19	48,34
422	30.08.2017 07:10:10,000	2,70	51,54
423	30.08.2017 07:10:20,000	2,36	53,29
424	30.08.2017 07:10:30,000	2,89	55,58
425	30.08.2017 07:10:40,000	2,78	58,67
426	30.08.2017 07:10:50,000	2,28	61,64
427	30.08.2017 07:11:00,000	1,98	64,09
428	30.08.2017 07:11:10,000	1,67	67,00
429	30.08.2017 07:11:20,000	1,59	69,66
430	30.08.2017 07:11:30,000	1,36	72,87
431	30.08.2017 07:11:40,000	1,12	75,84
432	30.08.2017 07:11:50,000	0,80	78,74
433	30.08.2017 07:12:00,000	0,49	81,64
434	30.08.2017 07:12:10,000	0,53	84,18
435	30.08.2017 07:12:20,000	0,20	87,53
436	30.08.2017 07:12:30,000	0,00	90,53
437	30.08.2017 07:12:40,000	0,08	93,33
438	30.08.2017 07:12:50,000	0,20	96,18
439	30.08.2017 07:13:00,000	0,28	99,44
440	30.08.2017 07:13:10,000	-0,16	103,35
441	30.08.2017 07:13:20,000	-0,45	105,82
442	30.08.2017 07:13:30,000	-0,45	108,78
443	30.08.2017 07:13:40,000	-0,20	111,74
444	30.08.2017 07:13:50,000	-0,24	114,89
445	30.08.2017 07:14:00,000	-0,36	117,96
446	30.08.2017 07:14:10,000	-0,57	121,42
447	30.08.2017 07:14:20,000	-0,69	124,72
448	30.08.2017 07:14:30,000	-0,77	128,06
449	30.08.2017 07:14:40,000	-0,86	131,39
450	30.08.2017 07:14:50,000	-0,94	134,73
451	30.08.2017 07:15:00,000	-0,94	138,37
452	30.08.2017 07:15:10,000	-0,94	141,79
453	30.08.2017 07:15:20,000	-0,94	145,20
454	30.08.2017 07:15:30,000	-0,90	148,43
455	30.08.2017 07:15:40,000	-0,90	152,07
456	30.08.2017 07:15:50,000	-0,86	155,53
457	30.08.2017 07:16:00,000	-0,77	159,02
458	30.08.2017 07:16:10,000	-0,69	162,51
459	30.08.2017 07:16:20,000	-0,57	166,27
460	30.08.2017 07:16:30,000	-0,49	169,76
461	30.08.2017 07:16:40,000	-0,40	173,25
462	30.08.2017 07:16:50,000	-0,36	176,93
463	30.08.2017 07:17:00,000	-0,28	180,42
464	30.08.2017 07:17:10,000	-0,20	184,14
465	30.08.2017 07:17:20,000	-0,16	187,59
466	30.08.2017 07:17:30,000	-0,08	191,31
467	30.08.2017 07:17:40,000	0,00	194,57
468	30.08.2017 07:17:50,000	0,00	198,44
469	30.08.2017 07:18:00,000	0,04	201,66
470	30.08.2017 07:18:10,000	0,08	204,89
471	30.08.2017 07:18:20,000	0,08	207,62
472	30.08.2017 07:18:30,000	0,12	209,48
473	30.08.2017 07:18:40,000	0,12	211,75
474	30.08.2017 07:18:50,000	0,12	213,80
475	30.08.2017 07:19:00,000	0,16	215,20
476	30.08.2017 07:19:10,000	0,16	217,02
477	30.08.2017 07:19:20,000	0,16	218,16
478	30.08.2017 07:19:30,000	0,20	219,34
479	30.08.2017 07:19:40,000	0,20	220,25
480	30.08.2017 07:19:50,000	0,20	220,70
481	30.08.2017 07:20:00,000	0,20	221,16
482	30.08.2017 07:20:10,000	0,24	220,97
483	30.08.2017 07:20:20,000	0,24	220,74
484	30.08.2017 07:20:30,000	0,24	220,06
485	30.08.2017 07:20:40,000	0,24	219,37
486	30.08.2017 07:20:50,000	0,20	217,97
487	30.08.2017 07:21:00,000	0,20	216,83
488	30.08.2017 07:21:10,000	0,20	215,47
489	30.08.2017 07:21:20,000	0,20	213,65
490	30.08.2017 07:21:30,000	0,20	212,28
491	30.08.2017 07:21:40,000	0,20	210,69
492	30.08.2017 07:21:50,000	0,16	209,29
493	30.08.2017 07:22:00,000	0,16	207,69
494	30.08.2017 07:22:10,000	0,16	206,33
495	30.08.2017 07:22:20,000	0,16	204,96
496	30.08.2017 07:22:30,000	0,16	203,37
497	30.08.2017 07:22:40,000	0,16	202,00
498	30.08.2017 07:22:50,000	0,16	200,41
499	30.08.2017 07:23:00,000	0,16	199,04
500	30.08.2017 07:23:10,000	0,16	197,68
501	30.08.2017 07:23:20,000	0,16	196,77
502	30.08.2017 07:23:30,000	0,16	195,40
503	30.08.2017 07:23:40,000	0,16	194,04
504	30.08.2017 07:23:50,000	0,12	192,86
505	30.08.2017 07:24:00,000	0,12	191,72
506	30.08.2017 07:24:10,000	0,12	190,81
507	30.08.2017 07:24:20,000	0,12	189,67
508	30.08.2017 07:24:30,000	0,08	188,73
509	30.08.2017 07:24:40,000	0,08	187,81
510	30.08.2017 07:24:50,000	0,08	186,90
511	30.08.2017 07:25:00,000	0,04	185,96
512	30.08.2017 07:25:10,000	0,04	185,27
513	30.08.2017 07:25:20,000	0,00	184,33
514	30.08.2017 07:25:30,000	0,00	183,42
515	30.08.2017 07:25:40,000	0,00	182,73
516	30.08.2017 07:25:50,000	-0,04	181,78
517	30.08.2017 07:26:00,000	-0,04	181,10
518	30.08.2017 07:26:10,000	-0,04	180,42
519	30.08.2017 07:26:20,000	-0,08	179,93
520	30.08.2017 07:26:30,000	-0,08	178,79
521	30.08.2017 07:26:40,000	-0,12	178,30
522	30.08.2017 07:26:50,000	-0,16	177,57
523	30.08.2017 07:27:00,000	-0,16	177,35
524	30.08.2017 07:27:10,000	-0,20	176,63
525	30.08.2017 07:27:20,000	-0,24	175,91
526	30.08.2017 07:27:30,000	-0,24	175,45
527	30.08.2017 07:27:40,000	-0,24	175,00
528	30.08.2017 07:27:50,000	-0,24	174,08
529	30.08.2017 07:28:00,000	-0,24	173,86
530	30.08.2017 07:28:10,000	-0,24	173,17
531	30.08.2017 07:28:20,000	-0,24	172,49
532	30.08.2017 07:28:30,000	-0,24	172,04
533	30.08.2017 07:28:40,000	-0,20	171,62
534	30.08.2017 07:28:50,000	-0,20	170,94
535	30.08.2017 07:29:00,000	-0,24	170,44
536	30.08.2017 07:29:10,000	-0,24	170,21
537	30.08.2017 07:29:20,000	-0,24	169,53
538	30.08.2017 07:29:30,000	-0,28	169,04
539	30.08.2017 07:29:40,000	-0,28	168,58
540	30.08.2017 07:29:50,000	-0,28	167,90
541	30.08.2017 07:30:00,000	-0,32	167,41
542	30.08.2017 07:30:10,000	-0,32	166,72
543	30.08.2017 07:30:20,000	-0,36	166,46
544	30.08.2017 07:30:30,000	-0,36	166,23
545	30.08.2017 07:30:40,000	-0,36	166,00
546	30.08.2017 07:30:50,000	-0,36	165,55
547	30.08.2017 07:31:00,000	-0,36	165,32
548	30.08.2017 07:31:10,000	-0,40	165,28
549	30.08.2017 07:31:20,000	-0,40	164,83
550	30.08.2017 07:31:30,000	-0,40	164,83
551	30.08.2017 07:31:40,000	-0,40	164,60
552	30.08.2017 07:31:50,000	-0,40	164,37
553	30.08.2017 07:32:00,000	-0,40	164,14
554	30.08.2017 07:32:10,000	-0,40	164,37
555	30.08.2017 07:32:20,000	-0,40	164,14
556	30.08.2017 07:32:30,000	-0,40	163,92
557	30.08.2017 07:32:40,000	-0,40	163,92
558	30.08.2017 07:32:50,000	-0,40	163,92
559	30.08.2017 07:33:00,000	-0,40	163,92
560	30.08.2017 07:33:10,000	-0,40	163,92
561	30.08.2017 07:33:20,000	-0,40	164,14
562	30.08.2017 07:33:30,000	-0,40	163,92
563	30.08.2017 07:33:40,000	-0,40	164,14
564	30.08.2017 07:33:50,000	-0,40	163,92
565	30.08.2017 07:34:00,000	-0,40	163,69
566	30.08.2017 07:34:10,000	-0,40	163,92
567	30.08.2017 07:34:20,000	-0,40	163,46
568	30.08.2017 07:34:30,000	-0,40	163,23
569	30.08.2017 07:34:40,000	-0,40	163,46
570	30.08.2017 07:34:50,000	-0,40	163,46
571	30.08.2017 07:35:00,000	-0,40	163,23
572	30.08.2017 07:35:10,000	-0,40	163,01
573	30.08.2017 07:35:20,000	-0,40	162,78
574	30.08.2017 07:35:30,000	-0,40	162,78
575	30.08.2017 07:35:40,000	-0,40	162,55
576	30.08.2017 07:35:50,000	-0,40	162,32
577	30.08.2017 07:36:00,000	-0,40	162,10
578	30.08.2017 07:36:10,000	-0,40	161,87
579	30.08.2017 07:36:20,000	-0,40	161,64
580	30.08.2017 07:36:30,000	-0,40	161,41
581	30.08.2017 07:36:40,000	-0,40	160,73
582	30.08.2017 07:36:50,000	-0,40	160,96
583	30.08.2017 07:37:00,000	-0,40	160,73
584	30.08.2017 07:37:10,000	-0,40	160,27
585	30.08.2017 07:37:20,000	-0,45	160,01
586	30.08.2017 07:37:30,000	-0,45	159,55
587	30.08.2017 07:37:40,000	-0,45	159,55
588	30.08.2017 07:37:50,000	-0,49	159,06
589	30.08.2017 07:38:00,000	-0,49	159,29
590	30.08.2017 07:38:10,000	-0,49	158,83
591	30.08.2017 07:38:20,000	-0,49	158,83
592	30.08.2017 07:38:30,000	-0,49	158,38
593	30.08.2017 07:38:40,000	-0,49	158,38
594	30.08.2017 07:38:50,000	-0,49	157,92
595	30.08.2017 07:39:00,000	-0,49	157,92
596	30.08.2017 07:39:10,000	-0,49	157,69
597	30.08.2017 07:39:20,000	-0,49	157,69
598	30.08.2017 07:39:30,000	-0,49	157,47
599	30.08.2017 07:39:40,000	-0,49	157,47
600	30.08.2017 07:39:50,000	-0,53	157,43
601	30.08.2017 07:40:00,000	-0,57	157,16
602	30.08.2017 07:40:10,000	-0,57	156,93
603	30.08.2017 07:40:20,000	-0,61	156,90
604	30.08.2017 07:40:30,000	-0,61	156,67
605	30.08.2017 07:40:40,000	-0,61	156,44
606	30.08.2017 07:40:50,000	-0,61	155,99
607	30.08.2017 07:41:00,000	-0,61	155,99
608	30.08.2017 07:41:10,000	-0,61	155,76
609	30.08.2017 07:41:20,000	-0,61	155,76
610	30.08.2017 07:41:30,000	-0,65	155,26
611	30.08.2017 07:41:40,000	-0,65	155,26
612	30.08.2017 07:41:50,000	-0,65	154,81
613	30.08.2017 07:42:00,000	-0,65	155,04
614	30.08.2017 07:42:10,000	-0,65	155,04
615	30.08.2017 07:42:20,000	-0,65	155,04
616	30.08.2017 07:42:30,000	-0,65	155,04
617	30.08.2017 07:42:40,000	-0,65	155,26
618	30.08.2017 07:42:50,000	-0,65	155,04
619	30.08.2017 07:43:00,000	-0,61	155,53
620	30.08.2017 07:43:10,000	-0,61	155,76
621	30.08.2017 07:43:20,000	-0,61	155,99
622	30.08.2017 07:43:30,000	-0,61	155,76
623	30.08.2017 07:43:40,000	-0,61	155,76
624	30.08.2017 07:43:50,000	-0,61	155,99
625	30.08.2017 07:44:00,000	-0,61	155,76
626	30.08.2017 07:44:10,000	-0,61	155,76
627	30.08.2017 07:44:20,000	-0,61	155,30
628	30.08.2017 07:44:30,000	-0,61	155,53
629	30.08.2017 07:44:40,000	-0,61	155,30
630	30.08.2017 07:44:50,000	-0,61	154,85
631	30.08.2017 07:45:00,000	-0,61	154,62
632	30.08.2017 07:45:10,000	-0,61	154,39
633	30.08.2017 07:45:20,000	-0,61	154,16
634	30.08.2017 07:45:30,000	-0,61	154,16
635	30.08.2017 07:45:40,000	-0,61	154,16
636	30.08.2017 07:45:50,000	-0,61	153,71
637	30.08.2017 07:46:00,000	-0,61	153,71
638	30.08.2017 07:46:10,000	-0,65	154,13
639	30.08.2017 07:46:20,000	-0,65	153,90
640	30.08.2017 07:46:30,000	-0,65	153,90
641	30.08.2017 07:46:40,000	-0,65	153,67
642	30.08.2017 07:46:50,000	-0,65	152,53
643	30.08.2017 07:47:00,000	-0,69	150,44
644	30.08.2017 07:47:10,000	-0,73	147,90
645	30.08.2017 07:47:20,000	-0,77	144,90
646	30.08.2017 07:47:30,000	-0,90	141,83
647	30.08.2017 07:47:40,000	-0,94	138,37
648	30.08.2017 07:47:50,000	-0,94	134,73
649	30.08.2017 07:48:00,000	-1,06	131,43
650	30.08.2017 07:48:10,000	-1,06	127,33
651	30.08.2017 07:48:20,000	-0,98	123,31
652	30.08.2017 07:48:30,000	-0,90	119,29
653	30.08.2017 07:48:40,000	-0,82	115,49
654	30.08.2017 07:48:50,000	-0,86	111,59
655	30.08.2017 07:49:00,000	-0,86	107,72
656	30.08.2017 07:49:10,000	-0,69	103,77
657	30.08.2017 07:49:20,000	-0,77	100,28
658	30.08.2017 07:49:30,000	-0,86	96,56
659	30.08.2017 07:49:40,000	-0,69	93,07
660	30.08.2017 07:49:50,000	-0,57	89,55
661	30.08.2017 07:50:00,000	-0,49	86,21
662	30.08.2017 07:50:10,000	-0,45	83,06
663	30.08.2017 07:50:20,000	-0,20	79,64
664	30.08.2017 07:50:30,000	-0,04	76,83
665	30.08.2017 07:50:40,000	-0,04	73,88
666	30.08.2017 07:50:50,000	-0,12	71,07
667	30.08.2017 07:51:00,000	0,16	67,69
668	30.08.2017 07:51:10,000	0,20	64,77
669	30.08.2017 07:51:20,000	0,24	61,85
670	30.08.2017 07:51:30,000	0,37	58,77
671	30.08.2017 07:51:40,000	1,00	55,71
672	30.08.2017 07:51:50,000	1,47	52,95
673	30.08.2017 07:52:00,000	1,86	50,11
674	30.08.2017 07:52:10,000	1,63	48,31
675	30.08.2017 07:52:20,000	1,00	45,70
676	30.08.2017 07:52:30,000	0,68	43,14
677	30.08.2017 07:52:40,000	0,61	39,88
678	30.08.2017 07:52:50,000	0,37	37,62
679	30.08.2017 07:53:00,000	0,41	34,24
680	30.08.2017 07:53:10,000	0,41	31,51
681	30.08.2017 07:53:20,000	0,37	29,20
682	30.08.2017 07:53:30,000	0,37	26,93
683	30.08.2017 07:53:40,000	0,12	24,43
684	30.08.2017 07:53:50,000	0,20	21,55
685	30.08.2017 07:54:00,000	0,72	19,07
686	30.08.2017 07:54:10,000	1,78	15,70
687	30.08.2017 07:54:20,000	2,89	13,05
688	30.08.2017 07:54:30,000	3,64	11,67
689	30.08.2017 07:54:40,000	4,16	10,53
690	30.08.2017 07:54:50,000	4,52	9,72
691	30.08.2017 07:55:00,000	4,70	9,65
692	30.08.2017 07:55:10,000	4,88	9,36
693	30.08.2017 07:55:20,000	4,99	9,22
694	30.08.2017 07:55:30,000	5,06	9,74
695	30.08.2017 07:55:40,000	5,10	10,68
696	30.08.2017 07:55:50,000	5,13	11,85
697	30.08.2017 07:56:00,000	5,17	13,47
698	30.08.2017 07:56:10,000	4,74	14,91
699	30.08.2017 07:56:20,000	4,41	16,44
700	30.08.2017 07:56:30,000	3,86	18,00
701	30.08.2017 07:56:40,000	3,23	19,26
702	30.08.2017 07:56:50,000	2,48	20,64
703	30.08.2017 07:57:00,000	1,90	21,72
704	30.08.2017 07:57:10,000	1,63	22,61
705	30.08.2017 07:57:20,000	0,84	23,72
706	30.08.2017 07:57:30,000	0,61	24,19
707	30.08.2017 07:57:40,000	0,37	25,11
708	30.08.2017 07:57:50,000	0,37	26,47
709	30.08.2017 07:58:00,000	0,41	27,87
710	30.08.2017 07:58:10,000	0,49	29,31
711	30.08.2017 07:58:20,000	0,37	30,79
712	30.08.2017 07:58:30,000	0,41	31,74
713	30.08.2017 07:58:40,000	0,28	32,99
714	30.08.2017 07:58:50,000	0,16	33,56
715	30.08.2017 07:59:00,000	0,08	33,72
716	30.08.2017 07:59:10,000	0,04	33,45
717	30.08.2017 07:59:20,000	0,04	33,23
718	30.08.2017 07:59:30,000	0,08	31,67
719	30.08.2017 07:59:40,000	0,20	31,10
720	30.08.2017 07:59:50,000	0,24	29,55
721	30.08.2017 08:00:00,000	0,37	28,06
722	30.08.2017 08:00:10,000	0,32	26,66
723	30.08.2017 08:00:20,000	0,28	25,26
724	30.08.2017 08:00:30,000	0,24	24,09
725	30.08.2017 08:00:40,000	0,12	23,52
726	30.08.2017 08:00:50,000	0,00	23,18
727	30.08.2017 08:01:00,000	-0,04	22,47
728	30.08.2017 08:01:10,000	-0,04	22,01
729	30.08.2017 08:01:20,000	-0,08	21,52
730	30.08.2017 08:01:30,000	0,37	20,79
731	30.08.2017 08:01:40,000	0,57	20,52
732	30.08.2017 08:01:50,000	0,84	19,86
733	30.08.2017 08:02:00,000	0,80	19,82
734	30.08.2017 08:02:10,000	0,88	19,67
735	30.08.2017 08:02:20,000	0,80	19,37
736	30.08.2017 08:02:30,000	0,80	18,46
737	30.08.2017 08:02:40,000	0,80	18,23
738	30.08.2017 08:02:50,000	0,84	17,36
739	30.08.2017 08:03:00,000	1,28	17,07
740	30.08.2017 08:03:10,000	1,04	16,85
741	30.08.2017 08:03:20,000	1,75	14,53
742	30.08.2017 08:03:30,000	1,86	15,55
743	30.08.2017 08:03:40,000	2,63	14,86
744	30.08.2017 08:03:50,000	2,93	14,91
745	30.08.2017 08:04:00,000	2,59	15,28
746	30.08.2017 08:04:10,000	2,55	15,71
747	30.08.2017 08:04:20,000	2,44	16,29
748	30.08.2017 08:04:30,000	2,74	16,56
749	30.08.2017 08:04:40,000	1,86	18,05
750	30.08.2017 08:04:50,000	2,13	17,83
751	30.08.2017 08:05:00,000	2,17	18,32
752	30.08.2017 08:05:10,000	2,05	19,13
753	30.08.2017 08:05:20,000	1,71	20,41
754	30.08.2017 08:05:30,000	1,39	20,81
755	30.08.2017 08:05:40,000	1,20	21,54
756	30.08.2017 08:05:50,000	0,72	22,25
757	30.08.2017 08:06:00,000	0,45	22,68
758	30.08.2017 08:06:10,000	0,28	23,22
759	30.08.2017 08:06:20,000	0,16	23,79
760	30.08.2017 08:06:30,000	0,08	24,40
761	30.08.2017 08:06:40,000	0,00	25,00
762	30.08.2017 08:06:50,000	-0,08	25,84
763	30.08.2017 08:07:00,000	-0,12	26,03
764	30.08.2017 08:07:10,000	-0,12	25,80
765	30.08.2017 08:07:20,000	-0,16	25,76
766	30.08.2017 08:07:30,000	-0,20	25,27
767	30.08.2017 08:07:40,000	-0,20	24,82
768	30.08.2017 08:07:50,000	-0,20	24,36
769	30.08.2017 08:08:00,000	-0,20	23,23
770	30.08.2017 08:08:10,000	-0,16	22,81
771	30.08.2017 08:08:20,000	0,16	21,74
772	30.08.2017 08:08:30,000	0,00	22,50
773	30.08.2017 08:08:40,000	-0,04	22,69
774	30.08.2017 08:08:50,000	-0,08	23,34
775	30.08.2017 08:09:00,000	-0,12	24,21
776	30.08.2017 08:09:10,000	-0,12	25,80
777	30.08.2017 08:09:20,000	-0,16	27,13
778	30.08.2017 08:09:30,000	-0,08	29,02
779	30.08.2017 08:09:40,000	0,20	30,19
780	30.08.2017 08:09:50,000	0,28	32,54
781	30.08.2017 08:10:00,000	0,16	33,79
782	30.08.2017 08:10:10,000	0,04	35,05
783	30.08.2017 08:10:20,000	0,24	35,46
784	30.08.2017 08:10:30,000	0,37	36,93
785	30.08.2017 08:10:40,000	0,37	38,52
786	30.08.2017 08:10:50,000	0,32	39,85
787	30.08.2017 08:11:00,000	0,24	41,14
788	30.08.2017 08:11:10,000	0,24	42,51
789	30.08.2017 08:11:20,000	0,37	42,85
790	30.08.2017 08:11:30,000	0,53	43,90
791	30.08.2017 08:11:40,000	0,64	44,47
792	30.08.2017 08:11:50,000	0,72	45,45
793	30.08.2017 08:12:00,000	0,76	46,17
794	30.08.2017 08:12:10,000	0,76	47,08
795	30.08.2017 08:12:20,000	0,76	47,53
796	30.08.2017 08:12:30,000	0,76	48,21
797	30.08.2017 08:12:40,000	0,76	48,67
798	30.08.2017 08:12:50,000	0,76	49,12
799	30.08.2017 08:13:00,000	0,84	49,20
800	30.08.2017 08:13:10,000	0,84	49,20
801	30.08.2017 08:13:20,000	0,84	48,74
802	30.08.2017 08:13:30,000	0,88	49,23
803	30.08.2017 08:13:40,000	0,84	49,42
804	30.08.2017 08:13:50,000	0,84	49,42
805	30.08.2017 08:14:00,000	0,88	49,69
806	30.08.2017 08:14:10,000	0,96	49,99
807	30.08.2017 08:14:20,000	1,00	50,25
808	30.08.2017 08:14:30,000	1,00	50,25
809	30.08.2017 08:14:40,000	1,04	50,51
810	30.08.2017 08:14:50,000	1,08	50,55
811	30.08.2017 08:15:00,000	1,12	50,36
812	30.08.2017 08:15:10,000	1,12	50,81
813	30.08.2017 08:15:20,000	1,12	50,58
814	30.08.2017 08:15:30,000	1,08	50,32
815	30.08.2017 08:15:40,000	1,08	50,32
816	30.08.2017 08:15:50,000	1,08	50,32
817	30.08.2017 08:16:00,000	1,08	50,32
818	30.08.2017 08:16:10,000	1,04	50,74
819	30.08.2017 08:16:20,000	1,04	50,74
820	30.08.2017 08:16:30,000	1,04	50,74
821	30.08.2017 08:16:40,000	1,04	50,51
822	30.08.2017 08:16:50,000	1,00	50,70
823	30.08.2017 08:17:00,000	1,00	50,70
824	30.08.2017 08:17:10,000	1,00	50,70
825	30.08.2017 08:17:20,000	1,00	50,93
826	30.08.2017 08:17:30,000	1,00	50,93
827	30.08.2017 08:17:40,000	0,96	50,67
828	30.08.2017 08:17:50,000	0,96	50,67
829	30.08.2017 08:18:00,000	0,96	51,35
830	30.08.2017 08:18:10,000	0,92	50,86
831	30.08.2017 08:18:20,000	0,92	51,32
832	30.08.2017 08:18:30,000	0,92	51,32
833	30.08.2017 08:18:40,000	0,92	51,32
834	30.08.2017 08:18:50,000	0,92	51,54
835	30.08.2017 08:19:00,000	0,92	51,54
836	30.08.2017 08:19:10,000	0,92	51,54
837	30.08.2017 08:19:20,000	0,92	51,32
838	30.08.2017 08:19:30,000	0,88	51,28
839	30.08.2017 08:19:40,000	0,88	51,73
840	30.08.2017 08:19:50,000	0,88	51,96
841	30.08.2017 08:20:00,000	0,88	51,96
842	30.08.2017 08:20:10,000	0,88	52,19
843	30.08.2017 08:20:20,000	0,88	52,19
844	30.08.2017 08:20:30,000	0,88	52,19
845	30.08.2017 08:20:40,000	0,88	52,64
846	30.08.2017 08:20:50,000	0,88	52,42
847	30.08.2017 08:21:00,000	0,92	52,45
848	30.08.2017 08:21:10,000	0,92	52,23
849	30.08.2017 08:21:20,000	0,92	52,23
850	30.08.2017 08:21:30,000	0,96	52,49
851	30.08.2017 08:21:40,000	0,96	52,26
852	30.08.2017 08:21:50,000	1,00	52,52
853	30.08.2017 08:22:00,000	1,00	52,07
854	30.08.2017 08:22:10,000	1,00	52,07
855	30.08.2017 08:22:20,000	1,00	52,07
856	30.08.2017 08:22:30,000	1,00	51,84
857	30.08.2017 08:22:40,000	1,00	52,07
858	30.08.2017 08:22:50,000	1,00	51,84
859	30.08.2017 08:23:00,000	1,00	51,61
860	30.08.2017 08:23:10,000	1,00	51,61
861	30.08.2017 08:23:20,000	1,00	51,61
862	30.08.2017 08:23:30,000	0,96	51,58
863	30.08.2017 08:23:40,000	0,96	51,35
864	30.08.2017 08:23:50,000	0,92	51,32
865	30.08.2017 08:24:00,000	0,92	50,86
866	30.08.2017 08:24:10,000	0,92	50,18
867	30.08.2017 08:24:20,000	0,88	48,55
868	30.08.2017 08:24:30,000	0,92	46,08
869	30.08.2017 08:24:40,000	0,76	43,66
870	30.08.2017 08:24:50,000	0,61	42,84
871	30.08.2017 08:25:00,000	0,57	42,12
872	30.08.2017 08:25:10,000	0,64	41,28
873	30.08.2017 08:25:20,000	0,68	40,86
874	30.08.2017 08:25:30,000	0,72	40,67
875	30.08.2017 08:25:40,000	0,72	39,99
876	30.08.2017 08:25:50,000	0,72	39,31
877	30.08.2017 08:26:00,000	0,68	39,04
878	30.08.2017 08:26:10,000	0,68	38,82
879	30.08.2017 08:26:20,000	0,68	38,36
880	30.08.2017 08:26:30,000	0,68	37,00
881	30.08.2017 08:26:40,000	0,68	34,72
882	30.08.2017 08:26:50,000	0,61	32,60
883	30.08.2017 08:27:00,000	0,57	30,07
884	30.08.2017 08:27:10,000	0,53	26,39
885	30.08.2017 08:27:20,000	0,45	23,59
886	30.08.2017 08:27:30,000	0,57	20,52
887	30.08.2017 08:27:40,000	1,00	16,59
888	30.08.2017 08:27:50,000	1,20	12,91
889	30.08.2017 08:28:00,000	1,94	9,02
890	30.08.2017 08:28:10,000	2,97	5,39
891	30.08.2017 08:28:20,000	3,34	2,95
892	30.08.2017 08:28:30,000	3,90	0,00
893	30.08.2017 08:28:40,000	4,16	0,00
894	30.08.2017 08:28:50,000	4,34	0,00
895	30.08.2017 08:29:00,000	4,41	0,00
896	30.08.2017 08:29:10,000	4,48	0,00
897	30.08.2017 08:29:20,000	4,52	0,00
898	30.08.2017 08:29:30,000	4,52	0,00
899	30.08.2017 08:29:40,000	4,52	0,00
900	30.08.2017 08:29:50,000	4,52	0,00
901	30.08.2017 08:30:00,000	4,52	0,00
902	30.08.2017 08:30:10,000	4,48	0,00
903	30.08.2017 08:30:20,000	4,48	0,00
904	30.08.2017 08:30:30,000	4,48	0,00
905	30.08.2017 08:30:40,000	4,48	0,00
906	30.08.2017 08:30:50,000	4,48	0,00
907	30.08.2017 08:31:00,000	4,48	0,00
908	30.08.2017 08:31:10,000	4,48	0,00
909	30.08.2017 08:31:20,000	4,48	0,00
910	30.08.2017 08:31:30,000	4,48	0,00
911	30.08.2017 08:31:40,000	4,52	0,00
912	30.08.2017 08:31:50,000	4,52	0,00
913	30.08.2017 08:32:00,000	4,56	0,00
914	30.08.2017 08:32:10,000	4,56	0,00
915	30.08.2017 08:32:20,000	4,56	0,00
916	30.08.2017 08:32:30,000	4,59	0,00
917	30.08.2017 08:32:40,000	4,63	0,00
918	30.08.2017 08:32:50,000	4,63	0,00
919	30.08.2017 08:33:00,000	4,63	0,00
920	30.08.2017 08:33:10,000	4,67	0,00
921	30.08.2017 08:33:20,000	4,67	0,00
922	30.08.2017 08:33:30,000	4,67	0,00
923	30.08.2017 08:33:40,000	4,70	0,00
924	30.08.2017 08:33:50,000	4,74	0,00
925	30.08.2017 08:34:00,000	4,74	0,00
926	30.08.2017 08:34:10,000	4,77	0,00
927	30.08.2017 08:34:20,000	4,77	0,00
928	30.08.2017 08:34:30,000	4,77	0,00
929	30.08.2017 08:34:40,000	4,81	0,00
930	30.08.2017 08:34:50,000	4,81	0,00
931	30.08.2017 08:35:00,000	4,85	0,00
932	30.08.2017 08:35:10,000	4,85	0,00
933	30.08.2017 08:35:20,000	4,85	0,00
934	30.08.2017 08:35:30,000	4,88	0,00
935	30.08.2017 08:35:40,000	4,88	0,00
936	30.08.2017 08:35:50,000	4,92	0,00
937	30.08.2017 08:36:00,000	4,92	0,00
938	30.08.2017 08:36:10,000	4,92	0,00
939	30.08.2017 08:36:20,000	4,96	0,00
940	30.08.2017 08:36:30,000	4,96	0,00
941	30.08.2017 08:36:40,000	4,99	0,00
942	30.08.2017 08:36:50,000	4,99	0,00
943	30.08.2017 08:37:00,000	4,99	0,00
944	30.08.2017 08:37:10,000	5,03	0,00
945	30.08.2017 08:37:20,000	5,03	0,00
946	30.08.2017 08:37:30,000	5,03	0,00
947	30.08.2017 08:37:40,000	5,06	0,00
948	30.08.2017 08:37:50,000	5,06	0,00
949	30.08.2017 08:38:00,000	5,06	0,00
950	30.08.2017 08:38:10,000	5,10	0,00
951	30.08.2017 08:38:20,000	5,10	0,00
952	30.08.2017 08:38:30,000	5,10	0,00
953	30.08.2017 08:38:40,000	5,13	0,00
954	30.08.2017 08:38:50,000	5,13	0,00
955	30.08.2017 08:39:00,000	5,13	0,00
956	30.08.2017 08:39:10,000	5,17	0,00
957	30.08.2017 08:39:20,000	5,17	0,00
958	30.08.2017 08:39:30,000	5,17	0,00
959	30.08.2017 08:39:40,000	5,17	0,00
960	30.08.2017 08:39:50,000	5,21	0,00
961	30.08.2017 08:40:00,000	5,21	0,00
962	30.08.2017 08:40:10,000	5,24	0,00
963	30.08.2017 08:40:20,000	5,24	0,00
964	30.08.2017 08:40:30,000	5,28	0,00
965	30.08.2017 08:40:40,000	5,28	0,00
966	30.08.2017 08:40:50,000	5,31	0,00
967	30.08.2017 08:41:00,000	5,31	0,00
968	30.08.2017 08:41:10,000	5,35	0,00
969	30.08.2017 08:41:20,000	5,38	0,00
970	30.08.2017 08:41:30,000	5,42	0,00
971	30.08.2017 08:41:40,000	5,49	0,00
972	30.08.2017 08:41:50,000	5,53	0,00
973	30.08.2017 08:42:00,000	5,56	0,00
974	30.08.2017 08:42:10,000	5,63	0,00
975	30.08.2017 08:42:20,000	5,67	0,00
976	30.08.2017 08:42:30,000	5,70	0,00
977	30.08.2017 08:42:40,000	5,78	0,00
978	30.08.2017 08:42:50,000	5,81	0,00
979	30.08.2017 08:43:00,000	5,88	0,00
980	30.08.2017 08:43:10,000	5,95	0,00
981	30.08.2017 08:43:20,000	6,02	0,00
982	30.08.2017 08:43:30,000	6,09	0,00
983	30.08.2017 08:43:40,000	6,16	0,00
984	30.08.2017 08:43:50,000	6,27	0,00
985	30.08.2017 08:44:00,000	6,34	0,00
986	30.08.2017 08:44:10,000	6,41	0,00
987	30.08.2017 08:44:20,000	6,48	0,00
988	30.08.2017 08:44:30,000	6,55	0,00
989	30.08.2017 08:44:40,000	6,62	0,00
990	30.08.2017 08:44:50,000	6,72	0,00
991	30.08.2017 08:45:00,000	6,79	0,00
992	30.08.2017 08:45:10,000	6,86	0,00
993	30.08.2017 08:45:20,000	6,93	0,00
994	30.08.2017 08:45:30,000	7,00	0,00
995	30.08.2017 08:45:40,000	7,06	0,00
996	30.08.2017 08:45:50,000	7,13	0,00
997	30.08.2017 08:46:00,000	7,20	0,00
998	30.08.2017 08:46:10,000	7,27	0,00
999	30.08.2017 08:46:20,000	7,34	0,00
1000	30.08.2017 08:46:30,000	7,41	0,00
1001	30.08.2017 08:46:40,000	7,48	0,00
1002	30.08.2017 08:46:50,000	7,54	0,00
1003	30.08.2017 08:47:00,000	7,61	0,00
1004	30.08.2017 08:47:10,000	7,68	0,00
1005	30.08.2017 08:47:20,000	7,75	0,00
1006	30.08.2017 08:47:30,000	7,82	0,00
1007	30.08.2017 08:47:40,000	7,85	0,00
1008	30.08.2017 08:47:50,000	7,92	0,00
1009	30.08.2017 08:48:00,000	7,99	0,00
1010	30.08.2017 08:48:10,000	8,05	0,00
1011	30.08.2017 08:48:20,000	8,09	0,00
1012	30.08.2017 08:48:30,000	8,15	0,00
1013	30.08.2017 08:48:40,000	8,22	0,00
1014	30.08.2017 08:48:50,000	8,25	0,00
1015	30.08.2017 08:49:00,000	8,32	0,00
1016	30.08.2017 08:49:10,000	8,39	0,00
1017	30.08.2017 08:49:20,000	8,46	0,00
1018	30.08.2017 08:49:30,000	8,49	0,00
1019	30.08.2017 08:49:40,000	8,52	0,00
1020	30.08.2017 08:49:50,000	8,59	0,00
1021	30.08.2017 08:50:00,000	8,62	0,00
1022	30.08.2017 08:50:10,000	8,69	0,00
1023	30.08.2017 08:50:20,000	8,76	0,00
1024	30.08.2017 08:50:30,000	8,79	0,00
1025	30.08.2017 08:50:40,000	8,86	0,00
1026	30.08.2017 08:50:50,000	8,89	0,00
1027	30.08.2017 08:51:00,000	8,92	0,00
1028	30.08.2017 08:51:10,000	8,99	0,00
1029	30.08.2017 08:51:20,000	9,02	0,00
1030	30.08.2017 08:51:30,000	9,05	0,00
1031	30.08.2017 08:51:40,000	9,12	0,00
1032	30.08.2017 08:51:50,000	9,15	0,00
1033	30.08.2017 08:52:00,000	9,19	0,00
1034	30.08.2017 08:52:10,000	9,25	0,00
1035	30.08.2017 08:52:20,000	9,55	0,00
1036	30.08.2017 08:52:30,000	10,33	0,00
1037	30.08.2017 08:52:40,000	10,69	0,00
1038	30.08.2017 08:52:50,000	11,80	0,00
1039	30.08.2017 08:53:00,000	15,44	0,00
