#B	Created:	03.09.2017 23:54:12
##	Version	SeaStar	7.49
#5	Field separation:	0
#2	Date & Time:	1
#6	Decimal point:	,
#7	Date def.:	dd.mm.yyyy	.
#8	Time def.:	:
##	Axis	0	Temperature(°C)	clRed	FALSE
##	Axis	1	Depth(m)	clBlue	TRUE
##	Series	0	Temp(°C)	clRed	0	Temp(°C)	2
##	Series	1	Depth(m)	clBlue	1	Depth(m)	2
##	Recorder	10	DST centi	8762
##	Chart	10C8762DAT	
#D	Data:	1041	03.09.2017 21:00:00	03.09.2017 23:53:20
1	03.09.2017 21:00:00,000	20,88	0,86
2	03.09.2017 21:00:10,000	20,88	0,86
3	03.09.2017 21:00:20,000	20,88	0,86
4	03.09.2017 21:00:30,000	20,88	1,10
5	03.09.2017 21:00:40,000	20,88	1,10
6	03.09.2017 21:00:50,000	20,88	0,86
7	03.09.2017 21:01:00,000	20,88	0,86
8	03.09.2017 21:01:10,000	20,88	1,10
9	03.09.2017 21:01:20,000	20,88	0,86
10	03.09.2017 21:01:30,000	20,88	0,86
11	03.09.2017 21:01:40,000	20,88	0,86
12	03.09.2017 21:01:50,000	20,88	0,86
13	03.09.2017 21:02:00,000	20,88	0,86
14	03.09.2017 21:02:10,000	20,88	1,10
15	03.09.2017 21:02:20,000	20,88	0,86
16	03.09.2017 21:02:30,000	20,88	0,86
17	03.09.2017 21:02:40,000	20,88	1,10
18	03.09.2017 21:02:50,000	20,88	0,86
19	03.09.2017 21:03:00,000	20,88	0,86
20	03.09.2017 21:03:10,000	20,88	1,10
21	03.09.2017 21:03:20,000	20,88	0,86
22	03.09.2017 21:03:30,000	20,88	0,86
23	03.09.2017 21:03:40,000	20,88	0,86
24	03.09.2017 21:03:50,000	20,85	1,07
25	03.09.2017 21:04:00,000	20,06	5,66
26	03.09.2017 21:04:10,000	13,40	15,69
27	03.09.2017 21:04:20,000	11,04	16,41
28	03.09.2017 21:04:30,000	9,73	15,75
29	03.09.2017 21:04:40,000	8,89	15,44
30	03.09.2017 21:04:50,000	8,25	16,57
31	03.09.2017 21:05:00,000	7,73	18,34
32	03.09.2017 21:05:10,000	7,11	20,46
33	03.09.2017 21:05:20,000	6,47	22,32
34	03.09.2017 21:05:30,000	5,94	23,83
35	03.09.2017 21:05:40,000	5,25	25,39
36	03.09.2017 21:05:50,000	4,26	25,13
37	03.09.2017 21:06:00,000	4,30	23,25
38	03.09.2017 21:06:10,000	4,19	23,59
39	03.09.2017 21:06:20,000	3,70	23,95
40	03.09.2017 21:06:30,000	3,81	22,89
41	03.09.2017 21:06:40,000	3,85	22,45
42	03.09.2017 21:06:50,000	3,74	23,52
43	03.09.2017 21:07:00,000	3,32	25,18
44	03.09.2017 21:07:10,000	2,94	26,64
45	03.09.2017 21:07:20,000	2,32	27,81
46	03.09.2017 21:07:30,000	1,89	27,76
47	03.09.2017 21:07:40,000	1,69	27,28
48	03.09.2017 21:07:50,000	1,65	26,75
49	03.09.2017 21:08:00,000	1,65	26,03
50	03.09.2017 21:08:10,000	1,69	25,60
51	03.09.2017 21:08:20,000	1,89	25,35
52	03.09.2017 21:08:30,000	1,97	24,97
53	03.09.2017 21:08:40,000	2,01	25,02
54	03.09.2017 21:08:50,000	2,01	25,02
55	03.09.2017 21:09:00,000	2,01	25,02
56	03.09.2017 21:09:10,000	2,05	24,82
57	03.09.2017 21:09:20,000	2,13	25,16
58	03.09.2017 21:09:30,000	2,16	24,97
59	03.09.2017 21:09:40,000	2,16	25,45
60	03.09.2017 21:09:50,000	2,13	25,88
61	03.09.2017 21:10:00,000	2,05	26,75
62	03.09.2017 21:10:10,000	1,81	28,15
63	03.09.2017 21:10:20,000	1,46	29,64
64	03.09.2017 21:10:30,000	1,42	30,56
65	03.09.2017 21:10:40,000	1,22	32,01
66	03.09.2017 21:10:50,000	1,06	33,50
67	03.09.2017 21:11:00,000	0,81	34,17
68	03.09.2017 21:11:10,000	0,57	34,84
69	03.09.2017 21:11:20,000	0,41	35,13
70	03.09.2017 21:11:30,000	0,29	35,46
71	03.09.2017 21:11:40,000	0,20	35,36
72	03.09.2017 21:11:50,000	0,20	35,36
73	03.09.2017 21:12:00,000	0,16	35,32
74	03.09.2017 21:12:10,000	0,12	35,27
75	03.09.2017 21:12:20,000	0,12	35,27
76	03.09.2017 21:12:30,000	0,08	34,98
77	03.09.2017 21:12:40,000	0,08	34,73
78	03.09.2017 21:12:50,000	0,12	34,30
79	03.09.2017 21:13:00,000	0,16	33,63
80	03.09.2017 21:13:10,000	0,16	33,15
81	03.09.2017 21:13:20,000	0,25	32,52
82	03.09.2017 21:13:30,000	0,25	31,56
83	03.09.2017 21:13:40,000	0,49	30,65
84	03.09.2017 21:13:50,000	0,65	29,88
85	03.09.2017 21:14:00,000	0,73	29,49
86	03.09.2017 21:14:10,000	0,53	29,01
87	03.09.2017 21:14:20,000	0,49	29,20
88	03.09.2017 21:14:30,000	0,57	29,30
89	03.09.2017 21:14:40,000	0,73	29,49
90	03.09.2017 21:14:50,000	0,61	29,59
91	03.09.2017 21:15:00,000	0,57	29,06
92	03.09.2017 21:15:10,000	0,57	29,06
93	03.09.2017 21:15:20,000	0,57	28,82
94	03.09.2017 21:15:30,000	0,57	28,57
95	03.09.2017 21:15:40,000	0,61	28,62
96	03.09.2017 21:15:50,000	0,65	28,19
97	03.09.2017 21:16:00,000	1,02	27,42
98	03.09.2017 21:16:10,000	1,26	27,72
99	03.09.2017 21:16:20,000	1,34	27,81
100	03.09.2017 21:16:30,000	1,38	27,86
101	03.09.2017 21:16:40,000	1,46	27,72
102	03.09.2017 21:16:50,000	1,57	27,38
103	03.09.2017 21:17:00,000	1,61	27,19
104	03.09.2017 21:17:10,000	0,98	27,14
105	03.09.2017 21:17:20,000	0,77	26,17
106	03.09.2017 21:17:30,000	0,61	25,97
107	03.09.2017 21:17:40,000	0,37	25,44
108	03.09.2017 21:17:50,000	0,16	25,43
109	03.09.2017 21:18:00,000	0,04	25,04
110	03.09.2017 21:18:10,000	-0,04	24,95
111	03.09.2017 21:18:20,000	-0,12	24,85
112	03.09.2017 21:18:30,000	-0,12	24,85
113	03.09.2017 21:18:40,000	-0,12	24,85
114	03.09.2017 21:18:50,000	-0,08	24,66
115	03.09.2017 21:19:00,000	0,00	24,75
116	03.09.2017 21:19:10,000	0,20	24,76
117	03.09.2017 21:19:20,000	0,33	24,91
118	03.09.2017 21:19:30,000	0,41	25,01
119	03.09.2017 21:19:40,000	0,45	25,30
120	03.09.2017 21:19:50,000	0,49	25,10
121	03.09.2017 21:20:00,000	0,53	25,63
122	03.09.2017 21:20:10,000	0,53	26,36
123	03.09.2017 21:20:20,000	0,61	27,18
124	03.09.2017 21:20:30,000	0,65	28,43
125	03.09.2017 21:20:40,000	1,02	29,83
126	03.09.2017 21:20:50,000	0,81	31,52
127	03.09.2017 21:21:00,000	0,81	33,45
128	03.09.2017 21:21:10,000	0,69	34,02
129	03.09.2017 21:21:20,000	0,69	34,02
130	03.09.2017 21:21:30,000	0,73	33,11
131	03.09.2017 21:21:40,000	0,81	32,48
132	03.09.2017 21:21:50,000	0,81	32,24
133	03.09.2017 21:22:00,000	0,86	32,29
134	03.09.2017 21:22:10,000	0,86	32,53
135	03.09.2017 21:22:20,000	0,86	32,53
136	03.09.2017 21:22:30,000	0,86	32,53
137	03.09.2017 21:22:40,000	0,86	32,53
138	03.09.2017 21:22:50,000	0,86	33,01
139	03.09.2017 21:23:00,000	0,86	33,74
140	03.09.2017 21:23:10,000	0,77	34,60
141	03.09.2017 21:23:20,000	0,61	35,13
142	03.09.2017 21:23:30,000	0,53	35,76
143	03.09.2017 21:23:40,000	0,65	35,90
144	03.09.2017 21:23:50,000	0,69	36,68
145	03.09.2017 21:24:00,000	0,90	37,40
146	03.09.2017 21:24:10,000	1,02	38,27
147	03.09.2017 21:24:20,000	1,02	39,24
148	03.09.2017 21:24:30,000	1,06	39,77
149	03.09.2017 21:24:40,000	1,22	40,69
150	03.09.2017 21:24:50,000	1,34	41,31
151	03.09.2017 21:25:00,000	1,50	42,47
152	03.09.2017 21:25:10,000	1,54	43,24
153	03.09.2017 21:25:20,000	1,77	44,01
154	03.09.2017 21:25:30,000	1,77	44,74
155	03.09.2017 21:25:40,000	1,73	45,90
156	03.09.2017 21:25:50,000	1,54	47,10
157	03.09.2017 21:26:00,000	1,42	47,92
158	03.09.2017 21:26:10,000	1,61	48,16
159	03.09.2017 21:26:20,000	1,93	48,79
160	03.09.2017 21:26:30,000	2,13	49,75
161	03.09.2017 21:26:40,000	2,13	50,96
162	03.09.2017 21:26:50,000	2,16	51,97
163	03.09.2017 21:27:00,000	2,09	53,08
164	03.09.2017 21:27:10,000	2,01	53,95
165	03.09.2017 21:27:20,000	1,89	54,77
166	03.09.2017 21:27:30,000	1,69	55,98
167	03.09.2017 21:27:40,000	1,42	57,09
168	03.09.2017 21:27:50,000	1,22	57,82
169	03.09.2017 21:28:00,000	1,22	58,06
170	03.09.2017 21:28:10,000	1,14	59,17
171	03.09.2017 21:28:20,000	1,02	59,74
172	03.09.2017 21:28:30,000	0,94	60,61
173	03.09.2017 21:28:40,000	0,69	61,53
174	03.09.2017 21:28:50,000	0,61	62,15
175	03.09.2017 21:29:00,000	0,53	62,78
176	03.09.2017 21:29:10,000	0,45	63,41
177	03.09.2017 21:29:20,000	0,37	64,27
178	03.09.2017 21:29:30,000	0,29	64,90
179	03.09.2017 21:29:40,000	0,20	65,77
180	03.09.2017 21:29:50,000	0,12	66,39
181	03.09.2017 21:30:00,000	0,04	67,26
182	03.09.2017 21:30:10,000	-0,12	67,78
183	03.09.2017 21:30:20,000	-0,21	68,41
184	03.09.2017 21:30:30,000	-0,21	69,13
185	03.09.2017 21:30:40,000	-0,12	69,72
186	03.09.2017 21:30:50,000	-0,12	70,44
187	03.09.2017 21:31:00,000	-0,12	71,17
188	03.09.2017 21:31:10,000	-0,21	72,03
189	03.09.2017 21:31:20,000	-0,25	72,47
190	03.09.2017 21:31:30,000	-0,29	73,38
191	03.09.2017 21:31:40,000	-0,29	74,11
192	03.09.2017 21:31:50,000	-0,29	74,83
193	03.09.2017 21:32:00,000	-0,33	75,51
194	03.09.2017 21:32:10,000	-0,33	76,47
195	03.09.2017 21:32:20,000	-0,37	77,39
196	03.09.2017 21:32:30,000	-0,46	78,01
197	03.09.2017 21:32:40,000	-0,46	78,98
198	03.09.2017 21:32:50,000	-0,50	79,90
199	03.09.2017 21:33:00,000	-0,54	81,06
200	03.09.2017 21:33:10,000	-0,54	82,26
201	03.09.2017 21:33:20,000	-0,58	83,42
202	03.09.2017 21:33:30,000	-0,58	84,63
203	03.09.2017 21:33:40,000	-0,54	86,13
204	03.09.2017 21:33:50,000	-0,58	87,53
205	03.09.2017 21:34:00,000	-0,88	89,35
206	03.09.2017 21:34:10,000	-0,88	90,56
207	03.09.2017 21:34:20,000	-0,67	91,78
208	03.09.2017 21:34:30,000	-0,67	93,47
209	03.09.2017 21:34:40,000	-0,67	94,68
210	03.09.2017 21:34:50,000	-0,67	96,13
211	03.09.2017 21:35:00,000	-0,71	97,53
212	03.09.2017 21:35:10,000	-0,96	99,16
213	03.09.2017 21:35:20,000	-1,09	100,71
214	03.09.2017 21:35:30,000	-1,09	101,67
215	03.09.2017 21:35:40,000	-1,09	102,88
216	03.09.2017 21:35:50,000	-1,04	104,38
217	03.09.2017 21:36:00,000	-1,04	105,83
218	03.09.2017 21:36:10,000	-1,04	107,04
219	03.09.2017 21:36:20,000	-1,09	108,44
220	03.09.2017 21:36:30,000	-1,09	109,65
221	03.09.2017 21:36:40,000	-1,13	111,54
222	03.09.2017 21:36:50,000	-1,13	112,99
223	03.09.2017 21:37:00,000	-1,17	114,39
224	03.09.2017 21:37:10,000	-1,17	116,08
225	03.09.2017 21:37:20,000	-1,17	117,53
226	03.09.2017 21:37:30,000	-1,17	119,23
227	03.09.2017 21:37:40,000	-1,17	120,68
228	03.09.2017 21:37:50,000	-1,21	122,08
229	03.09.2017 21:38:00,000	-1,17	123,82
230	03.09.2017 21:38:10,000	-1,21	125,22
231	03.09.2017 21:38:20,000	-1,21	126,92
232	03.09.2017 21:38:30,000	-1,17	128,66
233	03.09.2017 21:38:40,000	-1,17	130,60
234	03.09.2017 21:38:50,000	-1,13	132,58
235	03.09.2017 21:39:00,000	-1,13	134,52
236	03.09.2017 21:39:10,000	-1,09	136,50
237	03.09.2017 21:39:20,000	-1,04	138,01
238	03.09.2017 21:39:30,000	-1,00	139,51
239	03.09.2017 21:39:40,000	-0,96	140,77
240	03.09.2017 21:39:50,000	-0,92	142,27
241	03.09.2017 21:40:00,000	-0,92	143,00
242	03.09.2017 21:40:10,000	-0,92	144,21
243	03.09.2017 21:40:20,000	-0,88	145,22
244	03.09.2017 21:40:30,000	-0,88	146,68
245	03.09.2017 21:40:40,000	-0,83	148,18
246	03.09.2017 21:40:50,000	-0,79	149,92
247	03.09.2017 21:41:00,000	-0,79	151,86
248	03.09.2017 21:41:10,000	-0,75	153,60
249	03.09.2017 21:41:20,000	-0,71	155,83
250	03.09.2017 21:41:30,000	-0,67	158,06
251	03.09.2017 21:41:40,000	-0,62	160,29
252	03.09.2017 21:41:50,000	-0,62	162,47
253	03.09.2017 21:42:00,000	-0,58	164,70
254	03.09.2017 21:42:10,000	-0,58	167,12
255	03.09.2017 21:42:20,000	-0,54	169,35
256	03.09.2017 21:42:30,000	-0,50	171,58
257	03.09.2017 21:42:40,000	-0,46	173,56
258	03.09.2017 21:42:50,000	-0,37	176,08
259	03.09.2017 21:43:00,000	-0,33	178,31
260	03.09.2017 21:43:10,000	-0,29	180,54
261	03.09.2017 21:43:20,000	-0,25	182,29
262	03.09.2017 21:43:30,000	-0,25	183,98
263	03.09.2017 21:43:40,000	-0,21	185,24
264	03.09.2017 21:43:50,000	-0,17	186,75
265	03.09.2017 21:44:00,000	-0,17	188,20
266	03.09.2017 21:44:10,000	-0,12	189,70
267	03.09.2017 21:44:20,000	-0,08	191,69
268	03.09.2017 21:44:30,000	-0,04	193,19
269	03.09.2017 21:44:40,000	0,00	195,18
270	03.09.2017 21:44:50,000	0,00	197,11
271	03.09.2017 21:45:00,000	0,04	199,34
272	03.09.2017 21:45:10,000	0,04	201,28
273	03.09.2017 21:45:20,000	0,08	203,27
274	03.09.2017 21:45:30,000	0,12	205,50
275	03.09.2017 21:45:40,000	0,12	207,68
276	03.09.2017 21:45:50,000	0,16	209,66
277	03.09.2017 21:46:00,000	0,16	211,84
278	03.09.2017 21:46:10,000	0,20	214,07
279	03.09.2017 21:46:20,000	0,20	216,25
280	03.09.2017 21:46:30,000	0,20	218,43
281	03.09.2017 21:46:40,000	0,20	220,61
282	03.09.2017 21:46:50,000	0,25	223,08
283	03.09.2017 21:47:00,000	0,25	224,78
284	03.09.2017 21:47:10,000	0,25	226,96
285	03.09.2017 21:47:20,000	0,25	229,14
286	03.09.2017 21:47:30,000	0,25	231,56
287	03.09.2017 21:47:40,000	0,25	233,74
288	03.09.2017 21:47:50,000	0,25	235,92
289	03.09.2017 21:48:00,000	0,29	238,15
290	03.09.2017 21:48:10,000	0,29	240,33
291	03.09.2017 21:48:20,000	0,29	242,51
292	03.09.2017 21:48:30,000	0,29	244,69
293	03.09.2017 21:48:40,000	0,29	247,35
294	03.09.2017 21:48:50,000	0,29	249,29
295	03.09.2017 21:49:00,000	0,29	251,71
296	03.09.2017 21:49:10,000	0,33	254,18
297	03.09.2017 21:49:20,000	0,33	256,36
298	03.09.2017 21:49:30,000	0,33	259,02
299	03.09.2017 21:49:40,000	0,33	260,96
300	03.09.2017 21:49:50,000	0,33	263,38
301	03.09.2017 21:50:00,000	0,33	266,05
302	03.09.2017 21:50:10,000	0,33	268,47
303	03.09.2017 21:50:20,000	0,33	271,13
304	03.09.2017 21:50:30,000	0,33	273,07
305	03.09.2017 21:50:40,000	0,33	275,73
306	03.09.2017 21:50:50,000	0,33	277,91
307	03.09.2017 21:51:00,000	0,33	280,57
308	03.09.2017 21:51:10,000	0,33	282,51
309	03.09.2017 21:51:20,000	0,33	284,93
310	03.09.2017 21:51:30,000	0,33	286,87
311	03.09.2017 21:51:40,000	0,33	289,05
312	03.09.2017 21:51:50,000	0,33	290,74
313	03.09.2017 21:52:00,000	0,37	292,73
314	03.09.2017 21:52:10,000	0,37	294,67
315	03.09.2017 21:52:20,000	0,37	296,60
316	03.09.2017 21:52:30,000	0,37	298,30
317	03.09.2017 21:52:40,000	0,37	300,23
318	03.09.2017 21:52:50,000	0,37	301,69
319	03.09.2017 21:53:00,000	0,37	303,38
320	03.09.2017 21:53:10,000	0,37	305,07
321	03.09.2017 21:53:20,000	0,37	306,53
322	03.09.2017 21:53:30,000	0,37	307,98
323	03.09.2017 21:53:40,000	0,37	309,67
324	03.09.2017 21:53:50,000	0,37	311,13
325	03.09.2017 21:54:00,000	0,37	312,58
326	03.09.2017 21:54:10,000	0,37	313,30
327	03.09.2017 21:54:20,000	0,37	313,55
328	03.09.2017 21:54:30,000	0,37	313,79
329	03.09.2017 21:54:40,000	0,37	313,55
330	03.09.2017 21:54:50,000	0,37	314,03
331	03.09.2017 21:55:00,000	0,37	314,03
332	03.09.2017 21:55:10,000	0,37	314,27
333	03.09.2017 21:55:20,000	0,37	314,27
334	03.09.2017 21:55:30,000	0,37	314,51
335	03.09.2017 21:55:40,000	0,37	314,51
336	03.09.2017 21:55:50,000	0,37	314,76
337	03.09.2017 21:56:00,000	0,37	314,76
338	03.09.2017 21:56:10,000	0,37	315,24
339	03.09.2017 21:56:20,000	0,37	315,24
340	03.09.2017 21:56:30,000	0,37	315,48
341	03.09.2017 21:56:40,000	0,37	315,48
342	03.09.2017 21:56:50,000	0,37	315,97
343	03.09.2017 21:57:00,000	0,37	316,21
344	03.09.2017 21:57:10,000	0,37	316,21
345	03.09.2017 21:57:20,000	0,37	316,69
346	03.09.2017 21:57:30,000	0,37	316,69
347	03.09.2017 21:57:40,000	0,37	317,18
348	03.09.2017 21:57:50,000	0,37	317,18
349	03.09.2017 21:58:00,000	0,37	317,66
350	03.09.2017 21:58:10,000	0,37	317,90
351	03.09.2017 21:58:20,000	0,37	318,39
352	03.09.2017 21:58:30,000	0,37	318,63
353	03.09.2017 21:58:40,000	0,37	318,87
354	03.09.2017 21:58:50,000	0,37	319,36
355	03.09.2017 21:59:00,000	0,37	319,84
356	03.09.2017 21:59:10,000	0,37	320,08
357	03.09.2017 21:59:20,000	0,37	320,57
358	03.09.2017 21:59:30,000	0,37	321,05
359	03.09.2017 21:59:40,000	0,37	321,78
360	03.09.2017 21:59:50,000	0,37	322,50
361	03.09.2017 22:00:00,000	0,37	322,99
362	03.09.2017 22:00:10,000	0,37	323,71
363	03.09.2017 22:00:20,000	0,37	324,44
364	03.09.2017 22:00:30,000	0,37	324,44
365	03.09.2017 22:00:40,000	0,37	323,95
366	03.09.2017 22:00:50,000	0,37	323,47
367	03.09.2017 22:01:00,000	0,37	323,23
368	03.09.2017 22:01:10,000	0,37	322,99
369	03.09.2017 22:01:20,000	0,37	322,74
370	03.09.2017 22:01:30,000	0,37	322,02
371	03.09.2017 22:01:40,000	0,37	321,53
372	03.09.2017 22:01:50,000	0,37	321,05
373	03.09.2017 22:02:00,000	0,37	320,81
374	03.09.2017 22:02:10,000	0,37	320,32
375	03.09.2017 22:02:20,000	0,37	320,08
376	03.09.2017 22:02:30,000	0,37	319,60
377	03.09.2017 22:02:40,000	0,37	318,87
378	03.09.2017 22:02:50,000	0,37	318,63
379	03.09.2017 22:03:00,000	0,37	318,15
380	03.09.2017 22:03:10,000	0,37	317,66
381	03.09.2017 22:03:20,000	0,37	317,42
382	03.09.2017 22:03:30,000	0,37	316,94
383	03.09.2017 22:03:40,000	0,37	316,45
384	03.09.2017 22:03:50,000	0,37	315,97
385	03.09.2017 22:04:00,000	0,37	315,48
386	03.09.2017 22:04:10,000	0,37	315,24
387	03.09.2017 22:04:20,000	0,37	315,00
388	03.09.2017 22:04:30,000	0,37	314,27
389	03.09.2017 22:04:40,000	0,37	313,79
390	03.09.2017 22:04:50,000	0,37	313,30
391	03.09.2017 22:05:00,000	0,37	313,06
392	03.09.2017 22:05:10,000	0,37	312,58
393	03.09.2017 22:05:20,000	0,37	312,34
394	03.09.2017 22:05:30,000	0,37	311,85
395	03.09.2017 22:05:40,000	0,37	311,37
396	03.09.2017 22:05:50,000	0,37	311,13
397	03.09.2017 22:06:00,000	0,37	310,88
398	03.09.2017 22:06:10,000	0,37	310,64
399	03.09.2017 22:06:20,000	0,37	310,40
400	03.09.2017 22:06:30,000	0,37	309,92
401	03.09.2017 22:06:40,000	0,37	309,67
402	03.09.2017 22:06:50,000	0,37	309,43
403	03.09.2017 22:07:00,000	0,37	308,95
404	03.09.2017 22:07:10,000	0,37	308,71
405	03.09.2017 22:07:20,000	0,37	308,22
406	03.09.2017 22:07:30,000	0,37	307,98
407	03.09.2017 22:07:40,000	0,37	307,74
408	03.09.2017 22:07:50,000	0,37	307,50
409	03.09.2017 22:08:00,000	0,37	307,25
410	03.09.2017 22:08:10,000	0,37	307,01
411	03.09.2017 22:08:20,000	0,37	306,77
412	03.09.2017 22:08:30,000	0,37	306,53
413	03.09.2017 22:08:40,000	0,37	306,29
414	03.09.2017 22:08:50,000	0,37	306,29
415	03.09.2017 22:09:00,000	0,37	305,80
416	03.09.2017 22:09:10,000	0,37	305,56
417	03.09.2017 22:09:20,000	0,37	305,32
418	03.09.2017 22:09:30,000	0,37	305,07
419	03.09.2017 22:09:40,000	0,37	305,07
420	03.09.2017 22:09:50,000	0,37	304,83
421	03.09.2017 22:10:00,000	0,37	305,07
422	03.09.2017 22:10:10,000	0,37	304,83
423	03.09.2017 22:10:20,000	0,37	305,32
424	03.09.2017 22:10:30,000	0,37	305,32
425	03.09.2017 22:10:40,000	0,37	305,56
426	03.09.2017 22:10:50,000	0,37	305,80
427	03.09.2017 22:11:00,000	0,37	306,04
428	03.09.2017 22:11:10,000	0,37	306,04
429	03.09.2017 22:11:20,000	0,37	306,29
430	03.09.2017 22:11:30,000	0,37	306,53
431	03.09.2017 22:11:40,000	0,37	306,53
432	03.09.2017 22:11:50,000	0,37	306,77
433	03.09.2017 22:12:00,000	0,37	307,25
434	03.09.2017 22:12:10,000	0,37	307,25
435	03.09.2017 22:12:20,000	0,37	307,74
436	03.09.2017 22:12:30,000	0,37	307,74
437	03.09.2017 22:12:40,000	0,37	307,98
438	03.09.2017 22:12:50,000	0,37	308,22
439	03.09.2017 22:13:00,000	0,37	308,22
440	03.09.2017 22:13:10,000	0,37	308,46
441	03.09.2017 22:13:20,000	0,37	308,71
442	03.09.2017 22:13:30,000	0,37	308,71
443	03.09.2017 22:13:40,000	0,37	309,19
444	03.09.2017 22:13:50,000	0,37	309,43
445	03.09.2017 22:14:00,000	0,37	309,92
446	03.09.2017 22:14:10,000	0,37	310,16
447	03.09.2017 22:14:20,000	0,37	310,40
448	03.09.2017 22:14:30,000	0,37	310,64
449	03.09.2017 22:14:40,000	0,37	310,64
450	03.09.2017 22:14:50,000	0,37	310,64
451	03.09.2017 22:15:00,000	0,37	310,64
452	03.09.2017 22:15:10,000	0,37	310,64
453	03.09.2017 22:15:20,000	0,37	310,64
454	03.09.2017 22:15:30,000	0,37	310,64
455	03.09.2017 22:15:40,000	0,37	310,64
456	03.09.2017 22:15:50,000	0,37	310,88
457	03.09.2017 22:16:00,000	0,37	311,13
458	03.09.2017 22:16:10,000	0,37	311,13
459	03.09.2017 22:16:20,000	0,37	311,37
460	03.09.2017 22:16:30,000	0,37	311,61
461	03.09.2017 22:16:40,000	0,37	311,61
462	03.09.2017 22:16:50,000	0,37	312,09
463	03.09.2017 22:17:00,000	0,37	312,09
464	03.09.2017 22:17:10,000	0,37	312,58
465	03.09.2017 22:17:20,000	0,37	312,82
466	03.09.2017 22:17:30,000	0,37	313,06
467	03.09.2017 22:17:40,000	0,37	313,30
468	03.09.2017 22:17:50,000	0,37	313,79
469	03.09.2017 22:18:00,000	0,37	313,79
470	03.09.2017 22:18:10,000	0,37	314,27
471	03.09.2017 22:18:20,000	0,37	314,27
472	03.09.2017 22:18:30,000	0,37	314,76
473	03.09.2017 22:18:40,000	0,37	314,51
474	03.09.2017 22:18:50,000	0,37	314,27
475	03.09.2017 22:19:00,000	0,37	314,27
476	03.09.2017 22:19:10,000	0,37	314,03
477	03.09.2017 22:19:20,000	0,37	313,79
478	03.09.2017 22:19:30,000	0,37	313,30
479	03.09.2017 22:19:40,000	0,37	313,30
480	03.09.2017 22:19:50,000	0,37	313,06
481	03.09.2017 22:20:00,000	0,37	313,06
482	03.09.2017 22:20:10,000	0,37	312,82
483	03.09.2017 22:20:20,000	0,37	312,58
484	03.09.2017 22:20:30,000	0,37	312,58
485	03.09.2017 22:20:40,000	0,37	312,34
486	03.09.2017 22:20:50,000	0,37	312,09
487	03.09.2017 22:21:00,000	0,37	311,85
488	03.09.2017 22:21:10,000	0,37	311,61
489	03.09.2017 22:21:20,000	0,37	311,37
490	03.09.2017 22:21:30,000	0,37	311,13
491	03.09.2017 22:21:40,000	0,37	310,64
492	03.09.2017 22:21:50,000	0,37	310,40
493	03.09.2017 22:22:00,000	0,37	309,67
494	03.09.2017 22:22:10,000	0,37	309,43
495	03.09.2017 22:22:20,000	0,37	308,95
496	03.09.2017 22:22:30,000	0,37	308,46
497	03.09.2017 22:22:40,000	0,37	307,98
498	03.09.2017 22:22:50,000	0,37	307,50
499	03.09.2017 22:23:00,000	0,37	307,01
500	03.09.2017 22:23:10,000	0,37	306,77
501	03.09.2017 22:23:20,000	0,37	306,29
502	03.09.2017 22:23:30,000	0,37	306,04
503	03.09.2017 22:23:40,000	0,37	305,56
504	03.09.2017 22:23:50,000	0,37	305,07
505	03.09.2017 22:24:00,000	0,37	304,35
506	03.09.2017 22:24:10,000	0,37	304,11
507	03.09.2017 22:24:20,000	0,37	303,86
508	03.09.2017 22:24:30,000	0,37	303,38
509	03.09.2017 22:24:40,000	0,37	302,90
510	03.09.2017 22:24:50,000	0,37	302,65
511	03.09.2017 22:25:00,000	0,37	302,17
512	03.09.2017 22:25:10,000	0,37	302,17
513	03.09.2017 22:25:20,000	0,37	301,44
514	03.09.2017 22:25:30,000	0,37	301,20
515	03.09.2017 22:25:40,000	0,37	300,96
516	03.09.2017 22:25:50,000	0,37	300,48
517	03.09.2017 22:26:00,000	0,37	299,99
518	03.09.2017 22:26:10,000	0,37	299,75
519	03.09.2017 22:26:20,000	0,37	299,51
520	03.09.2017 22:26:30,000	0,37	299,02
521	03.09.2017 22:26:40,000	0,37	298,78
522	03.09.2017 22:26:50,000	0,37	298,54
523	03.09.2017 22:27:00,000	0,37	298,30
524	03.09.2017 22:27:10,000	0,37	297,81
525	03.09.2017 22:27:20,000	0,37	297,81
526	03.09.2017 22:27:30,000	0,37	297,33
527	03.09.2017 22:27:40,000	0,37	297,09
528	03.09.2017 22:27:50,000	0,37	296,60
529	03.09.2017 22:28:00,000	0,37	295,88
530	03.09.2017 22:28:10,000	0,37	295,39
531	03.09.2017 22:28:20,000	0,37	294,91
532	03.09.2017 22:28:30,000	0,37	294,42
533	03.09.2017 22:28:40,000	0,37	293,94
534	03.09.2017 22:28:50,000	0,37	293,45
535	03.09.2017 22:29:00,000	0,37	292,97
536	03.09.2017 22:29:10,000	0,37	292,24
537	03.09.2017 22:29:20,000	0,37	291,76
538	03.09.2017 22:29:30,000	0,37	291,28
539	03.09.2017 22:29:40,000	0,37	290,55
540	03.09.2017 22:29:50,000	0,37	289,82
541	03.09.2017 22:30:00,000	0,37	289,34
542	03.09.2017 22:30:10,000	0,37	288,61
543	03.09.2017 22:30:20,000	0,37	287,89
544	03.09.2017 22:30:30,000	0,37	286,92
545	03.09.2017 22:30:40,000	0,37	285,71
546	03.09.2017 22:30:50,000	0,37	283,29
547	03.09.2017 22:31:00,000	0,37	280,86
548	03.09.2017 22:31:10,000	0,37	278,44
549	03.09.2017 22:31:20,000	0,37	276,26
550	03.09.2017 22:31:30,000	0,37	274,09
551	03.09.2017 22:31:40,000	0,37	271,91
552	03.09.2017 22:31:50,000	0,37	269,73
553	03.09.2017 22:32:00,000	0,37	267,79
554	03.09.2017 22:32:10,000	0,33	265,56
555	03.09.2017 22:32:20,000	0,33	263,62
556	03.09.2017 22:32:30,000	0,33	261,69
557	03.09.2017 22:32:40,000	0,33	260,23
558	03.09.2017 22:32:50,000	0,33	258,54
559	03.09.2017 22:33:00,000	0,33	256,36
560	03.09.2017 22:33:10,000	0,33	254,91
561	03.09.2017 22:33:20,000	0,33	253,45
562	03.09.2017 22:33:30,000	0,33	251,52
563	03.09.2017 22:33:40,000	0,33	249,82
564	03.09.2017 22:33:50,000	0,33	248,13
565	03.09.2017 22:34:00,000	0,33	246,19
566	03.09.2017 22:34:10,000	0,33	244,49
567	03.09.2017 22:34:20,000	0,33	242,80
568	03.09.2017 22:34:30,000	0,33	240,86
569	03.09.2017 22:34:40,000	0,33	239,16
570	03.09.2017 22:34:50,000	0,33	237,47
571	03.09.2017 22:35:00,000	0,33	235,29
572	03.09.2017 22:35:10,000	0,33	233,84
573	03.09.2017 22:35:20,000	0,33	232,14
574	03.09.2017 22:35:30,000	0,33	230,20
575	03.09.2017 22:35:40,000	0,33	228,27
576	03.09.2017 22:35:50,000	0,29	226,52
577	03.09.2017 22:36:00,000	0,29	224,58
578	03.09.2017 22:36:10,000	0,29	222,65
579	03.09.2017 22:36:20,000	0,29	220,71
580	03.09.2017 22:36:30,000	0,29	218,77
581	03.09.2017 22:36:40,000	0,29	216,83
582	03.09.2017 22:36:50,000	0,29	214,90
583	03.09.2017 22:37:00,000	0,29	213,20
584	03.09.2017 22:37:10,000	0,25	211,22
585	03.09.2017 22:37:20,000	0,25	209,28
586	03.09.2017 22:37:30,000	0,25	207,58
587	03.09.2017 22:37:40,000	0,20	205,60
588	03.09.2017 22:37:50,000	0,16	203,37
589	03.09.2017 22:38:00,000	0,16	201,43
590	03.09.2017 22:38:10,000	0,12	199,20
591	03.09.2017 22:38:20,000	0,08	197,21
592	03.09.2017 22:38:30,000	0,08	195,52
593	03.09.2017 22:38:40,000	0,04	193,29
594	03.09.2017 22:38:50,000	0,04	191,59
595	03.09.2017 22:39:00,000	0,04	189,66
596	03.09.2017 22:39:10,000	0,00	187,67
597	03.09.2017 22:39:20,000	-0,04	185,68
598	03.09.2017 22:39:30,000	-0,08	184,18
599	03.09.2017 22:39:40,000	-0,12	182,19
600	03.09.2017 22:39:50,000	-0,12	180,26
601	03.09.2017 22:40:00,000	-0,17	178,51
602	03.09.2017 22:40:10,000	-0,17	176,58
603	03.09.2017 22:40:20,000	-0,21	175,07
604	03.09.2017 22:40:30,000	-0,25	173,33
605	03.09.2017 22:40:40,000	-0,33	171,53
606	03.09.2017 22:40:50,000	-0,37	169,79
607	03.09.2017 22:41:00,000	-0,41	168,04
608	03.09.2017 22:41:10,000	-0,46	166,30
609	03.09.2017 22:41:20,000	-0,46	164,85
610	03.09.2017 22:41:30,000	-0,46	163,40
611	03.09.2017 22:41:40,000	-0,46	161,46
612	03.09.2017 22:41:50,000	-0,50	159,96
613	03.09.2017 22:42:00,000	-0,50	158,50
614	03.09.2017 22:42:10,000	-0,54	156,52
615	03.09.2017 22:42:20,000	-0,54	154,82
616	03.09.2017 22:42:30,000	-0,58	153,08
617	03.09.2017 22:42:40,000	-0,58	151,38
618	03.09.2017 22:42:50,000	-0,58	149,69
619	03.09.2017 22:43:00,000	-0,62	148,19
620	03.09.2017 22:43:10,000	-0,67	146,44
621	03.09.2017 22:43:20,000	-0,71	144,70
622	03.09.2017 22:43:30,000	-0,71	143,01
623	03.09.2017 22:43:40,000	-0,79	141,21
624	03.09.2017 22:43:50,000	-0,79	139,03
625	03.09.2017 22:44:00,000	-0,83	137,05
626	03.09.2017 22:44:10,000	-0,88	135,54
627	03.09.2017 22:44:20,000	-0,92	133,56
628	03.09.2017 22:44:30,000	-0,96	131,82
629	03.09.2017 22:44:40,000	-1,00	129,83
630	03.09.2017 22:44:50,000	-1,09	127,55
631	03.09.2017 22:45:00,000	-1,13	125,32
632	03.09.2017 22:45:10,000	-1,13	123,15
633	03.09.2017 22:45:20,000	-1,17	120,68
634	03.09.2017 22:45:30,000	-1,17	118,26
635	03.09.2017 22:45:40,000	-1,17	116,08
636	03.09.2017 22:45:50,000	-1,17	113,42
637	03.09.2017 22:46:00,000	-1,21	110,95
638	03.09.2017 22:46:10,000	-1,26	108,24
639	03.09.2017 22:46:20,000	-1,21	105,39
640	03.09.2017 22:46:30,000	-1,21	102,97
641	03.09.2017 22:46:40,000	-1,21	100,55
642	03.09.2017 22:46:50,000	-1,26	98,09
643	03.09.2017 22:47:00,000	-1,26	95,67
644	03.09.2017 22:47:10,000	-1,21	93,06
645	03.09.2017 22:47:20,000	-1,17	90,94
646	03.09.2017 22:47:30,000	-1,13	88,57
647	03.09.2017 22:47:40,000	-0,83	85,54
648	03.09.2017 22:47:50,000	-0,75	82,98
649	03.09.2017 22:48:00,000	-0,67	80,42
650	03.09.2017 22:48:10,000	-0,58	77,86
651	03.09.2017 22:48:20,000	-0,62	75,16
652	03.09.2017 22:48:30,000	-0,79	72,30
653	03.09.2017 22:48:40,000	-0,75	69,45
654	03.09.2017 22:48:50,000	-0,67	66,41
655	03.09.2017 22:49:00,000	-0,50	63,72
656	03.09.2017 22:49:10,000	-0,37	61,21
657	03.09.2017 22:49:20,000	-0,25	58,94
658	03.09.2017 22:49:30,000	-0,12	56,92
659	03.09.2017 22:49:40,000	0,20	54,66
660	03.09.2017 22:49:50,000	0,41	53,22
661	03.09.2017 22:50:00,000	0,57	51,73
662	03.09.2017 22:50:10,000	0,77	50,52
663	03.09.2017 22:50:20,000	0,98	49,32
664	03.09.2017 22:50:30,000	0,94	48,06
665	03.09.2017 22:50:40,000	1,18	46,67
666	03.09.2017 22:50:50,000	1,18	46,18
667	03.09.2017 22:51:00,000	1,14	45,17
668	03.09.2017 22:51:10,000	1,06	44,35
669	03.09.2017 22:51:20,000	1,06	43,39
670	03.09.2017 22:51:30,000	1,57	41,60
671	03.09.2017 22:51:40,000	1,77	40,88
672	03.09.2017 22:51:50,000	2,01	39,24
673	03.09.2017 22:52:00,000	1,65	38,81
674	03.09.2017 22:52:10,000	1,34	37,21
675	03.09.2017 22:52:20,000	1,22	35,86
676	03.09.2017 22:52:30,000	1,22	34,18
677	03.09.2017 22:52:40,000	1,02	32,73
678	03.09.2017 22:52:50,000	0,73	31,66
679	03.09.2017 22:53:00,000	0,53	30,45
680	03.09.2017 22:53:10,000	0,37	29,78
681	03.09.2017 22:53:20,000	0,45	28,43
682	03.09.2017 22:53:30,000	0,45	27,95
683	03.09.2017 22:53:40,000	0,33	27,56
684	03.09.2017 22:53:50,000	0,16	27,12
685	03.09.2017 22:54:00,000	0,12	26,59
686	03.09.2017 22:54:10,000	0,04	26,49
687	03.09.2017 22:54:20,000	-0,04	26,15
688	03.09.2017 22:54:30,000	-0,12	25,81
689	03.09.2017 22:54:40,000	-0,12	25,81
690	03.09.2017 22:54:50,000	-0,12	25,57
691	03.09.2017 22:55:00,000	-0,17	25,28
692	03.09.2017 22:55:10,000	-0,17	25,52
693	03.09.2017 22:55:20,000	-0,21	25,95
694	03.09.2017 22:55:30,000	-0,12	26,05
695	03.09.2017 22:55:40,000	-0,04	26,39
696	03.09.2017 22:55:50,000	-0,04	26,39
697	03.09.2017 22:56:00,000	-0,04	26,39
698	03.09.2017 22:56:10,000	-0,08	26,58
699	03.09.2017 22:56:20,000	-0,17	26,24
700	03.09.2017 22:56:30,000	-0,12	26,53
701	03.09.2017 22:56:40,000	-0,08	26,58
702	03.09.2017 22:56:50,000	-0,08	26,58
703	03.09.2017 22:57:00,000	-0,04	26,39
704	03.09.2017 22:57:10,000	-0,04	26,39
705	03.09.2017 22:57:20,000	-0,08	26,34
706	03.09.2017 22:57:30,000	-0,04	25,91
707	03.09.2017 22:57:40,000	-0,04	25,67
708	03.09.2017 22:57:50,000	0,00	25,72
709	03.09.2017 22:58:00,000	-0,04	25,43
710	03.09.2017 22:58:10,000	-0,17	25,04
711	03.09.2017 22:58:20,000	-0,17	24,32
712	03.09.2017 22:58:30,000	-0,21	23,54
713	03.09.2017 22:58:40,000	-0,17	22,87
714	03.09.2017 22:58:50,000	-0,25	23,25
715	03.09.2017 22:59:00,000	-0,21	22,82
716	03.09.2017 22:59:10,000	-0,12	23,16
717	03.09.2017 22:59:20,000	-0,21	23,30
718	03.09.2017 22:59:30,000	-0,25	23,49
719	03.09.2017 22:59:40,000	-0,25	23,49
720	03.09.2017 22:59:50,000	-0,21	23,54
721	03.09.2017 23:00:00,000	-0,21	23,78
722	03.09.2017 23:00:10,000	-0,21	24,03
723	03.09.2017 23:00:20,000	-0,17	24,32
724	03.09.2017 23:00:30,000	-0,12	24,61
725	03.09.2017 23:00:40,000	-0,17	24,07
726	03.09.2017 23:00:50,000	-0,17	23,83
727	03.09.2017 23:01:00,000	-0,21	23,78
728	03.09.2017 23:01:10,000	-0,21	23,78
729	03.09.2017 23:01:20,000	-0,21	23,78
730	03.09.2017 23:01:30,000	-0,21	23,78
731	03.09.2017 23:01:40,000	-0,21	23,78
732	03.09.2017 23:01:50,000	-0,21	23,54
733	03.09.2017 23:02:00,000	-0,25	23,25
734	03.09.2017 23:02:10,000	-0,25	23,01
735	03.09.2017 23:02:20,000	-0,25	23,01
736	03.09.2017 23:02:30,000	-0,25	22,77
737	03.09.2017 23:02:40,000	-0,21	22,82
738	03.09.2017 23:02:50,000	-0,21	22,82
739	03.09.2017 23:03:00,000	-0,25	22,77
740	03.09.2017 23:03:10,000	-0,25	23,01
741	03.09.2017 23:03:20,000	-0,25	23,01
742	03.09.2017 23:03:30,000	-0,25	23,01
743	03.09.2017 23:03:40,000	-0,21	23,06
744	03.09.2017 23:03:50,000	-0,25	23,49
745	03.09.2017 23:04:00,000	-0,21	23,54
746	03.09.2017 23:04:10,000	-0,21	23,54
747	03.09.2017 23:04:20,000	-0,25	23,01
748	03.09.2017 23:04:30,000	-0,21	22,34
749	03.09.2017 23:04:40,000	-0,29	22,00
750	03.09.2017 23:04:50,000	-0,29	21,76
751	03.09.2017 23:05:00,000	-0,33	22,19
752	03.09.2017 23:05:10,000	-0,33	22,67
753	03.09.2017 23:05:20,000	-0,25	22,77
754	03.09.2017 23:05:30,000	-0,29	23,44
755	03.09.2017 23:05:40,000	-0,25	23,98
756	03.09.2017 23:05:50,000	-0,21	24,03
757	03.09.2017 23:06:00,000	-0,12	24,12
758	03.09.2017 23:06:10,000	-0,08	24,17
759	03.09.2017 23:06:20,000	-0,04	24,70
760	03.09.2017 23:06:30,000	0,00	24,75
761	03.09.2017 23:06:40,000	0,04	25,04
762	03.09.2017 23:06:50,000	0,04	24,56
763	03.09.2017 23:07:00,000	0,04	24,32
764	03.09.2017 23:07:10,000	0,00	24,03
765	03.09.2017 23:07:20,000	-0,08	23,69
766	03.09.2017 23:07:30,000	-0,12	22,92
767	03.09.2017 23:07:40,000	-0,17	23,11
768	03.09.2017 23:07:50,000	-0,21	23,06
769	03.09.2017 23:08:00,000	-0,21	22,10
770	03.09.2017 23:08:10,000	-0,21	21,62
771	03.09.2017 23:08:20,000	-0,21	21,13
772	03.09.2017 23:08:30,000	-0,25	20,84
773	03.09.2017 23:08:40,000	-0,29	21,03
774	03.09.2017 23:08:50,000	-0,29	21,03
775	03.09.2017 23:09:00,000	-0,29	20,79
776	03.09.2017 23:09:10,000	-0,33	21,23
777	03.09.2017 23:09:20,000	-0,37	20,94
778	03.09.2017 23:09:30,000	-0,37	20,94
779	03.09.2017 23:09:40,000	-0,37	20,69
780	03.09.2017 23:09:50,000	-0,33	20,74
781	03.09.2017 23:10:00,000	-0,33	20,99
782	03.09.2017 23:10:10,000	-0,37	20,69
783	03.09.2017 23:10:20,000	-0,37	20,69
784	03.09.2017 23:10:30,000	-0,33	20,74
785	03.09.2017 23:10:40,000	-0,33	20,74
786	03.09.2017 23:10:50,000	-0,33	20,50
787	03.09.2017 23:11:00,000	-0,33	20,74
788	03.09.2017 23:11:10,000	-0,29	21,28
789	03.09.2017 23:11:20,000	-0,29	21,52
790	03.09.2017 23:11:30,000	-0,29	21,52
791	03.09.2017 23:11:40,000	-0,29	21,76
792	03.09.2017 23:11:50,000	-0,25	21,81
793	03.09.2017 23:12:00,000	-0,25	21,81
794	03.09.2017 23:12:10,000	-0,25	21,81
795	03.09.2017 23:12:20,000	-0,25	21,81
796	03.09.2017 23:12:30,000	-0,25	21,81
797	03.09.2017 23:12:40,000	-0,25	21,81
798	03.09.2017 23:12:50,000	-0,25	21,81
799	03.09.2017 23:13:00,000	-0,25	22,05
800	03.09.2017 23:13:10,000	-0,21	22,10
801	03.09.2017 23:13:20,000	-0,25	22,05
802	03.09.2017 23:13:30,000	-0,25	21,81
803	03.09.2017 23:13:40,000	-0,25	22,05
804	03.09.2017 23:13:50,000	-0,25	21,81
805	03.09.2017 23:14:00,000	-0,25	21,57
806	03.09.2017 23:14:10,000	-0,25	20,12
807	03.09.2017 23:14:20,000	-0,33	18,82
808	03.09.2017 23:14:30,000	-0,29	17,66
809	03.09.2017 23:14:40,000	-0,33	16,89
810	03.09.2017 23:14:50,000	-0,37	16,36
811	03.09.2017 23:15:00,000	-0,37	16,84
812	03.09.2017 23:15:10,000	-0,37	17,56
813	03.09.2017 23:15:20,000	-0,33	18,34
814	03.09.2017 23:15:30,000	-0,37	19,01
815	03.09.2017 23:15:40,000	-0,37	18,29
816	03.09.2017 23:15:50,000	-0,37	19,25
817	03.09.2017 23:16:00,000	-0,37	19,49
818	03.09.2017 23:16:10,000	-0,33	19,78
819	03.09.2017 23:16:20,000	-0,33	19,78
820	03.09.2017 23:16:30,000	-0,33	18,82
821	03.09.2017 23:16:40,000	-0,37	18,05
822	03.09.2017 23:16:50,000	-0,33	17,13
823	03.09.2017 23:17:00,000	-0,37	16,84
824	03.09.2017 23:17:10,000	-0,37	17,56
825	03.09.2017 23:17:20,000	-0,37	17,80
826	03.09.2017 23:17:30,000	-0,37	18,05
827	03.09.2017 23:17:40,000	-0,41	17,51
828	03.09.2017 23:17:50,000	-0,37	16,60
829	03.09.2017 23:18:00,000	-0,37	15,64
830	03.09.2017 23:18:10,000	-0,37	14,67
831	03.09.2017 23:18:20,000	-0,29	13,81
832	03.09.2017 23:18:30,000	0,04	12,52
833	03.09.2017 23:18:40,000	0,45	11,57
834	03.09.2017 23:18:50,000	0,98	10,03
835	03.09.2017 23:19:00,000	1,61	8,64
836	03.09.2017 23:19:10,000	2,82	6,02
837	03.09.2017 23:19:20,000	3,47	4,89
838	03.09.2017 23:19:30,000	3,89	3,72
839	03.09.2017 23:19:40,000	4,15	2,36
840	03.09.2017 23:19:50,000	4,48	0,60
841	03.09.2017 23:20:00,000	4,74	0,00
842	03.09.2017 23:20:10,000	4,78	0,00
843	03.09.2017 23:20:20,000	4,74	0,00
844	03.09.2017 23:20:30,000	4,67	0,00
845	03.09.2017 23:20:40,000	4,59	0,00
846	03.09.2017 23:20:50,000	4,56	0,00
847	03.09.2017 23:21:00,000	4,52	0,00
848	03.09.2017 23:21:10,000	4,45	0,00
849	03.09.2017 23:21:20,000	4,41	0,00
850	03.09.2017 23:21:30,000	4,41	0,00
851	03.09.2017 23:21:40,000	4,41	0,00
852	03.09.2017 23:21:50,000	4,41	0,00
853	03.09.2017 23:22:00,000	4,41	0,00
854	03.09.2017 23:22:10,000	4,41	0,00
855	03.09.2017 23:22:20,000	4,41	0,00
856	03.09.2017 23:22:30,000	4,45	0,00
857	03.09.2017 23:22:40,000	4,45	0,00
858	03.09.2017 23:22:50,000	4,48	0,00
859	03.09.2017 23:23:00,000	4,52	0,00
860	03.09.2017 23:23:10,000	4,52	0,00
861	03.09.2017 23:23:20,000	4,56	0,00
862	03.09.2017 23:23:30,000	4,59	0,00
863	03.09.2017 23:23:40,000	4,63	0,00
864	03.09.2017 23:23:50,000	4,63	0,00
865	03.09.2017 23:24:00,000	4,67	0,00
866	03.09.2017 23:24:10,000	4,67	0,00
867	03.09.2017 23:24:20,000	4,70	0,00
868	03.09.2017 23:24:30,000	4,70	0,00
869	03.09.2017 23:24:40,000	4,78	0,00
870	03.09.2017 23:24:50,000	4,81	0,00
871	03.09.2017 23:25:00,000	4,85	0,00
872	03.09.2017 23:25:10,000	4,89	0,00
873	03.09.2017 23:25:20,000	4,92	0,00
874	03.09.2017 23:25:30,000	4,96	0,00
875	03.09.2017 23:25:40,000	5,03	0,00
876	03.09.2017 23:25:50,000	5,07	0,00
877	03.09.2017 23:26:00,000	5,11	0,00
878	03.09.2017 23:26:10,000	5,14	0,00
879	03.09.2017 23:26:20,000	5,22	0,00
880	03.09.2017 23:26:30,000	5,25	0,00
881	03.09.2017 23:26:40,000	5,29	0,00
882	03.09.2017 23:26:50,000	5,33	0,00
883	03.09.2017 23:27:00,000	5,36	0,00
884	03.09.2017 23:27:10,000	5,43	0,00
885	03.09.2017 23:27:20,000	5,47	0,00
886	03.09.2017 23:27:30,000	5,51	0,00
887	03.09.2017 23:27:40,000	5,54	0,00
888	03.09.2017 23:27:50,000	5,62	0,00
889	03.09.2017 23:28:00,000	5,65	0,00
890	03.09.2017 23:28:10,000	5,69	0,00
891	03.09.2017 23:28:20,000	5,72	0,00
892	03.09.2017 23:28:30,000	5,80	0,00
893	03.09.2017 23:28:40,000	5,83	0,00
894	03.09.2017 23:28:50,000	5,87	0,00
895	03.09.2017 23:29:00,000	5,90	0,00
896	03.09.2017 23:29:10,000	5,94	0,00
897	03.09.2017 23:29:20,000	5,97	0,00
898	03.09.2017 23:29:30,000	6,01	0,00
899	03.09.2017 23:29:40,000	6,05	0,00
900	03.09.2017 23:29:50,000	6,12	0,00
901	03.09.2017 23:30:00,000	6,15	0,00
902	03.09.2017 23:30:10,000	6,19	0,00
903	03.09.2017 23:30:20,000	6,22	0,00
904	03.09.2017 23:30:30,000	6,26	0,00
905	03.09.2017 23:30:40,000	6,30	0,00
906	03.09.2017 23:30:50,000	6,37	0,00
907	03.09.2017 23:31:00,000	6,40	0,00
908	03.09.2017 23:31:10,000	6,44	0,00
909	03.09.2017 23:31:20,000	6,47	0,00
910	03.09.2017 23:31:30,000	6,51	0,00
911	03.09.2017 23:31:40,000	6,51	0,00
912	03.09.2017 23:31:50,000	6,58	0,00
913	03.09.2017 23:32:00,000	6,61	0,00
914	03.09.2017 23:32:10,000	6,65	0,00
915	03.09.2017 23:32:20,000	6,68	0,00
916	03.09.2017 23:32:30,000	6,72	0,00
917	03.09.2017 23:32:40,000	6,76	0,00
918	03.09.2017 23:32:50,000	6,79	0,00
919	03.09.2017 23:33:00,000	6,83	0,00
920	03.09.2017 23:33:10,000	6,86	0,00
921	03.09.2017 23:33:20,000	6,90	0,00
922	03.09.2017 23:33:30,000	6,93	0,00
923	03.09.2017 23:33:40,000	6,97	0,00
924	03.09.2017 23:33:50,000	7,00	0,00
925	03.09.2017 23:34:00,000	7,00	0,00
926	03.09.2017 23:34:10,000	7,04	0,00
927	03.09.2017 23:34:20,000	7,07	0,00
928	03.09.2017 23:34:30,000	7,11	0,00
929	03.09.2017 23:34:40,000	7,14	0,00
930	03.09.2017 23:34:50,000	7,18	0,00
931	03.09.2017 23:35:00,000	7,21	0,00
932	03.09.2017 23:35:10,000	7,21	0,00
933	03.09.2017 23:35:20,000	7,25	0,00
934	03.09.2017 23:35:30,000	7,28	0,00
935	03.09.2017 23:35:40,000	7,32	0,00
936	03.09.2017 23:35:50,000	7,35	0,00
937	03.09.2017 23:36:00,000	7,38	0,00
938	03.09.2017 23:36:10,000	7,42	0,00
939	03.09.2017 23:36:20,000	7,42	0,00
940	03.09.2017 23:36:30,000	7,45	0,00
941	03.09.2017 23:36:40,000	7,49	0,00
942	03.09.2017 23:36:50,000	7,52	0,00
943	03.09.2017 23:37:00,000	7,56	0,00
944	03.09.2017 23:37:10,000	7,56	0,00
945	03.09.2017 23:37:20,000	7,59	0,00
946	03.09.2017 23:37:30,000	7,63	0,00
947	03.09.2017 23:37:40,000	7,66	0,00
948	03.09.2017 23:37:50,000	7,66	0,00
949	03.09.2017 23:38:00,000	7,70	0,00
950	03.09.2017 23:38:10,000	7,73	0,00
951	03.09.2017 23:38:20,000	7,77	0,00
952	03.09.2017 23:38:30,000	7,77	0,00
953	03.09.2017 23:38:40,000	7,80	0,00
954	03.09.2017 23:38:50,000	7,83	0,00
955	03.09.2017 23:39:00,000	7,87	0,00
956	03.09.2017 23:39:10,000	7,87	0,00
957	03.09.2017 23:39:20,000	7,90	0,00
958	03.09.2017 23:39:30,000	7,94	0,00
959	03.09.2017 23:39:40,000	7,97	0,00
960	03.09.2017 23:39:50,000	7,97	0,00
961	03.09.2017 23:40:00,000	8,01	0,00
962	03.09.2017 23:40:10,000	8,04	0,00
963	03.09.2017 23:40:20,000	8,04	0,00
964	03.09.2017 23:40:30,000	8,07	0,00
965	03.09.2017 23:40:40,000	8,11	0,00
966	03.09.2017 23:40:50,000	8,11	0,00
967	03.09.2017 23:41:00,000	8,14	0,00
968	03.09.2017 23:41:10,000	8,14	0,00
969	03.09.2017 23:41:20,000	8,18	0,00
970	03.09.2017 23:41:30,000	8,18	0,00
971	03.09.2017 23:41:40,000	8,21	0,00
972	03.09.2017 23:41:50,000	8,25	0,00
973	03.09.2017 23:42:00,000	8,25	0,00
974	03.09.2017 23:42:10,000	8,28	0,00
975	03.09.2017 23:42:20,000	8,31	0,00
976	03.09.2017 23:42:30,000	8,31	0,00
977	03.09.2017 23:42:40,000	8,35	0,00
978	03.09.2017 23:42:50,000	8,35	0,00
979	03.09.2017 23:43:00,000	8,38	0,00
980	03.09.2017 23:43:10,000	8,42	0,00
981	03.09.2017 23:43:20,000	8,42	0,00
982	03.09.2017 23:43:30,000	8,45	0,00
983	03.09.2017 23:43:40,000	8,48	0,00
984	03.09.2017 23:43:50,000	8,48	0,00
985	03.09.2017 23:44:00,000	8,48	0,00
986	03.09.2017 23:44:10,000	8,52	0,00
987	03.09.2017 23:44:20,000	8,52	0,00
988	03.09.2017 23:44:30,000	8,55	0,00
989	03.09.2017 23:44:40,000	8,55	0,00
990	03.09.2017 23:44:50,000	8,59	0,00
991	03.09.2017 23:45:00,000	8,59	0,00
992	03.09.2017 23:45:10,000	8,59	0,00
993	03.09.2017 23:45:20,000	8,62	0,00
994	03.09.2017 23:45:30,000	12,32	0,00
995	03.09.2017 23:45:40,000	14,20	0,00
996	03.09.2017 23:45:50,000	14,33	0,00
997	03.09.2017 23:46:00,000	14,30	0,00
998	03.09.2017 23:46:10,000	14,24	0,00
999	03.09.2017 23:46:20,000	14,17	0,00
1000	03.09.2017 23:46:30,000	14,30	0,00
1001	03.09.2017 23:46:40,000	14,42	0,00
1002	03.09.2017 23:46:50,000	14,51	0,00
1003	03.09.2017 23:47:00,000	14,58	0,00
1004	03.09.2017 23:47:10,000	14,64	0,00
1005	03.09.2017 23:47:20,000	14,70	0,00
1006	03.09.2017 23:47:30,000	14,76	0,00
1007	03.09.2017 23:47:40,000	14,82	0,00
1008	03.09.2017 23:47:50,000	14,88	0,00
1009	03.09.2017 23:48:00,000	14,98	0,00
1010	03.09.2017 23:48:10,000	15,04	0,00
1011	03.09.2017 23:48:20,000	15,10	0,00
1012	03.09.2017 23:48:30,000	15,16	0,00
1013	03.09.2017 23:48:40,000	15,22	0,00
1014	03.09.2017 23:48:50,000	15,31	0,00
1015	03.09.2017 23:49:00,000	15,34	0,00
1016	03.09.2017 23:49:10,000	15,40	0,00
1017	03.09.2017 23:49:20,000	15,46	0,00
1018	03.09.2017 23:49:30,000	15,53	0,00
1019	03.09.2017 23:49:40,000	15,59	0,00
1020	03.09.2017 23:49:50,000	15,65	0,00
1021	03.09.2017 23:50:00,000	15,71	0,00
1022	03.09.2017 23:50:10,000	15,77	0,00
1023	03.09.2017 23:50:20,000	15,80	0,00
1024	03.09.2017 23:50:30,000	15,86	0,00
1025	03.09.2017 23:50:40,000	15,92	0,00
1026	03.09.2017 23:50:50,000	15,95	0,00
1027	03.09.2017 23:51:00,000	16,01	0,00
1028	03.09.2017 23:51:10,000	16,04	0,00
1029	03.09.2017 23:51:20,000	16,10	0,00
1030	03.09.2017 23:51:30,000	16,13	0,00
1031	03.09.2017 23:51:40,000	16,19	0,00
1032	03.09.2017 23:51:50,000	16,22	0,00
1033	03.09.2017 23:52:00,000	16,25	0,00
1034	03.09.2017 23:52:10,000	16,28	0,00
1035	03.09.2017 23:52:20,000	16,34	0,00
1036	03.09.2017 23:52:30,000	16,37	0,00
1037	03.09.2017 23:52:40,000	16,40	0,00
1038	03.09.2017 23:52:50,000	16,44	0,00
1039	03.09.2017 23:53:00,000	16,47	0,00
1040	03.09.2017 23:53:10,000	16,50	0,00
