#B	Created:	03.09.2017 23:48:01
##	Version	SeaStar	7.49
#5	Field separation:	0
#2	Date & Time:	1
#6	Decimal point:	,
#7	Date def.:	dd.mm.yyyy	.
#8	Time def.:	:
##	Axis	0	Temperature(°C)	clRed	FALSE
##	Axis	1	Depth(m)	clBlue	TRUE
##	Series	0	Temp(°C)	clRed	0	Temp(°C)	2
##	Series	1	Depth(m)	clBlue	1	Depth(m)	2
##	Recorder	53	DST centi	8047
##	Chart	53C8047DAT	
#D	Data:	1006	03.09.2017 21:00:00	03.09.2017 23:47:30
1	03.09.2017 21:00:00,000	21,21	0,00
2	03.09.2017 21:00:10,000	21,21	0,00
3	03.09.2017 21:00:20,000	21,18	0,00
4	03.09.2017 21:00:30,000	21,18	0,00
5	03.09.2017 21:00:40,000	21,18	0,00
6	03.09.2017 21:00:50,000	21,18	0,00
7	03.09.2017 21:01:00,000	21,18	0,00
8	03.09.2017 21:01:10,000	21,18	0,00
9	03.09.2017 21:01:20,000	21,18	0,00
10	03.09.2017 21:01:30,000	21,15	0,00
11	03.09.2017 21:01:40,000	21,15	0,00
12	03.09.2017 21:01:50,000	21,15	0,00
13	03.09.2017 21:02:00,000	21,15	0,00
14	03.09.2017 21:02:10,000	21,15	0,00
15	03.09.2017 21:02:20,000	21,15	0,00
16	03.09.2017 21:02:30,000	21,15	0,00
17	03.09.2017 21:02:40,000	21,15	0,00
18	03.09.2017 21:02:50,000	21,12	0,00
19	03.09.2017 21:03:00,000	21,12	0,00
20	03.09.2017 21:03:10,000	21,12	0,00
21	03.09.2017 21:03:20,000	21,12	0,00
22	03.09.2017 21:03:30,000	21,12	0,00
23	03.09.2017 21:03:40,000	21,12	0,00
24	03.09.2017 21:03:50,000	21,12	0,00
25	03.09.2017 21:04:00,000	20,21	0,00
26	03.09.2017 21:04:10,000	14,45	2,86
27	03.09.2017 21:04:20,000	12,07	3,99
28	03.09.2017 21:04:30,000	11,23	2,41
29	03.09.2017 21:04:40,000	10,13	3,09
30	03.09.2017 21:04:50,000	9,27	3,99
31	03.09.2017 21:05:00,000	8,63	5,84
32	03.09.2017 21:05:10,000	8,12	8,02
33	03.09.2017 21:05:20,000	7,78	10,07
34	03.09.2017 21:05:30,000	7,26	11,78
35	03.09.2017 21:05:40,000	6,92	13,15
36	03.09.2017 21:05:50,000	6,67	13,45
37	03.09.2017 21:06:00,000	6,43	12,62
38	03.09.2017 21:06:10,000	6,25	12,74
39	03.09.2017 21:06:20,000	6,15	12,90
40	03.09.2017 21:06:30,000	6,04	12,38
41	03.09.2017 21:06:40,000	6,00	12,36
42	03.09.2017 21:06:50,000	5,97	13,02
43	03.09.2017 21:07:00,000	5,93	14,35
44	03.09.2017 21:07:10,000	5,83	15,87
45	03.09.2017 21:07:20,000	5,68	16,46
46	03.09.2017 21:07:30,000	5,43	16,76
47	03.09.2017 21:07:40,000	5,32	16,24
48	03.09.2017 21:07:50,000	5,47	15,88
49	03.09.2017 21:08:00,000	5,43	15,85
50	03.09.2017 21:08:10,000	5,43	15,40
51	03.09.2017 21:08:20,000	5,47	15,20
52	03.09.2017 21:08:30,000	5,50	14,99
53	03.09.2017 21:08:40,000	5,50	14,99
54	03.09.2017 21:08:50,000	5,50	14,77
55	03.09.2017 21:09:00,000	5,50	14,77
56	03.09.2017 21:09:10,000	5,50	14,54
57	03.09.2017 21:09:20,000	5,50	14,54
58	03.09.2017 21:09:30,000	5,50	14,77
59	03.09.2017 21:09:40,000	5,50	15,22
60	03.09.2017 21:09:50,000	5,47	15,65
61	03.09.2017 21:10:00,000	5,40	15,61
62	03.09.2017 21:10:10,000	5,22	17,53
63	03.09.2017 21:10:20,000	5,04	18,55
64	03.09.2017 21:10:30,000	4,85	20,02
65	03.09.2017 21:10:40,000	4,64	21,24
66	03.09.2017 21:10:50,000	4,56	22,56
67	03.09.2017 21:11:00,000	4,08	23,84
68	03.09.2017 21:11:10,000	3,75	24,54
69	03.09.2017 21:11:20,000	3,53	24,85
70	03.09.2017 21:11:30,000	3,19	25,55
71	03.09.2017 21:11:40,000	3,00	25,43
72	03.09.2017 21:11:50,000	2,81	25,54
73	03.09.2017 21:12:00,000	2,70	25,46
74	03.09.2017 21:12:10,000	2,58	25,62
75	03.09.2017 21:12:20,000	2,50	25,35
76	03.09.2017 21:12:30,000	2,43	25,52
77	03.09.2017 21:12:40,000	2,39	25,05
78	03.09.2017 21:12:50,000	2,43	24,62
79	03.09.2017 21:13:00,000	2,47	23,96
80	03.09.2017 21:13:10,000	2,62	23,38
81	03.09.2017 21:13:20,000	2,66	22,95
82	03.09.2017 21:13:30,000	2,23	22,23
83	03.09.2017 21:13:40,000	2,54	21,52
84	03.09.2017 21:13:50,000	2,73	20,73
85	03.09.2017 21:14:00,000	2,73	20,06
86	03.09.2017 21:14:10,000	2,89	19,25
87	03.09.2017 21:14:20,000	3,19	19,43
88	03.09.2017 21:14:30,000	3,04	20,02
89	03.09.2017 21:14:40,000	2,96	20,42
90	03.09.2017 21:14:50,000	2,92	20,17
91	03.09.2017 21:15:00,000	2,92	19,95
92	03.09.2017 21:15:10,000	2,96	19,97
93	03.09.2017 21:15:20,000	2,96	19,75
94	03.09.2017 21:15:30,000	3,00	19,54
95	03.09.2017 21:15:40,000	3,11	19,39
96	03.09.2017 21:15:50,000	3,30	19,05
97	03.09.2017 21:16:00,000	3,53	18,74
98	03.09.2017 21:16:10,000	3,64	18,81
99	03.09.2017 21:16:20,000	3,71	18,63
100	03.09.2017 21:16:30,000	3,79	18,45
101	03.09.2017 21:16:40,000	3,86	18,50
102	03.09.2017 21:16:50,000	4,16	18,00
103	03.09.2017 21:17:00,000	4,38	17,91
104	03.09.2017 21:17:10,000	4,49	17,53
105	03.09.2017 21:17:20,000	4,01	17,01
106	03.09.2017 21:17:30,000	3,97	16,30
107	03.09.2017 21:17:40,000	3,97	16,08
108	03.09.2017 21:17:50,000	4,01	15,87
109	03.09.2017 21:18:00,000	4,05	15,90
110	03.09.2017 21:18:10,000	4,08	15,69
111	03.09.2017 21:18:20,000	4,12	15,72
112	03.09.2017 21:18:30,000	4,12	15,49
113	03.09.2017 21:18:40,000	4,12	15,72
114	03.09.2017 21:18:50,000	4,20	15,54
115	03.09.2017 21:19:00,000	4,27	15,58
116	03.09.2017 21:19:10,000	4,31	15,83
117	03.09.2017 21:19:20,000	4,34	16,08
118	03.09.2017 21:19:30,000	4,34	16,08
119	03.09.2017 21:19:40,000	4,42	16,13
120	03.09.2017 21:19:50,000	4,49	16,17
121	03.09.2017 21:20:00,000	4,60	16,02
122	03.09.2017 21:20:10,000	4,64	16,94
123	03.09.2017 21:20:20,000	4,53	18,23
124	03.09.2017 21:20:30,000	4,31	19,23
125	03.09.2017 21:20:40,000	4,08	20,90
126	03.09.2017 21:20:50,000	3,75	22,73
127	03.09.2017 21:21:00,000	3,34	24,28
128	03.09.2017 21:21:10,000	2,70	25,24
129	03.09.2017 21:21:20,000	2,08	25,76
130	03.09.2017 21:21:30,000	1,77	25,11
131	03.09.2017 21:21:40,000	1,69	24,16
132	03.09.2017 21:21:50,000	1,57	23,86
133	03.09.2017 21:22:00,000	1,57	23,63
134	03.09.2017 21:22:10,000	1,50	23,81
135	03.09.2017 21:22:20,000	1,42	24,21
136	03.09.2017 21:22:30,000	1,42	23,98
137	03.09.2017 21:22:40,000	1,42	24,44
138	03.09.2017 21:22:50,000	1,38	24,87
139	03.09.2017 21:23:00,000	1,34	25,29
140	03.09.2017 21:23:10,000	1,18	25,87
141	03.09.2017 21:23:20,000	0,98	26,66
142	03.09.2017 21:23:30,000	0,98	27,34
143	03.09.2017 21:23:40,000	0,94	27,99
144	03.09.2017 21:23:50,000	0,74	29,00
145	03.09.2017 21:24:00,000	0,82	29,27
146	03.09.2017 21:24:10,000	1,10	30,36
147	03.09.2017 21:24:20,000	1,10	31,26
148	03.09.2017 21:24:30,000	0,94	32,07
149	03.09.2017 21:24:40,000	0,94	32,97
150	03.09.2017 21:24:50,000	0,90	33,86
151	03.09.2017 21:25:00,000	0,78	34,91
152	03.09.2017 21:25:10,000	0,62	35,72
153	03.09.2017 21:25:20,000	0,70	36,22
154	03.09.2017 21:25:30,000	0,82	36,75
155	03.09.2017 21:25:40,000	0,90	37,71
156	03.09.2017 21:25:50,000	1,02	38,24
157	03.09.2017 21:26:00,000	1,06	39,17
158	03.09.2017 21:26:10,000	1,10	40,10
159	03.09.2017 21:26:20,000	1,14	40,58
160	03.09.2017 21:26:30,000	1,26	41,56
161	03.09.2017 21:26:40,000	1,34	42,29
162	03.09.2017 21:26:50,000	1,42	43,48
163	03.09.2017 21:27:00,000	1,65	44,08
164	03.09.2017 21:27:10,000	1,69	45,24
165	03.09.2017 21:27:20,000	1,57	46,30
166	03.09.2017 21:27:30,000	1,50	47,38
167	03.09.2017 21:27:40,000	1,57	47,66
168	03.09.2017 21:27:50,000	1,85	48,51
169	03.09.2017 21:28:00,000	2,04	49,31
170	03.09.2017 21:28:10,000	2,08	50,25
171	03.09.2017 21:28:20,000	2,08	50,93
172	03.09.2017 21:28:30,000	2,04	51,81
173	03.09.2017 21:28:40,000	2,00	52,70
174	03.09.2017 21:28:50,000	1,96	53,35
175	03.09.2017 21:29:00,000	1,85	54,19
176	03.09.2017 21:29:10,000	1,73	54,80
177	03.09.2017 21:29:20,000	1,65	55,43
178	03.09.2017 21:29:30,000	1,53	56,26
179	03.09.2017 21:29:40,000	1,46	57,35
180	03.09.2017 21:29:50,000	1,38	57,75
181	03.09.2017 21:30:00,000	1,30	58,38
182	03.09.2017 21:30:10,000	1,18	59,22
183	03.09.2017 21:30:20,000	1,10	60,08
184	03.09.2017 21:30:30,000	1,02	60,48
185	03.09.2017 21:30:40,000	0,90	61,54
186	03.09.2017 21:30:50,000	0,78	62,15
187	03.09.2017 21:31:00,000	0,66	62,98
188	03.09.2017 21:31:10,000	0,54	63,59
189	03.09.2017 21:31:20,000	0,50	64,02
190	03.09.2017 21:31:30,000	0,42	64,88
191	03.09.2017 21:31:40,000	0,34	65,73
192	03.09.2017 21:31:50,000	0,22	66,34
193	03.09.2017 21:32:00,000	0,06	67,15
194	03.09.2017 21:32:10,000	-0,11	67,73
195	03.09.2017 21:32:20,000	-0,11	68,64
196	03.09.2017 21:32:30,000	-0,07	69,34
197	03.09.2017 21:32:40,000	-0,11	70,23
198	03.09.2017 21:32:50,000	-0,11	71,59
199	03.09.2017 21:33:00,000	-0,19	72,22
200	03.09.2017 21:33:10,000	-0,23	73,56
201	03.09.2017 21:33:20,000	-0,31	74,87
202	03.09.2017 21:33:30,000	-0,35	75,98
203	03.09.2017 21:33:40,000	-0,35	77,58
204	03.09.2017 21:33:50,000	-0,43	78,66
205	03.09.2017 21:34:00,000	-0,52	80,20
206	03.09.2017 21:34:10,000	-0,56	81,54
207	03.09.2017 21:34:20,000	-0,52	82,93
208	03.09.2017 21:34:30,000	-0,52	84,53
209	03.09.2017 21:34:40,000	-0,52	85,89
210	03.09.2017 21:34:50,000	-0,52	87,26
211	03.09.2017 21:35:00,000	-0,52	88,85
212	03.09.2017 21:35:10,000	-0,52	90,21
213	03.09.2017 21:35:20,000	-0,56	91,55
214	03.09.2017 21:35:30,000	-0,56	92,69
215	03.09.2017 21:35:40,000	-0,56	94,06
216	03.09.2017 21:35:50,000	-0,60	95,17
217	03.09.2017 21:36:00,000	-0,60	96,76
218	03.09.2017 21:36:10,000	-0,64	98,33
219	03.09.2017 21:36:20,000	-0,81	99,82
220	03.09.2017 21:36:30,000	-0,93	100,88
221	03.09.2017 21:36:40,000	-1,01	102,42
222	03.09.2017 21:36:50,000	-1,06	103,99
223	03.09.2017 21:37:00,000	-1,01	105,38
224	03.09.2017 21:37:10,000	-1,01	106,75
225	03.09.2017 21:37:20,000	-1,01	108,57
226	03.09.2017 21:37:30,000	-1,06	110,14
227	03.09.2017 21:37:40,000	-1,06	111,28
228	03.09.2017 21:37:50,000	-1,10	112,85
229	03.09.2017 21:38:00,000	-1,10	114,44
230	03.09.2017 21:38:10,000	-1,10	116,27
231	03.09.2017 21:38:20,000	-1,14	118,06
232	03.09.2017 21:38:30,000	-1,14	119,66
233	03.09.2017 21:38:40,000	-1,14	121,48
234	03.09.2017 21:38:50,000	-1,14	123,31
235	03.09.2017 21:39:00,000	-1,18	125,56
236	03.09.2017 21:39:10,000	-1,14	127,41
237	03.09.2017 21:39:20,000	-1,14	129,00
238	03.09.2017 21:39:30,000	-1,14	130,37
239	03.09.2017 21:39:40,000	-1,14	131,28
240	03.09.2017 21:39:50,000	-1,14	132,65
241	03.09.2017 21:40:00,000	-1,10	133,82
242	03.09.2017 21:40:10,000	-1,10	134,96
243	03.09.2017 21:40:20,000	-1,06	135,90
244	03.09.2017 21:40:30,000	-1,06	137,26
245	03.09.2017 21:40:40,000	-1,01	138,66
246	03.09.2017 21:40:50,000	-0,97	140,28
247	03.09.2017 21:41:00,000	-0,97	142,33
248	03.09.2017 21:41:10,000	-0,97	143,93
249	03.09.2017 21:41:20,000	-0,93	146,24
250	03.09.2017 21:41:30,000	-0,93	148,29
251	03.09.2017 21:41:40,000	-0,89	150,60
252	03.09.2017 21:41:50,000	-0,85	152,67
253	03.09.2017 21:42:00,000	-0,77	155,24
254	03.09.2017 21:42:10,000	-0,77	157,29
255	03.09.2017 21:42:20,000	-0,72	159,14
256	03.09.2017 21:42:30,000	-0,72	161,65
257	03.09.2017 21:42:40,000	-0,68	163,96
258	03.09.2017 21:42:50,000	-0,64	166,03
259	03.09.2017 21:43:00,000	-0,60	168,34
260	03.09.2017 21:43:10,000	-0,56	170,65
261	03.09.2017 21:43:20,000	-0,52	172,50
262	03.09.2017 21:43:30,000	-0,48	173,89
263	03.09.2017 21:43:40,000	-0,43	175,29
264	03.09.2017 21:43:50,000	-0,39	176,68
265	03.09.2017 21:44:00,000	-0,35	178,08
266	03.09.2017 21:44:10,000	-0,31	179,93
267	03.09.2017 21:44:20,000	-0,31	181,30
268	03.09.2017 21:44:30,000	-0,27	183,15
269	03.09.2017 21:44:40,000	-0,23	185,00
270	03.09.2017 21:44:50,000	-0,19	186,85
271	03.09.2017 21:45:00,000	-0,19	188,90
272	03.09.2017 21:45:10,000	-0,11	191,24
273	03.09.2017 21:45:20,000	-0,11	193,29
274	03.09.2017 21:45:30,000	-0,07	195,14
275	03.09.2017 21:45:40,000	-0,02	197,45
276	03.09.2017 21:45:50,000	0,02	199,75
277	03.09.2017 21:46:00,000	0,06	201,83
278	03.09.2017 21:46:10,000	0,10	203,91
279	03.09.2017 21:46:20,000	0,14	206,22
280	03.09.2017 21:46:30,000	0,14	208,27
281	03.09.2017 21:46:40,000	0,18	210,58
282	03.09.2017 21:46:50,000	0,18	212,63
283	03.09.2017 21:47:00,000	0,22	214,71
284	03.09.2017 21:47:10,000	0,22	216,76
285	03.09.2017 21:47:20,000	0,22	218,82
286	03.09.2017 21:47:30,000	0,22	221,10
287	03.09.2017 21:47:40,000	0,26	223,40
288	03.09.2017 21:47:50,000	0,26	225,68
289	03.09.2017 21:48:00,000	0,26	227,51
290	03.09.2017 21:48:10,000	0,26	230,02
291	03.09.2017 21:48:20,000	0,26	232,30
292	03.09.2017 21:48:30,000	0,30	234,15
293	03.09.2017 21:48:40,000	0,30	236,66
294	03.09.2017 21:48:50,000	0,30	238,71
295	03.09.2017 21:49:00,000	0,30	240,99
296	03.09.2017 21:49:10,000	0,30	243,50
297	03.09.2017 21:49:20,000	0,30	246,46
298	03.09.2017 21:49:30,000	0,30	248,52
299	03.09.2017 21:49:40,000	0,30	250,80
300	03.09.2017 21:49:50,000	0,34	253,33
301	03.09.2017 21:50:00,000	0,34	255,61
302	03.09.2017 21:50:10,000	0,34	258,12
303	03.09.2017 21:50:20,000	0,34	260,63
304	03.09.2017 21:50:30,000	0,34	262,91
305	03.09.2017 21:50:40,000	0,34	265,19
306	03.09.2017 21:50:50,000	0,34	267,69
307	03.09.2017 21:51:00,000	0,34	269,97
308	03.09.2017 21:51:10,000	0,34	272,25
309	03.09.2017 21:51:20,000	0,38	274,33
310	03.09.2017 21:51:30,000	0,38	276,38
311	03.09.2017 21:51:40,000	0,38	278,43
312	03.09.2017 21:51:50,000	0,38	280,48
313	03.09.2017 21:52:00,000	0,38	282,53
314	03.09.2017 21:52:10,000	0,38	284,13
315	03.09.2017 21:52:20,000	0,38	286,18
316	03.09.2017 21:52:30,000	0,38	287,77
317	03.09.2017 21:52:40,000	0,38	289,60
318	03.09.2017 21:52:50,000	0,38	291,19
319	03.09.2017 21:53:00,000	0,38	293,02
320	03.09.2017 21:53:10,000	0,38	294,38
321	03.09.2017 21:53:20,000	0,38	296,21
322	03.09.2017 21:53:30,000	0,38	297,57
323	03.09.2017 21:53:40,000	0,38	299,39
324	03.09.2017 21:53:50,000	0,38	300,76
325	03.09.2017 21:54:00,000	0,38	301,90
326	03.09.2017 21:54:10,000	0,38	303,04
327	03.09.2017 21:54:20,000	0,38	303,72
328	03.09.2017 21:54:30,000	0,38	304,41
329	03.09.2017 21:54:40,000	0,38	304,86
330	03.09.2017 21:54:50,000	0,38	305,77
331	03.09.2017 21:55:00,000	0,42	306,03
332	03.09.2017 21:55:10,000	0,42	306,71
333	03.09.2017 21:55:20,000	0,42	307,17
334	03.09.2017 21:55:30,000	0,42	307,39
335	03.09.2017 21:55:40,000	0,42	307,62
336	03.09.2017 21:55:50,000	0,42	308,30
337	03.09.2017 21:56:00,000	0,42	308,76
338	03.09.2017 21:56:10,000	0,42	309,22
339	03.09.2017 21:56:20,000	0,42	309,44
340	03.09.2017 21:56:30,000	0,42	310,13
341	03.09.2017 21:56:40,000	0,42	310,35
342	03.09.2017 21:56:50,000	0,42	310,35
343	03.09.2017 21:57:00,000	0,42	310,58
344	03.09.2017 21:57:10,000	0,42	310,81
345	03.09.2017 21:57:20,000	0,42	311,04
346	03.09.2017 21:57:30,000	0,42	311,04
347	03.09.2017 21:57:40,000	0,42	311,27
348	03.09.2017 21:57:50,000	0,42	311,27
349	03.09.2017 21:58:00,000	0,42	311,49
350	03.09.2017 21:58:10,000	0,42	311,49
351	03.09.2017 21:58:20,000	0,42	311,49
352	03.09.2017 21:58:30,000	0,42	311,72
353	03.09.2017 21:58:40,000	0,42	311,72
354	03.09.2017 21:58:50,000	0,42	311,72
355	03.09.2017 21:59:00,000	0,42	311,95
356	03.09.2017 21:59:10,000	0,42	312,18
357	03.09.2017 21:59:20,000	0,42	312,40
358	03.09.2017 21:59:30,000	0,42	312,18
359	03.09.2017 21:59:40,000	0,42	312,40
360	03.09.2017 21:59:50,000	0,42	312,63
361	03.09.2017 22:00:00,000	0,42	312,86
362	03.09.2017 22:00:10,000	0,42	313,09
363	03.09.2017 22:00:20,000	0,42	313,54
364	03.09.2017 22:00:30,000	0,42	313,32
365	03.09.2017 22:00:40,000	0,42	313,32
366	03.09.2017 22:00:50,000	0,42	313,09
367	03.09.2017 22:01:00,000	0,42	312,86
368	03.09.2017 22:01:10,000	0,42	312,63
369	03.09.2017 22:01:20,000	0,42	312,40
370	03.09.2017 22:01:30,000	0,42	311,95
371	03.09.2017 22:01:40,000	0,42	311,49
372	03.09.2017 22:01:50,000	0,42	310,81
373	03.09.2017 22:02:00,000	0,42	310,58
374	03.09.2017 22:02:10,000	0,42	310,13
375	03.09.2017 22:02:20,000	0,42	309,67
376	03.09.2017 22:02:30,000	0,42	309,44
377	03.09.2017 22:02:40,000	0,42	308,76
378	03.09.2017 22:02:50,000	0,42	308,53
379	03.09.2017 22:03:00,000	0,42	308,30
380	03.09.2017 22:03:10,000	0,42	307,85
381	03.09.2017 22:03:20,000	0,42	307,17
382	03.09.2017 22:03:30,000	0,42	306,94
383	03.09.2017 22:03:40,000	0,42	306,25
384	03.09.2017 22:03:50,000	0,42	306,03
385	03.09.2017 22:04:00,000	0,42	305,57
386	03.09.2017 22:04:10,000	0,42	305,12
387	03.09.2017 22:04:20,000	0,42	304,89
388	03.09.2017 22:04:30,000	0,42	304,43
389	03.09.2017 22:04:40,000	0,42	303,98
390	03.09.2017 22:04:50,000	0,42	303,52
391	03.09.2017 22:05:00,000	0,42	303,07
392	03.09.2017 22:05:10,000	0,42	302,84
393	03.09.2017 22:05:20,000	0,42	302,61
394	03.09.2017 22:05:30,000	0,42	302,38
395	03.09.2017 22:05:40,000	0,42	301,70
396	03.09.2017 22:05:50,000	0,42	301,47
397	03.09.2017 22:06:00,000	0,42	301,02
398	03.09.2017 22:06:10,000	0,42	300,56
399	03.09.2017 22:06:20,000	0,42	300,56
400	03.09.2017 22:06:30,000	0,42	300,10
401	03.09.2017 22:06:40,000	0,42	299,88
402	03.09.2017 22:06:50,000	0,38	299,62
403	03.09.2017 22:07:00,000	0,42	299,19
404	03.09.2017 22:07:10,000	0,42	298,96
405	03.09.2017 22:07:20,000	0,42	298,96
406	03.09.2017 22:07:30,000	0,42	298,74
407	03.09.2017 22:07:40,000	0,42	298,28
408	03.09.2017 22:07:50,000	0,38	297,80
409	03.09.2017 22:08:00,000	0,38	297,80
410	03.09.2017 22:08:10,000	0,38	297,57
411	03.09.2017 22:08:20,000	0,42	297,37
412	03.09.2017 22:08:30,000	0,38	297,12
413	03.09.2017 22:08:40,000	0,38	296,66
414	03.09.2017 22:08:50,000	0,38	296,43
415	03.09.2017 22:09:00,000	0,38	295,98
416	03.09.2017 22:09:10,000	0,38	295,98
417	03.09.2017 22:09:20,000	0,38	295,75
418	03.09.2017 22:09:30,000	0,38	295,52
419	03.09.2017 22:09:40,000	0,38	295,52
420	03.09.2017 22:09:50,000	0,38	295,29
421	03.09.2017 22:10:00,000	0,38	295,29
422	03.09.2017 22:10:10,000	0,38	295,29
423	03.09.2017 22:10:20,000	0,38	295,52
424	03.09.2017 22:10:30,000	0,38	295,75
425	03.09.2017 22:10:40,000	0,38	295,98
426	03.09.2017 22:10:50,000	0,38	295,98
427	03.09.2017 22:11:00,000	0,38	296,21
428	03.09.2017 22:11:10,000	0,38	296,43
429	03.09.2017 22:11:20,000	0,38	296,43
430	03.09.2017 22:11:30,000	0,38	296,89
431	03.09.2017 22:11:40,000	0,38	296,89
432	03.09.2017 22:11:50,000	0,38	297,34
433	03.09.2017 22:12:00,000	0,38	297,57
434	03.09.2017 22:12:10,000	0,38	297,80
435	03.09.2017 22:12:20,000	0,42	297,83
436	03.09.2017 22:12:30,000	0,38	298,26
437	03.09.2017 22:12:40,000	0,38	298,03
438	03.09.2017 22:12:50,000	0,38	298,71
439	03.09.2017 22:13:00,000	0,38	298,94
440	03.09.2017 22:13:10,000	0,38	298,94
441	03.09.2017 22:13:20,000	0,38	299,17
442	03.09.2017 22:13:30,000	0,38	299,39
443	03.09.2017 22:13:40,000	0,38	299,39
444	03.09.2017 22:13:50,000	0,38	299,85
445	03.09.2017 22:14:00,000	0,38	300,08
446	03.09.2017 22:14:10,000	0,38	300,53
447	03.09.2017 22:14:20,000	0,38	300,53
448	03.09.2017 22:14:30,000	0,38	300,76
449	03.09.2017 22:14:40,000	0,38	300,76
450	03.09.2017 22:14:50,000	0,38	300,99
451	03.09.2017 22:15:00,000	0,38	301,22
452	03.09.2017 22:15:10,000	0,38	300,99
453	03.09.2017 22:15:20,000	0,38	301,22
454	03.09.2017 22:15:30,000	0,38	300,99
455	03.09.2017 22:15:40,000	0,38	300,99
456	03.09.2017 22:15:50,000	0,38	301,22
457	03.09.2017 22:16:00,000	0,38	301,22
458	03.09.2017 22:16:10,000	0,38	301,45
459	03.09.2017 22:16:20,000	0,38	301,67
460	03.09.2017 22:16:30,000	0,38	301,90
461	03.09.2017 22:16:40,000	0,38	302,13
462	03.09.2017 22:16:50,000	0,38	302,36
463	03.09.2017 22:17:00,000	0,38	302,58
464	03.09.2017 22:17:10,000	0,38	302,81
465	03.09.2017 22:17:20,000	0,38	303,04
466	03.09.2017 22:17:30,000	0,38	303,50
467	03.09.2017 22:17:40,000	0,38	303,72
468	03.09.2017 22:17:50,000	0,38	303,95
469	03.09.2017 22:18:00,000	0,38	304,18
470	03.09.2017 22:18:10,000	0,38	304,63
471	03.09.2017 22:18:20,000	0,38	304,63
472	03.09.2017 22:18:30,000	0,38	305,09
473	03.09.2017 22:18:40,000	0,38	304,86
474	03.09.2017 22:18:50,000	0,38	305,09
475	03.09.2017 22:19:00,000	0,38	304,86
476	03.09.2017 22:19:10,000	0,42	304,89
477	03.09.2017 22:19:20,000	0,38	304,63
478	03.09.2017 22:19:30,000	0,38	304,63
479	03.09.2017 22:19:40,000	0,38	304,63
480	03.09.2017 22:19:50,000	0,38	304,41
481	03.09.2017 22:20:00,000	0,38	304,63
482	03.09.2017 22:20:10,000	0,38	304,41
483	03.09.2017 22:20:20,000	0,38	304,63
484	03.09.2017 22:20:30,000	0,38	304,63
485	03.09.2017 22:20:40,000	0,38	304,63
486	03.09.2017 22:20:50,000	0,38	304,63
487	03.09.2017 22:21:00,000	0,38	304,41
488	03.09.2017 22:21:10,000	0,38	304,18
489	03.09.2017 22:21:20,000	0,38	303,50
490	03.09.2017 22:21:30,000	0,38	303,27
491	03.09.2017 22:21:40,000	0,38	302,81
492	03.09.2017 22:21:50,000	0,38	302,36
493	03.09.2017 22:22:00,000	0,38	301,90
494	03.09.2017 22:22:10,000	0,38	301,22
495	03.09.2017 22:22:20,000	0,38	300,76
496	03.09.2017 22:22:30,000	0,38	300,31
497	03.09.2017 22:22:40,000	0,38	299,85
498	03.09.2017 22:22:50,000	0,38	299,62
499	03.09.2017 22:23:00,000	0,38	298,94
500	03.09.2017 22:23:10,000	0,38	298,48
501	03.09.2017 22:23:20,000	0,38	298,03
502	03.09.2017 22:23:30,000	0,38	297,80
503	03.09.2017 22:23:40,000	0,38	297,34
504	03.09.2017 22:23:50,000	0,38	297,12
505	03.09.2017 22:24:00,000	0,38	296,66
506	03.09.2017 22:24:10,000	0,38	296,21
507	03.09.2017 22:24:20,000	0,38	295,75
508	03.09.2017 22:24:30,000	0,38	295,29
509	03.09.2017 22:24:40,000	0,38	295,07
510	03.09.2017 22:24:50,000	0,38	294,38
511	03.09.2017 22:25:00,000	0,38	294,15
512	03.09.2017 22:25:10,000	0,38	293,93
513	03.09.2017 22:25:20,000	0,38	293,24
514	03.09.2017 22:25:30,000	0,38	293,24
515	03.09.2017 22:25:40,000	0,38	292,79
516	03.09.2017 22:25:50,000	0,38	292,56
517	03.09.2017 22:26:00,000	0,38	292,10
518	03.09.2017 22:26:10,000	0,38	291,65
519	03.09.2017 22:26:20,000	0,38	291,42
520	03.09.2017 22:26:30,000	0,38	290,96
521	03.09.2017 22:26:40,000	0,38	290,51
522	03.09.2017 22:26:50,000	0,38	290,28
523	03.09.2017 22:27:00,000	0,38	290,28
524	03.09.2017 22:27:10,000	0,38	289,83
525	03.09.2017 22:27:20,000	0,38	289,37
526	03.09.2017 22:27:30,000	0,38	289,14
527	03.09.2017 22:27:40,000	0,38	288,69
528	03.09.2017 22:27:50,000	0,38	288,46
529	03.09.2017 22:28:00,000	0,38	287,77
530	03.09.2017 22:28:10,000	0,38	286,86
531	03.09.2017 22:28:20,000	0,38	286,41
532	03.09.2017 22:28:30,000	0,38	285,95
533	03.09.2017 22:28:40,000	0,38	285,27
534	03.09.2017 22:28:50,000	0,38	284,58
535	03.09.2017 22:29:00,000	0,38	283,90
536	03.09.2017 22:29:10,000	0,38	283,45
537	03.09.2017 22:29:20,000	0,38	282,76
538	03.09.2017 22:29:30,000	0,38	282,31
539	03.09.2017 22:29:40,000	0,38	281,62
540	03.09.2017 22:29:50,000	0,38	281,17
541	03.09.2017 22:30:00,000	0,38	280,48
542	03.09.2017 22:30:10,000	0,38	280,03
543	03.09.2017 22:30:20,000	0,38	279,11
544	03.09.2017 22:30:30,000	0,38	278,43
545	03.09.2017 22:30:40,000	0,38	277,29
546	03.09.2017 22:30:50,000	0,38	275,01
547	03.09.2017 22:31:00,000	0,38	272,51
548	03.09.2017 22:31:10,000	0,38	270,23
549	03.09.2017 22:31:20,000	0,38	267,72
550	03.09.2017 22:31:30,000	0,38	265,67
551	03.09.2017 22:31:40,000	0,38	263,62
552	03.09.2017 22:31:50,000	0,38	261,56
553	03.09.2017 22:32:00,000	0,38	259,28
554	03.09.2017 22:32:10,000	0,38	257,46
555	03.09.2017 22:32:20,000	0,38	255,41
556	03.09.2017 22:32:30,000	0,38	253,81
557	03.09.2017 22:32:40,000	0,38	251,76
558	03.09.2017 22:32:50,000	0,38	250,16
559	03.09.2017 22:33:00,000	0,38	248,57
560	03.09.2017 22:33:10,000	0,38	246,74
561	03.09.2017 22:33:20,000	0,38	245,15
562	03.09.2017 22:33:30,000	0,38	242,87
563	03.09.2017 22:33:40,000	0,38	241,27
564	03.09.2017 22:33:50,000	0,38	239,45
565	03.09.2017 22:34:00,000	0,38	237,85
566	03.09.2017 22:34:10,000	0,34	236,00
567	03.09.2017 22:34:20,000	0,34	234,40
568	03.09.2017 22:34:30,000	0,34	232,58
569	03.09.2017 22:34:40,000	0,34	230,75
570	03.09.2017 22:34:50,000	0,34	228,93
571	03.09.2017 22:35:00,000	0,34	227,10
572	03.09.2017 22:35:10,000	0,34	225,28
573	03.09.2017 22:35:20,000	0,34	223,68
574	03.09.2017 22:35:30,000	0,34	221,63
575	03.09.2017 22:35:40,000	0,30	219,78
576	03.09.2017 22:35:50,000	0,30	217,96
577	03.09.2017 22:36:00,000	0,30	216,36
578	03.09.2017 22:36:10,000	0,30	214,31
579	03.09.2017 22:36:20,000	0,30	212,25
580	03.09.2017 22:36:30,000	0,30	210,43
581	03.09.2017 22:36:40,000	0,30	208,37
582	03.09.2017 22:36:50,000	0,26	206,75
583	03.09.2017 22:37:00,000	0,22	204,90
584	03.09.2017 22:37:10,000	0,22	202,85
585	03.09.2017 22:37:20,000	0,18	201,45
586	03.09.2017 22:37:30,000	0,14	199,15
587	03.09.2017 22:37:40,000	0,14	197,09
588	03.09.2017 22:37:50,000	0,14	195,27
589	03.09.2017 22:38:00,000	0,10	193,19
590	03.09.2017 22:38:10,000	0,06	191,11
591	03.09.2017 22:38:20,000	0,06	189,06
592	03.09.2017 22:38:30,000	0,06	186,78
593	03.09.2017 22:38:40,000	0,02	185,38
594	03.09.2017 22:38:50,000	-0,07	183,28
595	03.09.2017 22:39:00,000	-0,07	181,45
596	03.09.2017 22:39:10,000	-0,11	179,60
597	03.09.2017 22:39:20,000	-0,11	177,78
598	03.09.2017 22:39:30,000	-0,11	175,95
599	03.09.2017 22:39:40,000	-0,19	174,08
600	03.09.2017 22:39:50,000	-0,23	172,45
601	03.09.2017 22:40:00,000	-0,31	170,58
602	03.09.2017 22:40:10,000	-0,35	168,73
603	03.09.2017 22:40:20,000	-0,39	167,10
604	03.09.2017 22:40:30,000	-0,43	165,25
605	03.09.2017 22:40:40,000	-0,43	163,43
606	03.09.2017 22:40:50,000	-0,43	162,06
607	03.09.2017 22:41:00,000	-0,48	159,98
608	03.09.2017 22:41:10,000	-0,48	158,61
609	03.09.2017 22:41:20,000	-0,52	156,76
610	03.09.2017 22:41:30,000	-0,52	155,16
611	03.09.2017 22:41:40,000	-0,56	153,54
612	03.09.2017 22:41:50,000	-0,56	151,94
613	03.09.2017 22:42:00,000	-0,56	150,35
614	03.09.2017 22:42:10,000	-0,60	148,50
615	03.09.2017 22:42:20,000	-0,60	147,13
616	03.09.2017 22:42:30,000	-0,64	145,28
617	03.09.2017 22:42:40,000	-0,68	143,66
618	03.09.2017 22:42:50,000	-0,72	142,03
619	03.09.2017 22:43:00,000	-0,72	140,21
620	03.09.2017 22:43:10,000	-0,77	138,36
621	03.09.2017 22:43:20,000	-0,77	136,76
622	03.09.2017 22:43:30,000	-0,81	135,14
623	03.09.2017 22:43:40,000	-0,85	133,29
624	03.09.2017 22:43:50,000	-0,93	131,42
625	03.09.2017 22:44:00,000	-0,97	129,57
626	03.09.2017 22:44:10,000	-1,01	127,94
627	03.09.2017 22:44:20,000	-1,06	125,87
628	03.09.2017 22:44:30,000	-1,10	124,02
629	03.09.2017 22:44:40,000	-1,14	121,94
630	03.09.2017 22:44:50,000	-1,18	119,63
631	03.09.2017 22:45:00,000	-1,18	117,58
632	03.09.2017 22:45:10,000	-1,18	115,30
633	03.09.2017 22:45:20,000	-1,18	113,25
634	03.09.2017 22:45:30,000	-1,22	110,95
635	03.09.2017 22:45:40,000	-1,27	108,42
636	03.09.2017 22:45:50,000	-1,22	105,94
637	03.09.2017 22:46:00,000	-1,22	103,43
638	03.09.2017 22:46:10,000	-1,22	100,70
639	03.09.2017 22:46:20,000	-1,22	98,19
640	03.09.2017 22:46:30,000	-1,27	95,89
641	03.09.2017 22:46:40,000	-1,22	93,18
642	03.09.2017 22:46:50,000	-1,22	90,68
643	03.09.2017 22:47:00,000	-1,10	88,26
644	03.09.2017 22:47:10,000	-0,81	86,16
645	03.09.2017 22:47:20,000	-0,72	83,71
646	03.09.2017 22:47:30,000	-0,64	81,26
647	03.09.2017 22:47:40,000	-0,60	79,01
648	03.09.2017 22:47:50,000	-0,52	76,34
649	03.09.2017 22:48:00,000	-0,77	73,91
650	03.09.2017 22:48:10,000	-0,77	71,18
651	03.09.2017 22:48:20,000	-0,68	68,05
652	03.09.2017 22:48:30,000	-0,56	65,40
653	03.09.2017 22:48:40,000	-0,39	62,55
654	03.09.2017 22:48:50,000	-0,27	59,90
655	03.09.2017 22:49:00,000	-0,11	57,05
656	03.09.2017 22:49:10,000	0,34	54,60
657	03.09.2017 22:49:20,000	0,54	52,23
658	03.09.2017 22:49:30,000	0,82	50,14
659	03.09.2017 22:49:40,000	0,94	48,17
660	03.09.2017 22:49:50,000	1,18	46,50
661	03.09.2017 22:50:00,000	1,10	45,55
662	03.09.2017 22:50:10,000	1,02	44,14
663	03.09.2017 22:50:20,000	1,46	42,37
664	03.09.2017 22:50:30,000	1,77	41,43
665	03.09.2017 22:50:40,000	1,96	39,96
666	03.09.2017 22:50:50,000	1,89	39,23
667	03.09.2017 22:51:00,000	1,53	38,56
668	03.09.2017 22:51:10,000	1,38	37,33
669	03.09.2017 22:51:20,000	1,22	36,78
670	03.09.2017 22:51:30,000	1,26	35,44
671	03.09.2017 22:51:40,000	1,18	34,48
672	03.09.2017 22:51:50,000	0,98	33,45
673	03.09.2017 22:52:00,000	0,70	32,14
674	03.09.2017 22:52:10,000	0,54	30,46
675	03.09.2017 22:52:20,000	0,58	28,90
676	03.09.2017 22:52:30,000	0,38	27,41
677	03.09.2017 22:52:40,000	0,18	26,38
678	03.09.2017 22:52:50,000	0,10	24,74
679	03.09.2017 22:53:00,000	0,10	23,38
680	03.09.2017 22:53:10,000	-0,02	22,63
681	03.09.2017 22:53:20,000	-0,11	21,67
682	03.09.2017 22:53:30,000	-0,19	20,94
683	03.09.2017 22:53:40,000	-0,19	20,72
684	03.09.2017 22:53:50,000	-0,19	20,04
685	03.09.2017 22:54:00,000	-0,19	19,81
686	03.09.2017 22:54:10,000	-0,19	19,58
687	03.09.2017 22:54:20,000	-0,19	19,13
688	03.09.2017 22:54:30,000	-0,19	19,13
689	03.09.2017 22:54:40,000	-0,19	18,68
690	03.09.2017 22:54:50,000	-0,19	18,45
691	03.09.2017 22:55:00,000	-0,19	18,45
692	03.09.2017 22:55:10,000	-0,15	18,25
693	03.09.2017 22:55:20,000	-0,15	19,16
694	03.09.2017 22:55:30,000	-0,19	19,36
695	03.09.2017 22:55:40,000	-0,19	19,58
696	03.09.2017 22:55:50,000	-0,19	19,58
697	03.09.2017 22:56:00,000	-0,19	19,58
698	03.09.2017 22:56:10,000	-0,19	19,36
699	03.09.2017 22:56:20,000	-0,19	19,13
700	03.09.2017 22:56:30,000	-0,19	19,36
701	03.09.2017 22:56:40,000	-0,23	19,33
702	03.09.2017 22:56:50,000	-0,23	19,56
703	03.09.2017 22:57:00,000	-0,23	19,11
704	03.09.2017 22:57:10,000	-0,23	18,88
705	03.09.2017 22:57:20,000	-0,23	18,88
706	03.09.2017 22:57:30,000	-0,23	18,43
707	03.09.2017 22:57:40,000	-0,15	18,03
708	03.09.2017 22:57:50,000	-0,11	17,82
709	03.09.2017 22:58:00,000	0,06	17,47
710	03.09.2017 22:58:10,000	0,22	17,12
711	03.09.2017 22:58:20,000	0,26	16,47
712	03.09.2017 22:58:30,000	0,46	15,69
713	03.09.2017 22:58:40,000	0,70	14,71
714	03.09.2017 22:58:50,000	1,02	14,69
715	03.09.2017 22:59:00,000	1,22	14,81
716	03.09.2017 22:59:10,000	1,30	15,08
717	03.09.2017 22:59:20,000	1,30	15,31
718	03.09.2017 22:59:30,000	1,22	15,49
719	03.09.2017 22:59:40,000	1,18	15,69
720	03.09.2017 22:59:50,000	1,10	15,64
721	03.09.2017 23:00:00,000	1,02	15,82
722	03.09.2017 23:00:10,000	0,94	16,44
723	03.09.2017 23:00:20,000	0,78	16,80
724	03.09.2017 23:00:30,000	0,62	16,70
725	03.09.2017 23:00:40,000	0,58	16,45
726	03.09.2017 23:00:50,000	0,62	16,02
727	03.09.2017 23:01:00,000	0,70	15,84
728	03.09.2017 23:01:10,000	0,86	15,72
729	03.09.2017 23:01:20,000	0,94	15,54
730	03.09.2017 23:01:30,000	1,02	15,82
731	03.09.2017 23:01:40,000	1,02	15,59
732	03.09.2017 23:01:50,000	1,18	15,46
733	03.09.2017 23:02:00,000	1,26	15,29
734	03.09.2017 23:02:10,000	1,30	15,08
735	03.09.2017 23:02:20,000	1,34	15,11
736	03.09.2017 23:02:30,000	1,34	15,34
737	03.09.2017 23:02:40,000	1,38	14,91
738	03.09.2017 23:02:50,000	1,38	14,91
739	03.09.2017 23:03:00,000	1,42	14,93
740	03.09.2017 23:03:10,000	1,34	15,11
741	03.09.2017 23:03:20,000	1,38	14,91
742	03.09.2017 23:03:30,000	1,30	15,08
743	03.09.2017 23:03:40,000	1,22	15,26
744	03.09.2017 23:03:50,000	1,26	15,29
745	03.09.2017 23:04:00,000	1,22	15,49
746	03.09.2017 23:04:10,000	1,18	15,46
747	03.09.2017 23:04:20,000	1,18	15,24
748	03.09.2017 23:04:30,000	1,42	14,48
749	03.09.2017 23:04:40,000	1,81	13,82
750	03.09.2017 23:04:50,000	2,50	12,90
751	03.09.2017 23:05:00,000	2,85	13,79
752	03.09.2017 23:05:10,000	2,54	14,51
753	03.09.2017 23:05:20,000	2,35	15,06
754	03.09.2017 23:05:30,000	2,04	15,55
755	03.09.2017 23:05:40,000	1,89	15,68
756	03.09.2017 23:05:50,000	1,81	15,86
757	03.09.2017 23:06:00,000	1,81	15,63
758	03.09.2017 23:06:10,000	1,61	15,96
759	03.09.2017 23:06:20,000	1,26	16,42
760	03.09.2017 23:06:30,000	1,10	16,54
761	03.09.2017 23:06:40,000	0,86	16,39
762	03.09.2017 23:06:50,000	0,70	16,52
763	03.09.2017 23:07:00,000	0,58	16,22
764	03.09.2017 23:07:10,000	0,46	15,92
765	03.09.2017 23:07:20,000	0,46	15,01
766	03.09.2017 23:07:30,000	0,50	14,59
767	03.09.2017 23:07:40,000	0,70	14,49
768	03.09.2017 23:07:50,000	0,74	14,51
769	03.09.2017 23:08:00,000	0,70	14,03
770	03.09.2017 23:08:10,000	0,74	13,38
771	03.09.2017 23:08:20,000	1,14	12,50
772	03.09.2017 23:08:30,000	1,38	11,97
773	03.09.2017 23:08:40,000	1,61	12,12
774	03.09.2017 23:08:50,000	1,73	12,41
775	03.09.2017 23:09:00,000	1,81	12,01
776	03.09.2017 23:09:10,000	1,81	12,01
777	03.09.2017 23:09:20,000	1,77	11,99
778	03.09.2017 23:09:30,000	1,81	12,01
779	03.09.2017 23:09:40,000	1,85	12,26
780	03.09.2017 23:09:50,000	1,85	12,26
781	03.09.2017 23:10:00,000	1,92	12,08
782	03.09.2017 23:10:10,000	1,96	11,88
783	03.09.2017 23:10:20,000	1,96	12,33
784	03.09.2017 23:10:30,000	2,00	12,13
785	03.09.2017 23:10:40,000	2,00	12,13
786	03.09.2017 23:10:50,000	2,04	11,93
787	03.09.2017 23:11:00,000	2,08	11,73
788	03.09.2017 23:11:10,000	2,08	12,86
789	03.09.2017 23:11:20,000	2,08	13,09
790	03.09.2017 23:11:30,000	2,08	13,09
791	03.09.2017 23:11:40,000	2,04	13,29
792	03.09.2017 23:11:50,000	2,04	13,06
793	03.09.2017 23:12:00,000	1,96	13,01
794	03.09.2017 23:12:10,000	1,85	13,39
795	03.09.2017 23:12:20,000	1,92	12,99
796	03.09.2017 23:12:30,000	2,04	13,29
797	03.09.2017 23:12:40,000	2,04	13,06
798	03.09.2017 23:12:50,000	1,96	13,24
799	03.09.2017 23:13:00,000	2,00	13,04
800	03.09.2017 23:13:10,000	2,00	13,26
801	03.09.2017 23:13:20,000	1,81	13,14
802	03.09.2017 23:13:30,000	1,92	12,99
803	03.09.2017 23:13:40,000	1,89	13,19
804	03.09.2017 23:13:50,000	1,85	13,17
805	03.09.2017 23:14:00,000	1,96	13,01
806	03.09.2017 23:14:10,000	2,00	11,68
807	03.09.2017 23:14:20,000	2,16	10,42
808	03.09.2017 23:14:30,000	2,89	9,07
809	03.09.2017 23:14:40,000	3,68	7,75
810	03.09.2017 23:14:50,000	4,12	8,26
811	03.09.2017 23:15:00,000	4,20	8,08
812	03.09.2017 23:15:10,000	4,27	8,80
813	03.09.2017 23:15:20,000	4,38	9,55
814	03.09.2017 23:15:30,000	4,38	10,00
815	03.09.2017 23:15:40,000	4,56	9,89
816	03.09.2017 23:15:50,000	4,67	10,18
817	03.09.2017 23:16:00,000	4,75	10,45
818	03.09.2017 23:16:10,000	4,78	10,93
819	03.09.2017 23:16:20,000	4,85	10,97
820	03.09.2017 23:16:30,000	4,93	10,11
821	03.09.2017 23:16:40,000	4,75	9,77
822	03.09.2017 23:16:50,000	4,60	8,78
823	03.09.2017 23:17:00,000	4,60	8,33
824	03.09.2017 23:17:10,000	4,53	8,73
825	03.09.2017 23:17:20,000	4,60	9,01
826	03.09.2017 23:17:30,000	4,60	9,23
827	03.09.2017 23:17:40,000	4,56	8,98
828	03.09.2017 23:17:50,000	4,60	8,78
829	03.09.2017 23:18:00,000	4,60	8,10
830	03.09.2017 23:18:10,000	4,60	7,42
831	03.09.2017 23:18:20,000	4,71	6,14
832	03.09.2017 23:18:30,000	4,78	5,05
833	03.09.2017 23:18:40,000	4,85	3,76
834	03.09.2017 23:18:50,000	4,96	2,41
835	03.09.2017 23:19:00,000	4,96	0,83
836	03.09.2017 23:19:10,000	5,18	0,00
837	03.09.2017 23:19:20,000	5,32	0,00
838	03.09.2017 23:19:30,000	5,43	0,00
839	03.09.2017 23:19:40,000	5,43	0,00
840	03.09.2017 23:19:50,000	5,47	0,00
841	03.09.2017 23:20:00,000	5,47	0,00
842	03.09.2017 23:20:10,000	5,47	0,00
843	03.09.2017 23:20:20,000	5,47	0,00
844	03.09.2017 23:20:30,000	5,47	0,00
845	03.09.2017 23:20:40,000	5,43	0,00
846	03.09.2017 23:20:50,000	5,47	0,00
847	03.09.2017 23:21:00,000	5,50	0,00
848	03.09.2017 23:21:10,000	5,50	0,00
849	03.09.2017 23:21:20,000	5,50	0,00
850	03.09.2017 23:21:30,000	5,50	0,00
851	03.09.2017 23:21:40,000	5,50	0,00
852	03.09.2017 23:21:50,000	5,50	0,00
853	03.09.2017 23:22:00,000	5,50	0,00
854	03.09.2017 23:22:10,000	5,54	0,00
855	03.09.2017 23:22:20,000	5,54	0,00
856	03.09.2017 23:22:30,000	5,58	0,00
857	03.09.2017 23:22:40,000	5,58	0,00
858	03.09.2017 23:22:50,000	5,61	0,00
859	03.09.2017 23:23:00,000	5,65	0,00
860	03.09.2017 23:23:10,000	5,68	0,00
861	03.09.2017 23:23:20,000	5,68	0,00
862	03.09.2017 23:23:30,000	5,72	0,00
863	03.09.2017 23:23:40,000	5,75	0,00
864	03.09.2017 23:23:50,000	5,79	0,00
865	03.09.2017 23:24:00,000	5,83	0,00
866	03.09.2017 23:24:10,000	5,83	0,00
867	03.09.2017 23:24:20,000	5,90	0,00
868	03.09.2017 23:24:30,000	5,90	0,00
869	03.09.2017 23:24:40,000	5,93	0,00
870	03.09.2017 23:24:50,000	5,97	0,00
871	03.09.2017 23:25:00,000	6,00	0,00
872	03.09.2017 23:25:10,000	6,04	0,00
873	03.09.2017 23:25:20,000	6,07	0,00
874	03.09.2017 23:25:30,000	6,11	0,00
875	03.09.2017 23:25:40,000	6,15	0,00
876	03.09.2017 23:25:50,000	6,18	0,00
877	03.09.2017 23:26:00,000	6,22	0,00
878	03.09.2017 23:26:10,000	6,25	0,00
879	03.09.2017 23:26:20,000	6,29	0,00
880	03.09.2017 23:26:30,000	6,32	0,00
881	03.09.2017 23:26:40,000	6,36	0,00
882	03.09.2017 23:26:50,000	6,39	0,00
883	03.09.2017 23:27:00,000	6,43	0,00
884	03.09.2017 23:27:10,000	6,46	0,00
885	03.09.2017 23:27:20,000	6,50	0,00
886	03.09.2017 23:27:30,000	6,53	0,00
887	03.09.2017 23:27:40,000	6,53	0,00
888	03.09.2017 23:27:50,000	6,57	0,00
889	03.09.2017 23:28:00,000	6,60	0,00
890	03.09.2017 23:28:10,000	6,64	0,00
891	03.09.2017 23:28:20,000	6,67	0,00
892	03.09.2017 23:28:30,000	6,71	0,00
893	03.09.2017 23:28:40,000	6,74	0,00
894	03.09.2017 23:28:50,000	6,78	0,00
895	03.09.2017 23:29:00,000	6,81	0,00
896	03.09.2017 23:29:10,000	6,81	0,00
897	03.09.2017 23:29:20,000	6,85	0,00
898	03.09.2017 23:29:30,000	6,88	0,00
899	03.09.2017 23:29:40,000	6,92	0,00
900	03.09.2017 23:29:50,000	6,95	0,00
901	03.09.2017 23:30:00,000	6,99	0,00
902	03.09.2017 23:30:10,000	7,02	0,00
903	03.09.2017 23:30:20,000	7,06	0,00
904	03.09.2017 23:30:30,000	7,06	0,00
905	03.09.2017 23:30:40,000	7,09	0,00
906	03.09.2017 23:30:50,000	7,13	0,00
907	03.09.2017 23:31:00,000	7,16	0,00
908	03.09.2017 23:31:10,000	7,19	0,00
909	03.09.2017 23:31:20,000	7,19	0,00
910	03.09.2017 23:31:30,000	7,23	0,00
911	03.09.2017 23:31:40,000	7,26	0,00
912	03.09.2017 23:31:50,000	7,30	0,00
913	03.09.2017 23:32:00,000	7,33	0,00
914	03.09.2017 23:32:10,000	7,37	0,00
915	03.09.2017 23:32:20,000	7,37	0,00
916	03.09.2017 23:32:30,000	7,40	0,00
917	03.09.2017 23:32:40,000	7,44	0,00
918	03.09.2017 23:32:50,000	7,47	0,00
919	03.09.2017 23:33:00,000	7,51	0,00
920	03.09.2017 23:33:10,000	7,51	0,00
921	03.09.2017 23:33:20,000	7,54	0,00
922	03.09.2017 23:33:30,000	7,57	0,00
923	03.09.2017 23:33:40,000	7,61	0,00
924	03.09.2017 23:33:50,000	7,64	0,00
925	03.09.2017 23:34:00,000	7,64	0,00
926	03.09.2017 23:34:10,000	7,68	0,00
927	03.09.2017 23:34:20,000	7,68	0,00
928	03.09.2017 23:34:30,000	7,71	0,00
929	03.09.2017 23:34:40,000	7,75	0,00
930	03.09.2017 23:34:50,000	7,75	0,00
931	03.09.2017 23:35:00,000	7,78	0,00
932	03.09.2017 23:35:10,000	7,81	0,00
933	03.09.2017 23:35:20,000	7,85	0,00
934	03.09.2017 23:35:30,000	7,85	0,00
935	03.09.2017 23:35:40,000	7,88	0,00
936	03.09.2017 23:35:50,000	7,92	0,00
937	03.09.2017 23:36:00,000	7,92	0,00
938	03.09.2017 23:36:10,000	7,95	0,00
939	03.09.2017 23:36:20,000	7,99	0,00
940	03.09.2017 23:36:30,000	7,99	0,00
941	03.09.2017 23:36:40,000	8,02	0,00
942	03.09.2017 23:36:50,000	8,05	0,00
943	03.09.2017 23:37:00,000	8,05	0,00
944	03.09.2017 23:37:10,000	8,09	0,00
945	03.09.2017 23:37:20,000	8,12	0,00
946	03.09.2017 23:37:30,000	8,12	0,00
947	03.09.2017 23:37:40,000	8,16	0,00
948	03.09.2017 23:37:50,000	8,19	0,00
949	03.09.2017 23:38:00,000	8,19	0,00
950	03.09.2017 23:38:10,000	8,19	0,00
951	03.09.2017 23:38:20,000	8,22	0,00
952	03.09.2017 23:38:30,000	8,26	0,00
953	03.09.2017 23:38:40,000	8,26	0,00
954	03.09.2017 23:38:50,000	8,29	0,00
955	03.09.2017 23:39:00,000	8,29	0,00
956	03.09.2017 23:39:10,000	8,33	0,00
957	03.09.2017 23:39:20,000	8,36	0,00
958	03.09.2017 23:39:30,000	8,36	0,00
959	03.09.2017 23:39:40,000	8,39	0,00
960	03.09.2017 23:39:50,000	8,39	0,00
961	03.09.2017 23:40:00,000	8,43	0,00
962	03.09.2017 23:40:10,000	8,43	0,00
963	03.09.2017 23:40:20,000	8,46	0,00
964	03.09.2017 23:40:30,000	8,46	0,00
965	03.09.2017 23:40:40,000	8,49	0,00
966	03.09.2017 23:40:50,000	8,49	0,00
967	03.09.2017 23:41:00,000	8,53	0,00
968	03.09.2017 23:41:10,000	8,53	0,00
969	03.09.2017 23:41:20,000	8,56	0,00
970	03.09.2017 23:41:30,000	8,56	0,00
971	03.09.2017 23:41:40,000	8,60	0,00
972	03.09.2017 23:41:50,000	8,60	0,00
973	03.09.2017 23:42:00,000	8,63	0,00
974	03.09.2017 23:42:10,000	8,63	0,00
975	03.09.2017 23:42:20,000	8,66	0,00
976	03.09.2017 23:42:30,000	8,66	0,00
977	03.09.2017 23:42:40,000	8,70	0,00
978	03.09.2017 23:42:50,000	8,70	0,00
979	03.09.2017 23:43:00,000	8,73	0,00
980	03.09.2017 23:43:10,000	8,73	0,00
981	03.09.2017 23:43:20,000	8,73	0,00
982	03.09.2017 23:43:30,000	8,73	0,00
983	03.09.2017 23:43:40,000	8,76	0,00
984	03.09.2017 23:43:50,000	8,76	0,00
985	03.09.2017 23:44:00,000	8,76	0,00
986	03.09.2017 23:44:10,000	8,76	0,00
987	03.09.2017 23:44:20,000	8,76	0,00
988	03.09.2017 23:44:30,000	8,80	0,00
989	03.09.2017 23:44:40,000	8,80	0,00
990	03.09.2017 23:44:50,000	8,80	0,00
991	03.09.2017 23:45:00,000	8,83	0,00
992	03.09.2017 23:45:10,000	8,86	0,00
993	03.09.2017 23:45:20,000	8,86	0,00
994	03.09.2017 23:45:30,000	8,90	0,00
995	03.09.2017 23:45:40,000	8,93	0,00
996	03.09.2017 23:45:50,000	11,94	0,00
997	03.09.2017 23:46:00,000	12,92	0,00
998	03.09.2017 23:46:10,000	13,05	0,00
999	03.09.2017 23:46:20,000	13,05	0,00
1000	03.09.2017 23:46:30,000	13,08	0,00
1001	03.09.2017 23:46:40,000	13,20	0,00
1002	03.09.2017 23:46:50,000	13,23	0,00
1003	03.09.2017 23:47:00,000	13,30	0,00
1004	03.09.2017 23:47:10,000	13,27	0,00
1005	03.09.2017 23:47:20,000	14,20	0,00
