#B	Created:	04.09.2017 16:47:54
##	Version	SeaStar	7.49
#5	Field separation:	0
#2	Date & Time:	1
#6	Decimal point:	,
#7	Date def.:	dd.mm.yyyy	.
#8	Time def.:	:
##	Axis	0	Temperature(°C)	clRed	FALSE
##	Axis	1	Depth(m)	clBlue	TRUE
##	Series	0	Temp(°C)	clRed	0	Temp(°C)	2
##	Series	1	Depth(m)	clBlue	1	Depth(m)	2
##	Recorder	54	DST centi	8047
##	Chart	54C8047DAT	
#D	Data:	1092	04.09.2017 13:45:00	04.09.2017 16:46:50
1	04.09.2017 13:45:00,000	23,21	0,00
2	04.09.2017 13:45:10,000	23,16	0,00
3	04.09.2017 13:45:20,000	23,07	0,00
4	04.09.2017 13:45:30,000	23,07	0,00
5	04.09.2017 13:45:40,000	23,07	0,00
6	04.09.2017 13:45:50,000	23,04	0,00
7	04.09.2017 13:46:00,000	23,01	0,00
8	04.09.2017 13:46:10,000	22,95	0,00
9	04.09.2017 13:46:20,000	22,92	0,00
10	04.09.2017 13:46:30,000	22,89	0,00
11	04.09.2017 13:46:40,000	22,84	0,00
12	04.09.2017 13:46:50,000	22,81	0,00
13	04.09.2017 13:47:00,000	22,75	0,00
14	04.09.2017 13:47:10,000	22,66	0,00
15	04.09.2017 13:47:20,000	22,60	0,00
16	04.09.2017 13:47:30,000	22,55	0,00
17	04.09.2017 13:47:40,000	22,49	0,00
18	04.09.2017 13:47:50,000	22,43	0,00
19	04.09.2017 13:48:00,000	22,37	0,00
20	04.09.2017 13:48:10,000	22,31	0,00
21	04.09.2017 13:48:20,000	22,23	0,00
22	04.09.2017 13:48:30,000	22,17	0,00
23	04.09.2017 13:48:40,000	22,11	0,00
24	04.09.2017 13:48:50,000	22,02	0,00
25	04.09.2017 13:49:00,000	21,97	0,00
26	04.09.2017 13:49:10,000	21,91	0,00
27	04.09.2017 13:49:20,000	21,82	0,00
28	04.09.2017 13:49:30,000	21,76	0,00
29	04.09.2017 13:49:40,000	21,70	0,00
30	04.09.2017 13:49:50,000	21,62	0,00
31	04.09.2017 13:50:00,000	21,56	0,00
32	04.09.2017 13:50:10,000	21,50	0,00
33	04.09.2017 13:50:20,000	21,41	0,00
34	04.09.2017 13:50:30,000	21,35	0,00
35	04.09.2017 13:50:40,000	21,27	0,00
36	04.09.2017 13:50:50,000	21,21	0,00
37	04.09.2017 13:51:00,000	21,12	0,00
38	04.09.2017 13:51:10,000	21,06	0,00
39	04.09.2017 13:51:20,000	20,97	0,00
40	04.09.2017 13:51:30,000	20,92	0,00
41	04.09.2017 13:51:40,000	20,83	0,00
42	04.09.2017 13:51:50,000	20,74	0,00
43	04.09.2017 13:52:00,000	20,68	0,00
44	04.09.2017 13:52:10,000	20,59	0,00
45	04.09.2017 13:52:20,000	20,53	0,00
46	04.09.2017 13:52:30,000	20,45	0,00
47	04.09.2017 13:52:40,000	20,36	0,00
48	04.09.2017 13:52:50,000	20,30	0,00
49	04.09.2017 13:53:00,000	20,21	0,00
50	04.09.2017 13:53:10,000	20,12	0,00
51	04.09.2017 13:53:20,000	20,07	0,00
52	04.09.2017 13:53:30,000	19,98	0,00
53	04.09.2017 13:53:40,000	19,89	0,00
54	04.09.2017 13:53:50,000	19,80	0,00
55	04.09.2017 13:54:00,000	19,74	0,00
56	04.09.2017 13:54:10,000	19,65	0,00
57	04.09.2017 13:54:20,000	19,59	0,00
58	04.09.2017 13:54:30,000	19,51	0,00
59	04.09.2017 13:54:40,000	19,45	0,00
60	04.09.2017 13:54:50,000	19,36	0,00
61	04.09.2017 13:55:00,000	19,27	0,00
62	04.09.2017 13:55:10,000	19,18	0,00
63	04.09.2017 13:55:20,000	19,12	0,00
64	04.09.2017 13:55:30,000	19,03	0,00
65	04.09.2017 13:55:40,000	18,94	0,00
66	04.09.2017 13:55:50,000	18,89	0,00
67	04.09.2017 13:56:00,000	18,80	0,00
68	04.09.2017 13:56:10,000	18,74	0,00
69	04.09.2017 13:56:20,000	18,65	0,00
70	04.09.2017 13:56:30,000	18,59	0,00
71	04.09.2017 13:56:40,000	18,50	0,00
72	04.09.2017 13:56:50,000	18,44	0,00
73	04.09.2017 13:57:00,000	18,35	0,00
74	04.09.2017 13:57:10,000	18,29	0,00
75	04.09.2017 13:57:20,000	18,20	0,00
76	04.09.2017 13:57:30,000	18,14	0,00
77	04.09.2017 13:57:40,000	18,05	0,00
78	04.09.2017 13:57:50,000	17,96	0,00
79	04.09.2017 13:58:00,000	17,90	0,00
80	04.09.2017 13:58:10,000	17,81	0,00
81	04.09.2017 13:58:20,000	17,76	0,00
82	04.09.2017 13:58:30,000	17,64	0,00
83	04.09.2017 13:58:40,000	17,58	0,00
84	04.09.2017 13:58:50,000	17,49	0,00
85	04.09.2017 13:59:00,000	17,40	0,00
86	04.09.2017 13:59:10,000	17,34	0,00
87	04.09.2017 13:59:20,000	17,28	0,00
88	04.09.2017 13:59:30,000	17,19	0,00
89	04.09.2017 13:59:40,000	17,10	0,00
90	04.09.2017 13:59:50,000	17,01	0,00
91	04.09.2017 14:00:00,000	16,92	0,00
92	04.09.2017 14:00:10,000	16,83	0,00
93	04.09.2017 14:00:20,000	16,77	0,00
94	04.09.2017 14:00:30,000	16,67	0,00
95	04.09.2017 14:00:40,000	16,58	0,00
96	04.09.2017 14:00:50,000	16,49	0,00
97	04.09.2017 14:01:00,000	16,40	0,00
98	04.09.2017 14:01:10,000	16,34	0,00
99	04.09.2017 14:01:20,000	16,25	0,00
100	04.09.2017 14:01:30,000	16,19	0,00
101	04.09.2017 14:01:40,000	16,10	0,00
102	04.09.2017 14:01:50,000	16,01	0,00
103	04.09.2017 14:02:00,000	15,95	0,00
104	04.09.2017 14:02:10,000	15,86	0,00
105	04.09.2017 14:02:20,000	15,80	0,00
106	04.09.2017 14:02:30,000	15,71	0,00
107	04.09.2017 14:02:40,000	15,64	0,00
108	04.09.2017 14:02:50,000	15,55	0,00
109	04.09.2017 14:03:00,000	15,49	0,00
110	04.09.2017 14:03:10,000	15,40	0,00
111	04.09.2017 14:03:20,000	15,34	0,00
112	04.09.2017 14:03:30,000	15,25	0,00
113	04.09.2017 14:03:40,000	15,19	0,00
114	04.09.2017 14:03:50,000	15,12	0,00
115	04.09.2017 14:04:00,000	15,03	0,00
116	04.09.2017 14:04:10,000	14,97	0,00
117	04.09.2017 14:04:20,000	13,58	2,41
118	04.09.2017 14:04:30,000	11,52	4,44
119	04.09.2017 14:04:40,000	10,88	5,17
120	04.09.2017 14:04:50,000	10,29	4,59
121	04.09.2017 14:05:00,000	9,80	3,31
122	04.09.2017 14:05:10,000	9,86	1,73
123	04.09.2017 14:05:20,000	8,66	0,60
124	04.09.2017 14:05:30,000	8,33	0,00
125	04.09.2017 14:05:40,000	8,22	0,00
126	04.09.2017 14:05:50,000	8,19	0,00
127	04.09.2017 14:06:00,000	8,16	0,00
128	04.09.2017 14:06:10,000	8,09	0,00
129	04.09.2017 14:06:20,000	8,02	0,00
130	04.09.2017 14:06:30,000	7,99	0,00
131	04.09.2017 14:06:40,000	7,99	0,00
132	04.09.2017 14:06:50,000	7,78	0,38
133	04.09.2017 14:07:00,000	7,13	2,41
134	04.09.2017 14:07:10,000	6,88	2,41
135	04.09.2017 14:07:20,000	6,50	0,00
136	04.09.2017 14:07:30,000	6,25	0,15
137	04.09.2017 14:07:40,000	6,15	0,00
138	04.09.2017 14:07:50,000	6,07	0,83
139	04.09.2017 14:08:00,000	6,00	2,18
140	04.09.2017 14:08:10,000	5,97	4,22
141	04.09.2017 14:08:20,000	5,90	6,19
142	04.09.2017 14:08:30,000	5,79	8,84
143	04.09.2017 14:08:40,000	5,68	11,26
144	04.09.2017 14:08:50,000	4,93	14,64
145	04.09.2017 14:09:00,000	4,12	16,62
146	04.09.2017 14:09:10,000	3,53	18,51
147	04.09.2017 14:09:20,000	2,81	18,29
148	04.09.2017 14:09:30,000	2,08	17,84
149	04.09.2017 14:09:40,000	1,57	17,07
150	04.09.2017 14:09:50,000	1,34	16,47
151	04.09.2017 14:10:00,000	1,14	16,34
152	04.09.2017 14:10:10,000	1,02	15,82
153	04.09.2017 14:10:20,000	0,94	17,12
154	04.09.2017 14:10:30,000	0,82	18,63
155	04.09.2017 14:10:40,000	0,70	20,37
156	04.09.2017 14:10:50,000	0,54	22,08
157	04.09.2017 14:11:00,000	0,46	22,93
158	04.09.2017 14:11:10,000	0,42	23,36
159	04.09.2017 14:11:20,000	0,30	23,51
160	04.09.2017 14:11:30,000	0,22	23,01
161	04.09.2017 14:11:40,000	0,14	22,96
162	04.09.2017 14:11:50,000	0,10	22,71
163	04.09.2017 14:12:00,000	0,02	22,65
164	04.09.2017 14:12:10,000	-0,11	22,12
165	04.09.2017 14:12:20,000	-0,19	21,62
166	04.09.2017 14:12:30,000	-0,23	21,14
167	04.09.2017 14:12:40,000	-0,27	21,80
168	04.09.2017 14:12:50,000	-0,31	23,13
169	04.09.2017 14:13:00,000	-0,31	24,49
170	04.09.2017 14:13:10,000	-0,35	26,05
171	04.09.2017 14:13:20,000	-0,35	27,41
172	04.09.2017 14:13:30,000	-0,31	28,56
173	04.09.2017 14:13:40,000	-0,35	28,99
174	04.09.2017 14:13:50,000	-0,35	28,99
175	04.09.2017 14:14:00,000	-0,35	28,76
176	04.09.2017 14:14:10,000	-0,35	28,76
177	04.09.2017 14:14:20,000	-0,35	28,31
178	04.09.2017 14:14:30,000	-0,35	28,08
179	04.09.2017 14:14:40,000	-0,35	27,86
180	04.09.2017 14:14:50,000	-0,35	27,63
181	04.09.2017 14:15:00,000	-0,35	27,63
182	04.09.2017 14:15:10,000	-0,35	27,18
183	04.09.2017 14:15:20,000	-0,31	27,43
184	04.09.2017 14:15:30,000	-0,31	26,98
185	04.09.2017 14:15:40,000	-0,31	26,75
186	04.09.2017 14:15:50,000	-0,31	27,20
187	04.09.2017 14:16:00,000	-0,27	27,68
188	04.09.2017 14:16:10,000	-0,27	28,14
189	04.09.2017 14:16:20,000	-0,31	28,11
190	04.09.2017 14:16:30,000	-0,31	28,11
191	04.09.2017 14:16:40,000	-0,35	27,63
192	04.09.2017 14:16:50,000	-0,35	28,08
193	04.09.2017 14:17:00,000	-0,35	28,54
194	04.09.2017 14:17:10,000	-0,35	28,99
195	04.09.2017 14:17:20,000	-0,39	28,97
196	04.09.2017 14:17:30,000	-0,39	28,74
197	04.09.2017 14:17:40,000	-0,39	28,51
198	04.09.2017 14:17:50,000	-0,39	28,06
199	04.09.2017 14:18:00,000	-0,39	27,61
200	04.09.2017 14:18:10,000	-0,35	27,18
201	04.09.2017 14:18:20,000	-0,35	27,63
202	04.09.2017 14:18:30,000	-0,35	28,31
203	04.09.2017 14:18:40,000	-0,35	29,22
204	04.09.2017 14:18:50,000	-0,35	30,58
205	04.09.2017 14:19:00,000	-0,35	31,94
206	04.09.2017 14:19:10,000	-0,39	33,27
207	04.09.2017 14:19:20,000	-0,39	33,04
208	04.09.2017 14:19:30,000	-0,43	32,34
209	04.09.2017 14:19:40,000	-0,43	31,43
210	04.09.2017 14:19:50,000	-0,43	30,75
211	04.09.2017 14:20:00,000	-0,48	29,82
212	04.09.2017 14:20:10,000	-0,43	29,62
213	04.09.2017 14:20:20,000	-0,43	28,94
214	04.09.2017 14:20:30,000	-0,43	28,03
215	04.09.2017 14:20:40,000	-0,39	26,93
216	04.09.2017 14:20:50,000	-0,39	26,25
217	04.09.2017 14:21:00,000	-0,35	26,27
218	04.09.2017 14:21:10,000	-0,35	26,50
219	04.09.2017 14:21:20,000	-0,35	26,73
220	04.09.2017 14:21:30,000	-0,35	26,95
221	04.09.2017 14:21:40,000	-0,31	27,43
222	04.09.2017 14:21:50,000	-0,31	28,11
223	04.09.2017 14:22:00,000	-0,31	28,56
224	04.09.2017 14:22:10,000	-0,35	28,99
225	04.09.2017 14:22:20,000	-0,35	29,67
226	04.09.2017 14:22:30,000	-0,39	30,10
227	04.09.2017 14:22:40,000	-0,39	30,78
228	04.09.2017 14:22:50,000	-0,43	31,21
229	04.09.2017 14:23:00,000	-0,43	31,88
230	04.09.2017 14:23:10,000	-0,48	32,54
231	04.09.2017 14:23:20,000	-0,48	33,22
232	04.09.2017 14:23:30,000	-0,48	33,90
233	04.09.2017 14:23:40,000	-0,48	34,58
234	04.09.2017 14:23:50,000	-0,43	35,28
235	04.09.2017 14:24:00,000	-0,43	35,74
236	04.09.2017 14:24:10,000	-0,35	36,70
237	04.09.2017 14:24:20,000	-0,31	37,63
238	04.09.2017 14:24:30,000	-0,23	38,13
239	04.09.2017 14:24:40,000	-0,11	38,89
240	04.09.2017 14:24:50,000	-0,02	39,85
241	04.09.2017 14:25:00,000	0,10	40,15
242	04.09.2017 14:25:10,000	0,18	41,11
243	04.09.2017 14:25:20,000	0,26	41,84
244	04.09.2017 14:25:30,000	0,30	42,78
245	04.09.2017 14:25:40,000	0,30	43,46
246	04.09.2017 14:25:50,000	0,30	44,59
247	04.09.2017 14:26:00,000	0,38	45,55
248	04.09.2017 14:26:10,000	0,38	46,46
249	04.09.2017 14:26:20,000	0,30	47,54
250	04.09.2017 14:26:30,000	0,22	48,40
251	04.09.2017 14:26:40,000	0,10	49,46
252	04.09.2017 14:26:50,000	-0,07	50,94
253	04.09.2017 14:27:00,000	-0,19	51,77
254	04.09.2017 14:27:10,000	-0,27	52,86
255	04.09.2017 14:27:20,000	-0,31	54,19
256	04.09.2017 14:27:30,000	-0,39	55,28
257	04.09.2017 14:27:40,000	-0,39	56,19
258	04.09.2017 14:27:50,000	-0,43	57,30
259	04.09.2017 14:28:00,000	-0,43	58,66
260	04.09.2017 14:28:10,000	-0,43	59,57
261	04.09.2017 14:28:20,000	-0,39	60,73
262	04.09.2017 14:28:30,000	-0,19	61,77
263	04.09.2017 14:28:40,000	-0,11	62,73
264	04.09.2017 14:28:50,000	-0,15	64,29
265	04.09.2017 14:29:00,000	-0,15	65,43
266	04.09.2017 14:29:10,000	-0,19	66,54
267	04.09.2017 14:29:20,000	-0,23	67,88
268	04.09.2017 14:29:30,000	-0,27	68,99
269	04.09.2017 14:29:40,000	-0,31	70,33
270	04.09.2017 14:29:50,000	-0,35	71,66
271	04.09.2017 14:30:00,000	-0,39	72,78
272	04.09.2017 14:30:10,000	-0,43	73,89
273	04.09.2017 14:30:20,000	-0,39	75,05
274	04.09.2017 14:30:30,000	-0,31	76,24
275	04.09.2017 14:30:40,000	-0,27	77,40
276	04.09.2017 14:30:50,000	-0,27	78,77
277	04.09.2017 14:31:00,000	-0,31	79,88
278	04.09.2017 14:31:10,000	-0,39	81,19
279	04.09.2017 14:31:20,000	-0,52	82,71
280	04.09.2017 14:31:30,000	-0,60	83,79
281	04.09.2017 14:31:40,000	-0,72	85,31
282	04.09.2017 14:31:50,000	-0,81	86,39
283	04.09.2017 14:32:00,000	-0,89	87,70
284	04.09.2017 14:32:10,000	-0,97	89,02
285	04.09.2017 14:32:20,000	-1,01	90,36
286	04.09.2017 14:32:30,000	-1,06	91,70
287	04.09.2017 14:32:40,000	-1,10	93,04
288	04.09.2017 14:32:50,000	-1,10	94,17
289	04.09.2017 14:33:00,000	-1,14	95,74
290	04.09.2017 14:33:10,000	-1,14	97,11
291	04.09.2017 14:33:20,000	-1,14	98,70
292	04.09.2017 14:33:30,000	-1,14	100,07
293	04.09.2017 14:33:40,000	-1,18	101,64
294	04.09.2017 14:33:50,000	-1,18	103,23
295	04.09.2017 14:34:00,000	-1,22	104,80
296	04.09.2017 14:34:10,000	-1,22	106,62
297	04.09.2017 14:34:20,000	-1,18	108,24
298	04.09.2017 14:34:30,000	-1,18	109,61
299	04.09.2017 14:34:40,000	-1,14	111,68
300	04.09.2017 14:34:50,000	-1,10	113,08
301	04.09.2017 14:35:00,000	-1,10	114,90
302	04.09.2017 14:35:10,000	-1,10	116,50
303	04.09.2017 14:35:20,000	-1,06	118,34
304	04.09.2017 14:35:30,000	-1,06	120,40
305	04.09.2017 14:35:40,000	-1,01	122,02
306	04.09.2017 14:35:50,000	-1,01	123,84
307	04.09.2017 14:36:00,000	-1,01	125,66
308	04.09.2017 14:36:10,000	-1,01	127,72
309	04.09.2017 14:36:20,000	-1,01	129,77
310	04.09.2017 14:36:30,000	-1,01	131,36
311	04.09.2017 14:36:40,000	-1,01	133,64
312	04.09.2017 14:36:50,000	-1,01	135,69
313	04.09.2017 14:37:00,000	-1,01	137,75
314	04.09.2017 14:37:10,000	-1,01	139,80
315	04.09.2017 14:37:20,000	-1,01	142,08
316	04.09.2017 14:37:30,000	-1,01	144,13
317	04.09.2017 14:37:40,000	-1,01	146,41
318	04.09.2017 14:37:50,000	-1,01	148,24
319	04.09.2017 14:38:00,000	-0,97	150,77
320	04.09.2017 14:38:10,000	-0,97	153,28
321	04.09.2017 14:38:20,000	-0,97	155,56
322	04.09.2017 14:38:30,000	-0,97	158,07
323	04.09.2017 14:38:40,000	-0,93	160,38
324	04.09.2017 14:38:50,000	-0,93	162,66
325	04.09.2017 14:39:00,000	-0,89	165,19
326	04.09.2017 14:39:10,000	-0,89	167,47
327	04.09.2017 14:39:20,000	-0,85	170,01
328	04.09.2017 14:39:30,000	-0,77	172,34
329	04.09.2017 14:39:40,000	-0,68	174,68
330	04.09.2017 14:39:50,000	-0,64	176,98
331	04.09.2017 14:40:00,000	-0,60	179,52
332	04.09.2017 14:40:10,000	-0,60	181,80
333	04.09.2017 14:40:20,000	-0,56	184,11
334	04.09.2017 14:40:30,000	-0,48	186,21
335	04.09.2017 14:40:40,000	-0,43	188,75
336	04.09.2017 14:40:50,000	-0,35	191,08
337	04.09.2017 14:41:00,000	-0,31	193,62
338	04.09.2017 14:41:10,000	-0,27	196,15
339	04.09.2017 14:41:20,000	-0,23	198,69
340	04.09.2017 14:41:30,000	-0,19	201,22
341	04.09.2017 14:41:40,000	-0,19	203,96
342	04.09.2017 14:41:50,000	-0,15	206,50
343	04.09.2017 14:42:00,000	-0,15	209,23
344	04.09.2017 14:42:10,000	-0,15	211,97
345	04.09.2017 14:42:20,000	-0,15	214,48
346	04.09.2017 14:42:30,000	-0,11	217,01
347	04.09.2017 14:42:40,000	-0,11	219,75
348	04.09.2017 14:42:50,000	-0,02	222,31
349	04.09.2017 14:43:00,000	-0,02	225,05
350	04.09.2017 14:43:10,000	0,02	227,81
351	04.09.2017 14:43:20,000	0,06	230,35
352	04.09.2017 14:43:30,000	0,10	232,65
353	04.09.2017 14:43:40,000	0,10	235,16
354	04.09.2017 14:43:50,000	0,10	237,67
355	04.09.2017 14:44:00,000	0,14	240,20
356	04.09.2017 14:44:10,000	0,14	242,49
357	04.09.2017 14:44:20,000	0,18	245,25
358	04.09.2017 14:44:30,000	0,18	247,76
359	04.09.2017 14:44:40,000	0,18	249,81
360	04.09.2017 14:44:50,000	0,22	252,11
361	04.09.2017 14:45:00,000	0,22	254,39
362	04.09.2017 14:45:10,000	0,22	256,45
363	04.09.2017 14:45:20,000	0,22	258,50
364	04.09.2017 14:45:30,000	0,26	260,57
365	04.09.2017 14:45:40,000	0,26	262,40
366	04.09.2017 14:45:50,000	0,26	264,22
367	04.09.2017 14:46:00,000	0,26	266,05
368	04.09.2017 14:46:10,000	0,30	267,90
369	04.09.2017 14:46:20,000	0,30	269,49
370	04.09.2017 14:46:30,000	0,30	271,31
371	04.09.2017 14:46:40,000	0,30	272,45
372	04.09.2017 14:46:50,000	0,30	274,28
373	04.09.2017 14:47:00,000	0,30	275,87
374	04.09.2017 14:47:10,000	0,30	277,47
375	04.09.2017 14:47:20,000	0,30	278,84
376	04.09.2017 14:47:30,000	0,34	280,23
377	04.09.2017 14:47:40,000	0,34	281,60
378	04.09.2017 14:47:50,000	0,34	282,96
379	04.09.2017 14:48:00,000	0,34	284,33
380	04.09.2017 14:48:10,000	0,34	285,47
381	04.09.2017 14:48:20,000	0,34	286,61
382	04.09.2017 14:48:30,000	0,38	287,77
383	04.09.2017 14:48:40,000	0,38	289,14
384	04.09.2017 14:48:50,000	0,38	290,05
385	04.09.2017 14:49:00,000	0,38	290,74
386	04.09.2017 14:49:10,000	0,38	291,65
387	04.09.2017 14:49:20,000	0,38	291,88
388	04.09.2017 14:49:30,000	0,38	292,33
389	04.09.2017 14:49:40,000	0,38	292,56
390	04.09.2017 14:49:50,000	0,38	292,79
391	04.09.2017 14:50:00,000	0,42	292,81
392	04.09.2017 14:50:10,000	0,42	292,81
393	04.09.2017 14:50:20,000	0,42	293,04
394	04.09.2017 14:50:30,000	0,42	293,04
395	04.09.2017 14:50:40,000	0,42	293,27
396	04.09.2017 14:50:50,000	0,42	293,04
397	04.09.2017 14:51:00,000	0,42	292,81
398	04.09.2017 14:51:10,000	0,42	293,04
399	04.09.2017 14:51:20,000	0,42	292,81
400	04.09.2017 14:51:30,000	0,42	292,81
401	04.09.2017 14:51:40,000	0,42	292,81
402	04.09.2017 14:51:50,000	0,42	293,04
403	04.09.2017 14:52:00,000	0,42	292,81
404	04.09.2017 14:52:10,000	0,42	292,81
405	04.09.2017 14:52:20,000	0,42	292,59
406	04.09.2017 14:52:30,000	0,42	292,59
407	04.09.2017 14:52:40,000	0,42	292,36
408	04.09.2017 14:52:50,000	0,42	292,13
409	04.09.2017 14:53:00,000	0,42	292,13
410	04.09.2017 14:53:10,000	0,42	291,90
411	04.09.2017 14:53:20,000	0,42	291,67
412	04.09.2017 14:53:30,000	0,42	291,22
413	04.09.2017 14:53:40,000	0,42	291,22
414	04.09.2017 14:53:50,000	0,42	290,99
415	04.09.2017 14:54:00,000	0,42	290,99
416	04.09.2017 14:54:10,000	0,42	290,53
417	04.09.2017 14:54:20,000	0,42	290,53
418	04.09.2017 14:54:30,000	0,42	290,31
419	04.09.2017 14:54:40,000	0,42	290,31
420	04.09.2017 14:54:50,000	0,42	289,85
421	04.09.2017 14:55:00,000	0,42	289,62
422	04.09.2017 14:55:10,000	0,42	289,40
423	04.09.2017 14:55:20,000	0,42	289,17
424	04.09.2017 14:55:30,000	0,42	288,94
425	04.09.2017 14:55:40,000	0,42	288,94
426	04.09.2017 14:55:50,000	0,42	288,48
427	04.09.2017 14:56:00,000	0,42	288,48
428	04.09.2017 14:56:10,000	0,42	288,48
429	04.09.2017 14:56:20,000	0,42	288,03
430	04.09.2017 14:56:30,000	0,42	287,80
431	04.09.2017 14:56:40,000	0,42	287,80
432	04.09.2017 14:56:50,000	0,42	287,57
433	04.09.2017 14:57:00,000	0,42	287,34
434	04.09.2017 14:57:10,000	0,42	287,12
435	04.09.2017 14:57:20,000	0,42	286,66
436	04.09.2017 14:57:30,000	0,42	286,21
437	04.09.2017 14:57:40,000	0,42	285,75
438	04.09.2017 14:57:50,000	0,42	285,52
439	04.09.2017 14:58:00,000	0,42	285,29
440	04.09.2017 14:58:10,000	0,42	284,61
441	04.09.2017 14:58:20,000	0,42	284,15
442	04.09.2017 14:58:30,000	0,42	283,93
443	04.09.2017 14:58:40,000	0,42	283,70
444	04.09.2017 14:58:50,000	0,42	283,24
445	04.09.2017 14:59:00,000	0,42	283,24
446	04.09.2017 14:59:10,000	0,42	283,01
447	04.09.2017 14:59:20,000	0,42	282,56
448	04.09.2017 14:59:30,000	0,42	282,33
449	04.09.2017 14:59:40,000	0,42	282,10
450	04.09.2017 14:59:50,000	0,42	282,10
451	04.09.2017 15:00:00,000	0,42	282,10
452	04.09.2017 15:00:10,000	0,42	281,65
453	04.09.2017 15:00:20,000	0,42	281,65
454	04.09.2017 15:00:30,000	0,42	281,65
455	04.09.2017 15:00:40,000	0,38	281,17
456	04.09.2017 15:00:50,000	0,42	281,42
457	04.09.2017 15:01:00,000	0,38	281,17
458	04.09.2017 15:01:10,000	0,42	280,96
459	04.09.2017 15:01:20,000	0,38	280,94
460	04.09.2017 15:01:30,000	0,38	280,48
461	04.09.2017 15:01:40,000	0,38	280,71
462	04.09.2017 15:01:50,000	0,38	280,48
463	04.09.2017 15:02:00,000	0,38	280,25
464	04.09.2017 15:02:10,000	0,38	280,25
465	04.09.2017 15:02:20,000	0,38	280,03
466	04.09.2017 15:02:30,000	0,38	279,80
467	04.09.2017 15:02:40,000	0,38	279,34
468	04.09.2017 15:02:50,000	0,42	279,60
469	04.09.2017 15:03:00,000	0,38	279,57
470	04.09.2017 15:03:10,000	0,38	279,34
471	04.09.2017 15:03:20,000	0,38	279,34
472	04.09.2017 15:03:30,000	0,38	279,34
473	04.09.2017 15:03:40,000	0,42	279,14
474	04.09.2017 15:03:50,000	0,38	279,11
475	04.09.2017 15:04:00,000	0,38	278,89
476	04.09.2017 15:04:10,000	0,38	278,89
477	04.09.2017 15:04:20,000	0,38	278,89
478	04.09.2017 15:04:30,000	0,38	278,66
479	04.09.2017 15:04:40,000	0,38	278,66
480	04.09.2017 15:04:50,000	0,38	278,20
481	04.09.2017 15:05:00,000	0,38	277,98
482	04.09.2017 15:05:10,000	0,38	277,52
483	04.09.2017 15:05:20,000	0,38	277,52
484	04.09.2017 15:05:30,000	0,38	277,52
485	04.09.2017 15:05:40,000	0,38	277,06
486	04.09.2017 15:05:50,000	0,38	277,06
487	04.09.2017 15:06:00,000	0,38	276,84
488	04.09.2017 15:06:10,000	0,38	276,61
489	04.09.2017 15:06:20,000	0,38	276,61
490	04.09.2017 15:06:30,000	0,38	276,61
491	04.09.2017 15:06:40,000	0,38	276,38
492	04.09.2017 15:06:50,000	0,38	276,38
493	04.09.2017 15:07:00,000	0,38	276,15
494	04.09.2017 15:07:10,000	0,38	276,15
495	04.09.2017 15:07:20,000	0,38	276,15
496	04.09.2017 15:07:30,000	0,38	275,92
497	04.09.2017 15:07:40,000	0,38	275,92
498	04.09.2017 15:07:50,000	0,38	275,92
499	04.09.2017 15:08:00,000	0,38	275,70
500	04.09.2017 15:08:10,000	0,38	275,92
501	04.09.2017 15:08:20,000	0,38	275,70
502	04.09.2017 15:08:30,000	0,38	275,47
503	04.09.2017 15:08:40,000	0,38	275,47
504	04.09.2017 15:08:50,000	0,38	275,47
505	04.09.2017 15:09:00,000	0,38	275,24
506	04.09.2017 15:09:10,000	0,38	275,01
507	04.09.2017 15:09:20,000	0,38	275,24
508	04.09.2017 15:09:30,000	0,38	275,01
509	04.09.2017 15:09:40,000	0,38	274,56
510	04.09.2017 15:09:50,000	0,38	274,56
511	04.09.2017 15:10:00,000	0,38	274,33
512	04.09.2017 15:10:10,000	0,38	274,33
513	04.09.2017 15:10:20,000	0,38	274,33
514	04.09.2017 15:10:30,000	0,38	273,87
515	04.09.2017 15:10:40,000	0,38	274,10
516	04.09.2017 15:10:50,000	0,38	273,64
517	04.09.2017 15:11:00,000	0,38	273,64
518	04.09.2017 15:11:10,000	0,38	273,64
519	04.09.2017 15:11:20,000	0,38	273,19
520	04.09.2017 15:11:30,000	0,38	273,19
521	04.09.2017 15:11:40,000	0,38	273,19
522	04.09.2017 15:11:50,000	0,38	273,19
523	04.09.2017 15:12:00,000	0,38	272,96
524	04.09.2017 15:12:10,000	0,38	272,73
525	04.09.2017 15:12:20,000	0,38	272,73
526	04.09.2017 15:12:30,000	0,38	272,73
527	04.09.2017 15:12:40,000	0,38	272,51
528	04.09.2017 15:12:50,000	0,38	272,28
529	04.09.2017 15:13:00,000	0,38	272,05
530	04.09.2017 15:13:10,000	0,38	272,05
531	04.09.2017 15:13:20,000	0,38	271,82
532	04.09.2017 15:13:30,000	0,38	271,59
533	04.09.2017 15:13:40,000	0,38	271,59
534	04.09.2017 15:13:50,000	0,38	271,37
535	04.09.2017 15:14:00,000	0,38	271,14
536	04.09.2017 15:14:10,000	0,38	270,91
537	04.09.2017 15:14:20,000	0,38	270,68
538	04.09.2017 15:14:30,000	0,38	270,91
539	04.09.2017 15:14:40,000	0,38	270,45
540	04.09.2017 15:14:50,000	0,38	270,45
541	04.09.2017 15:15:00,000	0,38	270,00
542	04.09.2017 15:15:10,000	0,38	270,23
543	04.09.2017 15:15:20,000	0,38	270,00
544	04.09.2017 15:15:30,000	0,38	269,77
545	04.09.2017 15:15:40,000	0,38	269,54
546	04.09.2017 15:15:50,000	0,38	269,09
547	04.09.2017 15:16:00,000	0,38	269,09
548	04.09.2017 15:16:10,000	0,38	268,40
549	04.09.2017 15:16:20,000	0,38	268,40
550	04.09.2017 15:16:30,000	0,38	267,72
551	04.09.2017 15:16:40,000	0,38	267,49
552	04.09.2017 15:16:50,000	0,42	267,29
553	04.09.2017 15:17:00,000	0,38	266,81
554	04.09.2017 15:17:10,000	0,38	266,58
555	04.09.2017 15:17:20,000	0,38	266,35
556	04.09.2017 15:17:30,000	0,38	265,89
557	04.09.2017 15:17:40,000	0,38	265,44
558	04.09.2017 15:17:50,000	0,38	265,21
559	04.09.2017 15:18:00,000	0,38	264,98
560	04.09.2017 15:18:10,000	0,38	264,75
561	04.09.2017 15:18:20,000	0,38	264,75
562	04.09.2017 15:18:30,000	0,42	264,55
563	04.09.2017 15:18:40,000	0,42	264,32
564	04.09.2017 15:18:50,000	0,38	264,07
565	04.09.2017 15:19:00,000	0,38	264,07
566	04.09.2017 15:19:10,000	0,38	263,84
567	04.09.2017 15:19:20,000	0,42	263,87
568	04.09.2017 15:19:30,000	0,42	263,41
569	04.09.2017 15:19:40,000	0,38	263,39
570	04.09.2017 15:19:50,000	0,42	263,18
571	04.09.2017 15:20:00,000	0,38	263,16
572	04.09.2017 15:20:10,000	0,42	262,96
573	04.09.2017 15:20:20,000	0,38	262,70
574	04.09.2017 15:20:30,000	0,38	262,93
575	04.09.2017 15:20:40,000	0,42	262,73
576	04.09.2017 15:20:50,000	0,38	262,70
577	04.09.2017 15:21:00,000	0,38	262,02
578	04.09.2017 15:21:10,000	0,38	261,56
579	04.09.2017 15:21:20,000	0,38	261,56
580	04.09.2017 15:21:30,000	0,38	261,11
581	04.09.2017 15:21:40,000	0,38	260,42
582	04.09.2017 15:21:50,000	0,38	259,51
583	04.09.2017 15:22:00,000	0,38	258,14
584	04.09.2017 15:22:10,000	0,38	256,55
585	04.09.2017 15:22:20,000	0,38	255,41
586	04.09.2017 15:22:30,000	0,38	254,50
587	04.09.2017 15:22:40,000	0,38	253,58
588	04.09.2017 15:22:50,000	0,38	253,13
589	04.09.2017 15:23:00,000	0,38	252,44
590	04.09.2017 15:23:10,000	0,38	251,99
591	04.09.2017 15:23:20,000	0,38	251,30
592	04.09.2017 15:23:30,000	0,38	251,08
593	04.09.2017 15:23:40,000	0,38	250,39
594	04.09.2017 15:23:50,000	0,38	249,02
595	04.09.2017 15:24:00,000	0,38	247,66
596	04.09.2017 15:24:10,000	0,38	246,06
597	04.09.2017 15:24:20,000	0,38	244,01
598	04.09.2017 15:24:30,000	0,38	242,18
599	04.09.2017 15:24:40,000	0,38	240,81
600	04.09.2017 15:24:50,000	0,38	238,99
601	04.09.2017 15:25:00,000	0,38	237,39
602	04.09.2017 15:25:10,000	0,38	235,80
603	04.09.2017 15:25:20,000	0,38	234,20
604	04.09.2017 15:25:30,000	0,38	232,38
605	04.09.2017 15:25:40,000	0,38	230,78
606	04.09.2017 15:25:50,000	0,38	229,18
607	04.09.2017 15:26:00,000	0,38	227,59
608	04.09.2017 15:26:10,000	0,34	225,74
609	04.09.2017 15:26:20,000	0,34	224,14
610	04.09.2017 15:26:30,000	0,34	223,00
611	04.09.2017 15:26:40,000	0,34	221,63
612	04.09.2017 15:26:50,000	0,30	220,46
613	04.09.2017 15:27:00,000	0,30	219,10
614	04.09.2017 15:27:10,000	0,30	217,50
615	04.09.2017 15:27:20,000	0,30	216,59
616	04.09.2017 15:27:30,000	0,30	214,99
617	04.09.2017 15:27:40,000	0,30	213,85
618	04.09.2017 15:27:50,000	0,30	212,25
619	04.09.2017 15:28:00,000	0,30	210,88
620	04.09.2017 15:28:10,000	0,30	209,52
621	04.09.2017 15:28:20,000	0,30	208,37
622	04.09.2017 15:28:30,000	0,30	207,01
623	04.09.2017 15:28:40,000	0,30	205,41
624	04.09.2017 15:28:50,000	0,30	203,36
625	04.09.2017 15:29:00,000	0,26	201,96
626	04.09.2017 15:29:10,000	0,26	200,36
627	04.09.2017 15:29:20,000	0,26	198,77
628	04.09.2017 15:29:30,000	0,26	197,86
629	04.09.2017 15:29:40,000	0,26	196,49
630	04.09.2017 15:29:50,000	0,22	195,55
631	04.09.2017 15:30:00,000	0,22	194,64
632	04.09.2017 15:30:10,000	0,22	193,50
633	04.09.2017 15:30:20,000	0,22	192,35
634	04.09.2017 15:30:30,000	0,22	190,99
635	04.09.2017 15:30:40,000	0,18	190,05
636	04.09.2017 15:30:50,000	0,18	188,68
637	04.09.2017 15:31:00,000	0,18	187,77
638	04.09.2017 15:31:10,000	0,14	186,83
639	04.09.2017 15:31:20,000	0,14	185,92
640	04.09.2017 15:31:30,000	0,14	185,23
641	04.09.2017 15:31:40,000	0,10	184,98
642	04.09.2017 15:31:50,000	0,10	184,75
643	04.09.2017 15:32:00,000	0,06	184,27
644	04.09.2017 15:32:10,000	0,06	184,04
645	04.09.2017 15:32:20,000	0,02	184,01
646	04.09.2017 15:32:30,000	0,02	183,33
647	04.09.2017 15:32:40,000	-0,02	183,53
648	04.09.2017 15:32:50,000	-0,02	183,08
649	04.09.2017 15:33:00,000	-0,02	182,85
650	04.09.2017 15:33:10,000	-0,07	182,37
651	04.09.2017 15:33:20,000	-0,07	181,68
652	04.09.2017 15:33:30,000	-0,11	181,66
653	04.09.2017 15:33:40,000	-0,11	180,97
654	04.09.2017 15:33:50,000	-0,11	180,29
655	04.09.2017 15:34:00,000	-0,11	179,60
656	04.09.2017 15:34:10,000	-0,11	179,15
657	04.09.2017 15:34:20,000	-0,15	178,44
658	04.09.2017 15:34:30,000	-0,15	177,98
659	04.09.2017 15:34:40,000	-0,15	176,84
660	04.09.2017 15:34:50,000	-0,19	176,36
661	04.09.2017 15:35:00,000	-0,19	175,44
662	04.09.2017 15:35:10,000	-0,23	174,51
663	04.09.2017 15:35:20,000	-0,31	173,77
664	04.09.2017 15:35:30,000	-0,35	172,83
665	04.09.2017 15:35:40,000	-0,39	171,66
666	04.09.2017 15:35:50,000	-0,43	170,50
667	04.09.2017 15:36:00,000	-0,43	169,36
668	04.09.2017 15:36:10,000	-0,39	167,79
669	04.09.2017 15:36:20,000	-0,39	166,87
670	04.09.2017 15:36:30,000	-0,39	165,73
671	04.09.2017 15:36:40,000	-0,39	164,59
672	04.09.2017 15:36:50,000	-0,39	163,45
673	04.09.2017 15:37:00,000	-0,43	162,29
674	04.09.2017 15:37:10,000	-0,43	160,92
675	04.09.2017 15:37:20,000	-0,43	159,78
676	04.09.2017 15:37:30,000	-0,48	158,38
677	04.09.2017 15:37:40,000	-0,48	157,01
678	04.09.2017 15:37:50,000	-0,52	155,62
679	04.09.2017 15:38:00,000	-0,56	154,00
680	04.09.2017 15:38:10,000	-0,64	152,58
681	04.09.2017 15:38:20,000	-0,72	150,70
682	04.09.2017 15:38:30,000	-0,77	148,85
683	04.09.2017 15:38:40,000	-0,81	147,23
684	04.09.2017 15:38:50,000	-0,85	145,15
685	04.09.2017 15:39:00,000	-0,85	143,32
686	04.09.2017 15:39:10,000	-0,85	141,04
687	04.09.2017 15:39:20,000	-0,89	139,42
688	04.09.2017 15:39:30,000	-0,89	137,60
689	04.09.2017 15:39:40,000	-0,93	135,29
690	04.09.2017 15:39:50,000	-0,93	133,24
691	04.09.2017 15:40:00,000	-0,97	130,48
692	04.09.2017 15:40:10,000	-0,97	127,97
693	04.09.2017 15:40:20,000	-1,06	124,73
694	04.09.2017 15:40:30,000	-1,18	121,46
695	04.09.2017 15:40:40,000	-1,27	117,98
696	04.09.2017 15:40:50,000	-1,31	114,08
697	04.09.2017 15:41:00,000	-1,35	110,64
698	04.09.2017 15:41:10,000	-1,35	109,27
699	04.09.2017 15:41:20,000	-1,35	109,27
700	04.09.2017 15:41:30,000	-1,35	110,64
701	04.09.2017 15:41:40,000	-1,35	110,87
702	04.09.2017 15:41:50,000	-1,39	110,16
703	04.09.2017 15:42:00,000	-1,39	108,79
704	04.09.2017 15:42:10,000	-1,39	107,88
705	04.09.2017 15:42:20,000	-1,35	107,22
706	04.09.2017 15:42:30,000	-1,35	106,77
707	04.09.2017 15:42:40,000	-1,35	106,77
708	04.09.2017 15:42:50,000	-1,35	107,00
709	04.09.2017 15:43:00,000	-1,35	107,22
710	04.09.2017 15:43:10,000	-1,35	107,22
711	04.09.2017 15:43:20,000	-1,35	106,31
712	04.09.2017 15:43:30,000	-1,35	104,72
713	04.09.2017 15:43:40,000	-1,31	103,83
714	04.09.2017 15:43:50,000	-1,31	103,38
715	04.09.2017 15:44:00,000	-1,31	103,15
716	04.09.2017 15:44:10,000	-1,31	102,24
717	04.09.2017 15:44:20,000	-1,31	100,65
718	04.09.2017 15:44:30,000	-1,31	100,19
719	04.09.2017 15:44:40,000	-1,35	99,71
720	04.09.2017 15:44:50,000	-1,31	98,14
721	04.09.2017 15:45:00,000	-1,22	96,37
722	04.09.2017 15:45:10,000	-1,27	95,66
723	04.09.2017 15:45:20,000	-1,22	94,78
724	04.09.2017 15:45:30,000	-1,22	93,64
725	04.09.2017 15:45:40,000	-1,22	91,36
726	04.09.2017 15:45:50,000	-1,14	90,51
727	04.09.2017 15:46:00,000	-1,10	89,62
728	04.09.2017 15:46:10,000	-1,01	88,08
729	04.09.2017 15:46:20,000	-1,01	85,58
730	04.09.2017 15:46:30,000	-1,10	84,61
731	04.09.2017 15:46:40,000	-1,10	83,25
732	04.09.2017 15:46:50,000	-1,14	81,63
733	04.09.2017 15:47:00,000	-1,10	79,38
734	04.09.2017 15:47:10,000	-1,01	78,52
735	04.09.2017 15:47:20,000	-0,68	76,91
736	04.09.2017 15:47:30,000	-0,43	74,80
737	04.09.2017 15:47:40,000	-0,43	73,43
738	04.09.2017 15:47:50,000	-0,43	72,52
739	04.09.2017 15:48:00,000	-0,72	70,98
740	04.09.2017 15:48:10,000	-0,85	69,08
741	04.09.2017 15:48:20,000	-0,81	68,20
742	04.09.2017 15:48:30,000	-0,48	66,81
743	04.09.2017 15:48:40,000	-0,31	66,01
744	04.09.2017 15:48:50,000	-0,23	66,51
745	04.09.2017 15:49:00,000	-0,19	67,22
746	04.09.2017 15:49:10,000	-0,31	67,83
747	04.09.2017 15:49:20,000	-0,43	67,75
748	04.09.2017 15:49:30,000	-0,52	67,70
749	04.09.2017 15:49:40,000	-0,60	68,10
750	04.09.2017 15:49:50,000	-0,72	68,25
751	04.09.2017 15:50:00,000	-0,77	68,22
752	04.09.2017 15:50:10,000	-0,77	67,99
753	04.09.2017 15:50:20,000	-0,81	67,97
754	04.09.2017 15:50:30,000	-0,81	67,51
755	04.09.2017 15:50:40,000	-0,72	67,11
756	04.09.2017 15:50:50,000	-0,52	66,56
757	04.09.2017 15:51:00,000	-0,39	66,18
758	04.09.2017 15:51:10,000	-0,27	65,58
759	04.09.2017 15:51:20,000	-0,23	65,15
760	04.09.2017 15:51:30,000	-0,27	64,44
761	04.09.2017 15:51:40,000	-0,35	63,94
762	04.09.2017 15:51:50,000	-0,48	62,95
763	04.09.2017 15:52:00,000	-0,56	62,22
764	04.09.2017 15:52:10,000	-0,64	61,71
765	04.09.2017 15:52:20,000	-0,64	60,80
766	04.09.2017 15:52:30,000	-0,64	59,66
767	04.09.2017 15:52:40,000	-0,60	58,78
768	04.09.2017 15:52:50,000	-0,52	57,47
769	04.09.2017 15:53:00,000	-0,02	56,42
770	04.09.2017 15:53:10,000	0,30	55,49
771	04.09.2017 15:53:20,000	0,50	55,39
772	04.09.2017 15:53:30,000	0,54	55,64
773	04.09.2017 15:53:40,000	0,66	54,35
774	04.09.2017 15:53:50,000	0,78	53,29
775	04.09.2017 15:54:00,000	0,90	52,00
776	04.09.2017 15:54:10,000	1,02	50,94
777	04.09.2017 15:54:20,000	1,10	49,86
778	04.09.2017 15:54:30,000	0,94	49,31
779	04.09.2017 15:54:40,000	0,86	48,35
780	04.09.2017 15:54:50,000	1,14	46,93
781	04.09.2017 15:55:00,000	1,42	45,97
782	04.09.2017 15:55:10,000	1,81	44,86
783	04.09.2017 15:55:20,000	2,08	43,67
784	04.09.2017 15:55:30,000	2,16	42,58
785	04.09.2017 15:55:40,000	2,23	42,18
786	04.09.2017 15:55:50,000	2,35	41,57
787	04.09.2017 15:56:00,000	2,43	41,16
788	04.09.2017 15:56:10,000	2,31	40,64
789	04.09.2017 15:56:20,000	2,04	40,01
790	04.09.2017 15:56:30,000	1,89	39,01
791	04.09.2017 15:56:40,000	1,46	39,19
792	04.09.2017 15:56:50,000	1,42	39,85
793	04.09.2017 15:57:00,000	1,69	40,93
794	04.09.2017 15:57:10,000	1,96	42,69
795	04.09.2017 15:57:20,000	2,12	44,37
796	04.09.2017 15:57:30,000	2,16	45,76
797	04.09.2017 15:57:40,000	2,12	47,32
798	04.09.2017 15:57:50,000	1,73	48,89
799	04.09.2017 15:58:00,000	1,50	50,33
800	04.09.2017 15:58:10,000	1,50	51,24
801	04.09.2017 15:58:20,000	1,42	52,33
802	04.09.2017 15:58:30,000	1,38	52,98
803	04.09.2017 15:58:40,000	1,34	53,87
804	04.09.2017 15:58:50,000	1,26	54,73
805	04.09.2017 15:59:00,000	1,22	55,16
806	04.09.2017 15:59:10,000	1,02	55,71
807	04.09.2017 15:59:20,000	0,82	55,81
808	04.09.2017 15:59:30,000	0,70	55,97
809	04.09.2017 15:59:40,000	0,54	56,32
810	04.09.2017 15:59:50,000	0,50	56,75
811	04.09.2017 16:00:00,000	0,46	56,72
812	04.09.2017 16:00:10,000	0,50	56,98
813	04.09.2017 16:00:20,000	0,50	57,20
814	04.09.2017 16:00:30,000	0,50	57,66
815	04.09.2017 16:00:40,000	0,42	58,06
816	04.09.2017 16:00:50,000	0,38	58,49
817	04.09.2017 16:01:00,000	0,38	58,72
818	04.09.2017 16:01:10,000	0,42	58,74
819	04.09.2017 16:01:20,000	0,38	59,17
820	04.09.2017 16:01:30,000	0,26	59,32
821	04.09.2017 16:01:40,000	0,22	59,30
822	04.09.2017 16:01:50,000	0,14	59,25
823	04.09.2017 16:02:00,000	0,10	59,67
824	04.09.2017 16:02:10,000	0,02	59,85
825	04.09.2017 16:02:20,000	-0,11	60,23
826	04.09.2017 16:02:30,000	-0,19	60,18
827	04.09.2017 16:02:40,000	-0,23	60,38
828	04.09.2017 16:02:50,000	-0,31	60,33
829	04.09.2017 16:03:00,000	-0,39	60,50
830	04.09.2017 16:03:10,000	-0,39	60,05
831	04.09.2017 16:03:20,000	-0,35	60,30
832	04.09.2017 16:03:30,000	-0,35	59,85
833	04.09.2017 16:03:40,000	-0,23	58,56
834	04.09.2017 16:03:50,000	0,02	56,67
835	04.09.2017 16:04:00,000	0,18	55,18
836	04.09.2017 16:04:10,000	0,30	53,22
837	04.09.2017 16:04:20,000	0,70	51,42
838	04.09.2017 16:04:30,000	0,94	49,76
839	04.09.2017 16:04:40,000	0,70	47,79
840	04.09.2017 16:04:50,000	1,02	45,72
841	04.09.2017 16:05:00,000	1,57	43,80
842	04.09.2017 16:05:10,000	1,89	42,18
843	04.09.2017 16:05:20,000	2,16	41,45
844	04.09.2017 16:05:30,000	2,23	41,27
845	04.09.2017 16:05:40,000	2,23	40,59
846	04.09.2017 16:05:50,000	2,20	40,11
847	04.09.2017 16:06:00,000	2,12	40,06
848	04.09.2017 16:06:10,000	2,00	40,21
849	04.09.2017 16:06:20,000	1,92	39,03
850	04.09.2017 16:06:30,000	1,65	38,18
851	04.09.2017 16:06:40,000	1,34	37,08
852	04.09.2017 16:06:50,000	1,30	37,05
853	04.09.2017 16:07:00,000	1,22	37,23
854	04.09.2017 16:07:10,000	1,14	37,63
855	04.09.2017 16:07:20,000	1,06	38,26
856	04.09.2017 16:07:30,000	1,22	38,14
857	04.09.2017 16:07:40,000	1,38	38,69
858	04.09.2017 16:07:50,000	1,46	39,42
859	04.09.2017 16:08:00,000	1,77	40,52
860	04.09.2017 16:08:10,000	1,96	40,87
861	04.09.2017 16:08:20,000	2,20	41,02
862	04.09.2017 16:08:30,000	2,31	41,54
863	04.09.2017 16:08:40,000	2,39	41,59
864	04.09.2017 16:08:50,000	2,47	41,64
865	04.09.2017 16:09:00,000	2,50	41,66
866	04.09.2017 16:09:10,000	2,54	41,69
867	04.09.2017 16:09:20,000	2,58	41,71
868	04.09.2017 16:09:30,000	2,58	41,48
869	04.09.2017 16:09:40,000	2,62	41,28
870	04.09.2017 16:09:50,000	2,62	41,28
871	04.09.2017 16:10:00,000	2,66	41,31
872	04.09.2017 16:10:10,000	2,62	40,83
873	04.09.2017 16:10:20,000	2,58	40,58
874	04.09.2017 16:10:30,000	2,50	40,53
875	04.09.2017 16:10:40,000	2,47	40,28
876	04.09.2017 16:10:50,000	2,43	40,25
877	04.09.2017 16:11:00,000	2,43	40,48
878	04.09.2017 16:11:10,000	2,39	40,46
879	04.09.2017 16:11:20,000	2,35	40,66
880	04.09.2017 16:11:30,000	2,35	40,21
881	04.09.2017 16:11:40,000	2,35	39,98
882	04.09.2017 16:11:50,000	2,35	39,98
883	04.09.2017 16:12:00,000	2,35	40,21
884	04.09.2017 16:12:10,000	2,35	40,21
885	04.09.2017 16:12:20,000	2,35	40,43
886	04.09.2017 16:12:30,000	2,43	40,71
887	04.09.2017 16:12:40,000	2,47	40,96
888	04.09.2017 16:12:50,000	2,50	41,21
889	04.09.2017 16:13:00,000	2,50	41,21
890	04.09.2017 16:13:10,000	2,54	41,23
891	04.09.2017 16:13:20,000	2,54	41,23
892	04.09.2017 16:13:30,000	2,58	41,48
893	04.09.2017 16:13:40,000	2,58	41,71
894	04.09.2017 16:13:50,000	2,62	41,74
895	04.09.2017 16:14:00,000	2,62	41,74
896	04.09.2017 16:14:10,000	2,62	41,96
897	04.09.2017 16:14:20,000	2,58	42,17
898	04.09.2017 16:14:30,000	2,47	42,55
899	04.09.2017 16:14:40,000	2,50	42,57
900	04.09.2017 16:14:50,000	2,50	42,34
901	04.09.2017 16:15:00,000	2,54	42,37
902	04.09.2017 16:15:10,000	2,62	42,42
903	04.09.2017 16:15:20,000	2,66	41,99
904	04.09.2017 16:15:30,000	2,70	41,78
905	04.09.2017 16:15:40,000	2,70	41,56
906	04.09.2017 16:15:50,000	2,73	41,58
907	04.09.2017 16:16:00,000	2,70	41,33
908	04.09.2017 16:16:10,000	2,70	41,33
909	04.09.2017 16:16:20,000	2,70	41,10
910	04.09.2017 16:16:30,000	2,70	41,10
911	04.09.2017 16:16:40,000	2,66	41,31
912	04.09.2017 16:16:50,000	2,66	41,31
913	04.09.2017 16:17:00,000	2,66	41,31
914	04.09.2017 16:17:10,000	2,66	41,31
915	04.09.2017 16:17:20,000	2,62	41,28
916	04.09.2017 16:17:30,000	2,62	41,06
917	04.09.2017 16:17:40,000	2,62	40,83
918	04.09.2017 16:17:50,000	2,62	41,06
919	04.09.2017 16:18:00,000	2,66	41,08
920	04.09.2017 16:18:10,000	2,58	39,90
921	04.09.2017 16:18:20,000	2,39	38,64
922	04.09.2017 16:18:30,000	2,04	37,06
923	04.09.2017 16:18:40,000	1,65	35,23
924	04.09.2017 16:18:50,000	1,26	34,08
925	04.09.2017 16:19:00,000	0,94	32,97
926	04.09.2017 16:19:10,000	0,74	32,62
927	04.09.2017 16:19:20,000	0,58	32,75
928	04.09.2017 16:19:30,000	0,38	32,62
929	04.09.2017 16:19:40,000	0,26	32,77
930	04.09.2017 16:19:50,000	0,18	33,40
931	04.09.2017 16:20:00,000	0,14	33,38
932	04.09.2017 16:20:10,000	0,10	33,12
933	04.09.2017 16:20:20,000	0,06	32,65
934	04.09.2017 16:20:30,000	0,02	31,94
935	04.09.2017 16:20:40,000	-0,02	31,46
936	04.09.2017 16:20:50,000	-0,11	31,64
937	04.09.2017 16:21:00,000	-0,11	31,86
938	04.09.2017 16:21:10,000	-0,15	31,84
939	04.09.2017 16:21:20,000	-0,15	32,06
940	04.09.2017 16:21:30,000	-0,19	31,59
941	04.09.2017 16:21:40,000	-0,19	31,13
942	04.09.2017 16:21:50,000	-0,19	30,00
943	04.09.2017 16:22:00,000	-0,23	29,07
944	04.09.2017 16:22:10,000	-0,27	27,91
945	04.09.2017 16:22:20,000	-0,27	27,00
946	04.09.2017 16:22:30,000	-0,27	25,19
947	04.09.2017 16:22:40,000	-0,27	23,83
948	04.09.2017 16:22:50,000	-0,27	22,70
949	04.09.2017 16:23:00,000	-0,27	21,34
950	04.09.2017 16:23:10,000	-0,27	19,99
951	04.09.2017 16:23:20,000	-0,27	18,17
952	04.09.2017 16:23:30,000	-0,27	16,59
953	04.09.2017 16:23:40,000	-0,35	14,96
954	04.09.2017 16:23:50,000	-0,39	13,80
955	04.09.2017 16:24:00,000	-0,35	12,47
956	04.09.2017 16:24:10,000	-0,27	12,29
957	04.09.2017 16:24:20,000	-0,19	10,99
958	04.09.2017 16:24:30,000	-0,11	9,68
959	04.09.2017 16:24:40,000	0,06	8,66
960	04.09.2017 16:24:50,000	0,42	6,85
961	04.09.2017 16:25:00,000	0,74	5,69
962	04.09.2017 16:25:10,000	1,02	4,22
963	04.09.2017 16:25:20,000	1,57	2,41
964	04.09.2017 16:25:30,000	1,81	1,28
965	04.09.2017 16:25:40,000	2,31	0,00
966	04.09.2017 16:25:50,000	2,70	0,00
967	04.09.2017 16:26:00,000	3,04	0,00
968	04.09.2017 16:26:10,000	3,64	0,00
969	04.09.2017 16:26:20,000	3,90	0,00
970	04.09.2017 16:26:30,000	3,97	0,00
971	04.09.2017 16:26:40,000	3,94	0,00
972	04.09.2017 16:26:50,000	3,94	0,00
973	04.09.2017 16:27:00,000	3,94	0,00
974	04.09.2017 16:27:10,000	3,90	0,00
975	04.09.2017 16:27:20,000	3,90	0,00
976	04.09.2017 16:27:30,000	3,90	0,00
977	04.09.2017 16:27:40,000	3,86	0,00
978	04.09.2017 16:27:50,000	3,86	0,00
979	04.09.2017 16:28:00,000	3,86	0,00
980	04.09.2017 16:28:10,000	3,86	0,00
981	04.09.2017 16:28:20,000	3,86	0,00
982	04.09.2017 16:28:30,000	3,86	0,00
983	04.09.2017 16:28:40,000	3,86	0,00
984	04.09.2017 16:28:50,000	3,86	0,00
985	04.09.2017 16:29:00,000	3,86	0,00
986	04.09.2017 16:29:10,000	3,86	0,00
987	04.09.2017 16:29:20,000	3,86	0,00
988	04.09.2017 16:29:30,000	3,86	0,00
989	04.09.2017 16:29:40,000	3,86	0,00
990	04.09.2017 16:29:50,000	3,86	0,00
991	04.09.2017 16:30:00,000	3,86	0,00
992	04.09.2017 16:30:10,000	3,90	0,00
993	04.09.2017 16:30:20,000	3,90	0,00
994	04.09.2017 16:30:30,000	3,94	0,00
995	04.09.2017 16:30:40,000	3,94	0,00
996	04.09.2017 16:30:50,000	3,94	0,00
997	04.09.2017 16:31:00,000	3,97	0,00
998	04.09.2017 16:31:10,000	4,01	0,00
999	04.09.2017 16:31:20,000	4,01	0,00
1000	04.09.2017 16:31:30,000	4,05	0,00
1001	04.09.2017 16:31:40,000	4,05	0,00
1002	04.09.2017 16:31:50,000	4,08	0,00
1003	04.09.2017 16:32:00,000	4,08	0,00
1004	04.09.2017 16:32:10,000	4,12	0,00
1005	04.09.2017 16:32:20,000	4,16	0,00
1006	04.09.2017 16:32:30,000	4,16	0,00
1007	04.09.2017 16:32:40,000	4,20	0,00
1008	04.09.2017 16:32:50,000	4,23	0,00
1009	04.09.2017 16:33:00,000	4,23	0,00
1010	04.09.2017 16:33:10,000	4,23	0,00
1011	04.09.2017 16:33:20,000	4,27	0,00
1012	04.09.2017 16:33:30,000	4,27	0,00
1013	04.09.2017 16:33:40,000	4,31	0,00
1014	04.09.2017 16:33:50,000	4,34	0,00
1015	04.09.2017 16:34:00,000	4,34	0,00
1016	04.09.2017 16:34:10,000	4,38	0,00
1017	04.09.2017 16:34:20,000	4,38	0,00
1018	04.09.2017 16:34:30,000	4,42	0,00
1019	04.09.2017 16:34:40,000	4,42	0,00
1020	04.09.2017 16:34:50,000	4,45	0,00
1021	04.09.2017 16:35:00,000	4,45	0,00
1022	04.09.2017 16:35:10,000	4,49	0,00
1023	04.09.2017 16:35:20,000	4,49	0,00
1024	04.09.2017 16:35:30,000	4,53	0,00
1025	04.09.2017 16:35:40,000	4,53	0,00
1026	04.09.2017 16:35:50,000	4,53	0,00
1027	04.09.2017 16:36:00,000	4,56	0,00
1028	04.09.2017 16:36:10,000	4,56	0,00
1029	04.09.2017 16:36:20,000	9,23	0,00
1030	04.09.2017 16:36:30,000	9,99	0,00
1031	04.09.2017 16:36:40,000	10,13	0,00
1032	04.09.2017 16:36:50,000	10,09	0,00
1033	04.09.2017 16:37:00,000	10,06	0,00
1034	04.09.2017 16:37:10,000	9,99	0,00
1035	04.09.2017 16:37:20,000	9,96	0,00
1036	04.09.2017 16:37:30,000	9,96	0,00
1037	04.09.2017 16:37:40,000	9,96	0,00
1038	04.09.2017 16:37:50,000	9,99	0,00
1039	04.09.2017 16:38:00,000	10,06	0,00
1040	04.09.2017 16:38:10,000	10,13	0,00
1041	04.09.2017 16:38:20,000	10,22	0,00
1042	04.09.2017 16:38:30,000	10,32	0,00
1043	04.09.2017 16:38:40,000	10,42	0,00
1044	04.09.2017 16:38:50,000	10,52	0,00
1045	04.09.2017 16:39:00,000	10,65	0,00
1046	04.09.2017 16:39:10,000	10,78	0,00
1047	04.09.2017 16:39:20,000	10,88	0,00
1048	04.09.2017 16:39:30,000	11,01	0,00
1049	04.09.2017 16:39:40,000	11,10	0,00
1050	04.09.2017 16:39:50,000	11,23	0,00
1051	04.09.2017 16:40:00,000	11,36	0,00
1052	04.09.2017 16:40:10,000	11,46	0,00
1053	04.09.2017 16:40:20,000	11,55	0,00
1054	04.09.2017 16:40:30,000	11,68	0,00
1055	04.09.2017 16:40:40,000	11,81	0,00
1056	04.09.2017 16:40:50,000	11,91	0,00
1057	04.09.2017 16:41:00,000	12,00	0,00
1058	04.09.2017 16:41:10,000	12,10	0,00
1059	04.09.2017 16:41:20,000	12,19	0,00
1060	04.09.2017 16:41:30,000	12,32	0,00
1061	04.09.2017 16:41:40,000	12,38	0,00
1062	04.09.2017 16:41:50,000	12,48	0,00
1063	04.09.2017 16:42:00,000	12,57	0,00
1064	04.09.2017 16:42:10,000	12,67	0,00
1065	04.09.2017 16:42:20,000	12,76	0,00
1066	04.09.2017 16:42:30,000	12,86	0,00
1067	04.09.2017 16:42:40,000	12,92	0,00
1068	04.09.2017 16:42:50,000	13,02	0,00
1069	04.09.2017 16:43:00,000	13,08	0,00
1070	04.09.2017 16:43:10,000	13,17	0,00
1071	04.09.2017 16:43:20,000	13,23	0,00
1072	04.09.2017 16:43:30,000	13,33	0,00
1073	04.09.2017 16:43:40,000	13,39	0,00
1074	04.09.2017 16:43:50,000	13,45	0,00
1075	04.09.2017 16:44:00,000	13,52	0,00
1076	04.09.2017 16:44:10,000	13,58	0,00
1077	04.09.2017 16:44:20,000	13,64	0,00
1078	04.09.2017 16:44:30,000	13,73	0,00
1079	04.09.2017 16:44:40,000	13,80	0,00
1080	04.09.2017 16:44:50,000	13,86	0,00
1081	04.09.2017 16:45:00,000	13,89	0,00
1082	04.09.2017 16:45:10,000	13,95	0,00
1083	04.09.2017 16:45:20,000	14,05	0,00
1084	04.09.2017 16:45:30,000	14,11	0,00
1085	04.09.2017 16:45:40,000	14,17	0,00
1086	04.09.2017 16:45:50,000	16,19	0,00
1087	04.09.2017 16:46:00,000	19,30	0,00
1088	04.09.2017 16:46:10,000	19,30	0,00
1089	04.09.2017 16:46:20,000	19,12	0,00
1090	04.09.2017 16:46:30,000	19,33	0,00
1091	04.09.2017 16:46:40,000	20,04	0,00
