#B	Created:	30.08.2017 14:32:22
##	Version	SeaStar	7.49
#5	Field separation:	0
#2	Date & Time:	1
#6	Decimal point:	,
#7	Date def.:	dd.mm.yyyy	.
#8	Time def.:	:
##	Axis	0	Temperature(°C)	clRed	FALSE
##	Axis	1	Depth(m)	clBlue	TRUE
##	Series	0	Temp(°C)	clRed	0	Temp(°C)	2
##	Series	1	Depth(m)	clBlue	1	Depth(m)	2
##	Recorder	42	DST centi	8047
##	Chart	42C8047DAT	
#D	Data:	248	30.08.2017 13:50:00	30.08.2017 14:31:10
1	30.08.2017 13:50:00,000	22,43	0,00
2	30.08.2017 13:50:10,000	22,40	0,00
3	30.08.2017 13:50:20,000	22,40	0,00
4	30.08.2017 13:50:30,000	22,40	0,00
5	30.08.2017 13:50:40,000	22,40	0,00
6	30.08.2017 13:50:50,000	22,40	0,00
7	30.08.2017 13:51:00,000	22,43	0,00
8	30.08.2017 13:51:10,000	22,43	0,00
9	30.08.2017 13:51:20,000	22,43	0,00
10	30.08.2017 13:51:30,000	22,43	0,00
11	30.08.2017 13:51:40,000	22,43	0,00
12	30.08.2017 13:51:50,000	22,46	0,00
13	30.08.2017 13:52:00,000	22,46	0,00
14	30.08.2017 13:52:10,000	22,46	0,00
15	30.08.2017 13:52:20,000	22,46	0,00
16	30.08.2017 13:52:30,000	22,46	0,00
17	30.08.2017 13:52:40,000	22,49	0,00
18	30.08.2017 13:52:50,000	22,49	0,00
19	30.08.2017 13:53:00,000	22,49	0,00
20	30.08.2017 13:53:10,000	22,52	0,00
21	30.08.2017 13:53:20,000	22,52	0,00
22	30.08.2017 13:53:30,000	22,55	0,00
23	30.08.2017 13:53:40,000	22,55	0,00
24	30.08.2017 13:53:50,000	22,58	0,00
25	30.08.2017 13:54:00,000	22,58	0,00
26	30.08.2017 13:54:10,000	22,58	0,00
27	30.08.2017 13:54:20,000	22,58	0,00
28	30.08.2017 13:54:30,000	22,55	0,00
29	30.08.2017 13:54:40,000	22,55	0,00
30	30.08.2017 13:54:50,000	22,52	0,00
31	30.08.2017 13:55:00,000	22,49	0,00
32	30.08.2017 13:55:10,000	22,46	0,00
33	30.08.2017 13:55:20,000	22,43	0,00
34	30.08.2017 13:55:30,000	22,34	0,00
35	30.08.2017 13:55:40,000	22,23	0,00
36	30.08.2017 13:55:50,000	22,14	0,00
37	30.08.2017 13:56:00,000	22,05	0,00
38	30.08.2017 13:56:10,000	21,97	0,00
39	30.08.2017 13:56:20,000	21,88	0,00
40	30.08.2017 13:56:30,000	21,79	0,00
41	30.08.2017 13:56:40,000	21,67	0,00
42	30.08.2017 13:56:50,000	21,59	0,00
43	30.08.2017 13:57:00,000	21,50	0,00
44	30.08.2017 13:57:10,000	21,38	0,00
45	30.08.2017 13:57:20,000	21,27	0,00
46	30.08.2017 13:57:30,000	21,21	0,00
47	30.08.2017 13:57:40,000	21,12	0,00
48	30.08.2017 13:57:50,000	21,00	0,00
49	30.08.2017 13:58:00,000	20,77	0,00
50	30.08.2017 13:58:10,000	20,59	0,00
51	30.08.2017 13:58:20,000	20,33	0,00
52	30.08.2017 13:58:30,000	20,09	0,00
53	30.08.2017 13:58:40,000	19,86	0,00
54	30.08.2017 13:58:50,000	19,62	0,00
55	30.08.2017 13:59:00,000	19,42	0,00
56	30.08.2017 13:59:10,000	15,86	7,93
57	30.08.2017 13:59:20,000	11,52	7,15
58	30.08.2017 13:59:30,000	9,99	6,45
59	30.08.2017 13:59:40,000	8,97	6,05
60	30.08.2017 13:59:50,000	8,26	5,39
61	30.08.2017 14:00:00,000	7,61	3,76
62	30.08.2017 14:00:10,000	7,16	3,76
63	30.08.2017 14:00:20,000	6,85	3,76
64	30.08.2017 14:00:30,000	6,71	6,47
65	30.08.2017 14:00:40,000	6,46	8,35
66	30.08.2017 14:00:50,000	6,43	10,14
67	30.08.2017 14:01:00,000	6,32	11,88
68	30.08.2017 14:01:10,000	6,04	13,29
69	30.08.2017 14:01:20,000	5,90	12,75
70	30.08.2017 14:01:30,000	5,83	9,77
71	30.08.2017 14:01:40,000	5,72	8,12
72	30.08.2017 14:01:50,000	5,58	6,22
73	30.08.2017 14:02:00,000	5,47	4,80
74	30.08.2017 14:02:10,000	5,32	3,54
75	30.08.2017 14:02:20,000	5,22	2,86
76	30.08.2017 14:02:30,000	5,11	2,41
77	30.08.2017 14:02:40,000	5,07	2,41
78	30.08.2017 14:02:50,000	5,00	4,96
79	30.08.2017 14:03:00,000	4,96	7,88
80	30.08.2017 14:03:10,000	4,96	10,59
81	30.08.2017 14:03:20,000	4,85	13,69
82	30.08.2017 14:03:30,000	5,00	17,85
83	30.08.2017 14:03:40,000	5,11	19,27
84	30.08.2017 14:03:50,000	5,14	17,71
85	30.08.2017 14:04:00,000	5,22	15,04
86	30.08.2017 14:04:10,000	5,07	12,46
87	30.08.2017 14:04:20,000	4,53	11,67
88	30.08.2017 14:04:30,000	4,53	9,41
89	30.08.2017 14:04:40,000	4,71	7,94
90	30.08.2017 14:04:50,000	4,75	6,16
91	30.08.2017 14:05:00,000	4,75	4,80
92	30.08.2017 14:05:10,000	4,75	3,09
93	30.08.2017 14:05:20,000	4,75	2,64
94	30.08.2017 14:05:30,000	4,75	2,18
95	30.08.2017 14:05:40,000	4,78	2,18
96	30.08.2017 14:05:50,000	4,78	5,50
97	30.08.2017 14:06:00,000	4,78	7,99
98	30.08.2017 14:06:10,000	4,75	10,23
99	30.08.2017 14:06:20,000	4,67	13,12
100	30.08.2017 14:06:30,000	4,56	17,35
101	30.08.2017 14:06:40,000	4,75	21,54
102	30.08.2017 14:06:50,000	4,85	26,13
103	30.08.2017 14:07:00,000	4,82	30,64
104	30.08.2017 14:07:10,000	4,78	35,60
105	30.08.2017 14:07:20,000	4,71	40,55
106	30.08.2017 14:07:30,000	4,60	45,70
107	30.08.2017 14:07:40,000	4,08	49,01
108	30.08.2017 14:07:50,000	3,86	50,23
109	30.08.2017 14:08:00,000	3,71	50,59
110	30.08.2017 14:08:10,000	3,68	50,57
111	30.08.2017 14:08:20,000	3,53	52,52
112	30.08.2017 14:08:30,000	3,19	52,53
113	30.08.2017 14:08:40,000	3,08	51,55
114	30.08.2017 14:08:50,000	2,89	48,71
115	30.08.2017 14:09:00,000	2,85	44,60
116	30.08.2017 14:09:10,000	3,15	40,25
117	30.08.2017 14:09:20,000	3,68	35,14
118	30.08.2017 14:09:30,000	3,86	30,95
119	30.08.2017 14:09:40,000	4,08	26,33
120	30.08.2017 14:09:50,000	4,31	21,72
121	30.08.2017 14:10:00,000	4,53	17,10
122	30.08.2017 14:10:10,000	4,42	13,41
123	30.08.2017 14:10:20,000	4,27	11,51
124	30.08.2017 14:10:30,000	4,12	10,29
125	30.08.2017 14:10:40,000	4,08	8,46
126	30.08.2017 14:10:50,000	4,20	7,17
127	30.08.2017 14:11:00,000	4,27	5,18
128	30.08.2017 14:11:10,000	4,34	3,76
129	30.08.2017 14:11:20,000	4,42	2,86
130	30.08.2017 14:11:30,000	4,49	2,64
131	30.08.2017 14:11:40,000	4,49	2,64
132	30.08.2017 14:11:50,000	4,56	2,86
133	30.08.2017 14:12:00,000	4,60	2,86
134	30.08.2017 14:12:10,000	4,64	2,41
135	30.08.2017 14:12:20,000	4,64	2,86
136	30.08.2017 14:12:30,000	4,67	1,96
137	30.08.2017 14:12:40,000	4,67	0,00
138	30.08.2017 14:12:50,000	4,60	0,00
139	30.08.2017 14:13:00,000	4,53	0,00
140	30.08.2017 14:13:10,000	4,53	0,00
141	30.08.2017 14:13:20,000	4,49	0,00
142	30.08.2017 14:13:30,000	4,45	0,00
143	30.08.2017 14:13:40,000	4,45	0,00
144	30.08.2017 14:13:50,000	4,42	0,00
145	30.08.2017 14:14:00,000	4,42	0,00
146	30.08.2017 14:14:10,000	4,42	0,00
147	30.08.2017 14:14:20,000	4,45	0,00
148	30.08.2017 14:14:30,000	4,42	0,00
149	30.08.2017 14:14:40,000	4,42	0,00
150	30.08.2017 14:14:50,000	4,42	0,00
151	30.08.2017 14:15:00,000	4,42	0,00
152	30.08.2017 14:15:10,000	4,42	0,00
153	30.08.2017 14:15:20,000	4,42	0,00
154	30.08.2017 14:15:30,000	4,42	0,00
155	30.08.2017 14:15:40,000	4,42	0,00
156	30.08.2017 14:15:50,000	4,42	0,00
157	30.08.2017 14:16:00,000	4,42	0,00
158	30.08.2017 14:16:10,000	4,42	0,00
159	30.08.2017 14:16:20,000	4,42	0,00
160	30.08.2017 14:16:30,000	4,42	0,00
161	30.08.2017 14:16:40,000	4,42	0,00
162	30.08.2017 14:16:50,000	4,42	0,00
163	30.08.2017 14:17:00,000	4,42	0,00
164	30.08.2017 14:17:10,000	4,42	0,00
165	30.08.2017 14:17:20,000	4,42	0,00
166	30.08.2017 14:17:30,000	4,42	0,00
167	30.08.2017 14:17:40,000	4,42	0,00
168	30.08.2017 14:17:50,000	4,42	0,00
169	30.08.2017 14:18:00,000	4,42	0,00
170	30.08.2017 14:18:10,000	4,42	0,00
171	30.08.2017 14:18:20,000	4,42	0,00
172	30.08.2017 14:18:30,000	4,42	0,00
173	30.08.2017 14:18:40,000	4,42	0,00
174	30.08.2017 14:18:50,000	4,42	0,00
175	30.08.2017 14:19:00,000	4,42	0,00
176	30.08.2017 14:19:10,000	4,42	0,00
177	30.08.2017 14:19:20,000	4,42	0,00
178	30.08.2017 14:19:30,000	4,42	0,00
179	30.08.2017 14:19:40,000	4,42	0,00
180	30.08.2017 14:19:50,000	4,45	0,00
181	30.08.2017 14:20:00,000	4,45	0,00
182	30.08.2017 14:20:10,000	4,45	0,00
183	30.08.2017 14:20:20,000	4,45	0,00
184	30.08.2017 14:20:30,000	4,45	0,00
185	30.08.2017 14:20:40,000	4,45	0,00
186	30.08.2017 14:20:50,000	4,45	0,00
187	30.08.2017 14:21:00,000	4,45	0,00
188	30.08.2017 14:21:10,000	4,45	0,00
189	30.08.2017 14:21:20,000	4,49	0,00
190	30.08.2017 14:21:30,000	4,49	0,00
191	30.08.2017 14:21:40,000	4,49	0,00
192	30.08.2017 14:21:50,000	4,49	0,00
193	30.08.2017 14:22:00,000	4,49	0,00
194	30.08.2017 14:22:10,000	4,49	0,00
195	30.08.2017 14:22:20,000	4,53	0,00
196	30.08.2017 14:22:30,000	4,53	0,00
197	30.08.2017 14:22:40,000	4,53	0,00
198	30.08.2017 14:22:50,000	4,53	0,00
199	30.08.2017 14:23:00,000	4,53	0,00
200	30.08.2017 14:23:10,000	4,56	0,00
201	30.08.2017 14:23:20,000	4,56	0,00
202	30.08.2017 14:23:30,000	4,56	0,00
203	30.08.2017 14:23:40,000	4,56	0,00
204	30.08.2017 14:23:50,000	4,56	0,00
205	30.08.2017 14:24:00,000	4,60	0,00
206	30.08.2017 14:24:10,000	4,60	0,00
207	30.08.2017 14:24:20,000	4,60	0,00
208	30.08.2017 14:24:30,000	4,60	0,00
209	30.08.2017 14:24:40,000	4,64	0,00
210	30.08.2017 14:24:50,000	4,64	0,00
211	30.08.2017 14:25:00,000	4,64	0,00
212	30.08.2017 14:25:10,000	4,64	0,00
213	30.08.2017 14:25:20,000	4,67	0,00
214	30.08.2017 14:25:30,000	4,67	0,00
215	30.08.2017 14:25:40,000	4,67	0,00
216	30.08.2017 14:25:50,000	4,67	0,00
217	30.08.2017 14:26:00,000	4,67	0,00
218	30.08.2017 14:26:10,000	4,71	0,00
219	30.08.2017 14:26:20,000	4,71	0,00
220	30.08.2017 14:26:30,000	4,71	0,00
221	30.08.2017 14:26:40,000	4,75	0,00
222	30.08.2017 14:26:50,000	4,75	0,00
223	30.08.2017 14:27:00,000	4,75	0,00
224	30.08.2017 14:27:10,000	4,75	0,00
225	30.08.2017 14:27:20,000	4,78	0,00
226	30.08.2017 14:27:30,000	4,78	0,00
227	30.08.2017 14:27:40,000	4,78	0,00
228	30.08.2017 14:27:50,000	4,82	0,00
229	30.08.2017 14:28:00,000	4,82	0,00
230	30.08.2017 14:28:10,000	4,82	0,00
231	30.08.2017 14:28:20,000	4,82	0,00
232	30.08.2017 14:28:30,000	4,82	0,00
233	30.08.2017 14:28:40,000	4,82	0,00
234	30.08.2017 14:28:50,000	4,85	0,00
235	30.08.2017 14:29:00,000	4,85	0,00
236	30.08.2017 14:29:10,000	4,85	0,00
237	30.08.2017 14:29:20,000	4,89	0,00
238	30.08.2017 14:29:30,000	4,93	0,00
239	30.08.2017 14:29:40,000	4,93	0,00
240	30.08.2017 14:29:50,000	4,96	0,00
241	30.08.2017 14:30:00,000	5,00	0,00
242	30.08.2017 14:30:10,000	5,07	0,00
243	30.08.2017 14:30:20,000	5,11	0,00
244	30.08.2017 14:30:30,000	5,22	0,00
245	30.08.2017 14:30:40,000	5,32	0,00
246	30.08.2017 14:30:50,000	5,40	0,00
247	30.08.2017 14:31:00,000	7,09	0,00
