#B	Created:	06.09.2017 01:31:01
##	Version	SeaStar	7.49
#5	Field separation:	0
#2	Date & Time:	1
#6	Decimal point:	,
#7	Date def.:	dd.mm.yyyy	.
#8	Time def.:	:
##	Axis	0	Temperature(°C)	clRed	FALSE
##	Axis	1	Depth(m)	clBlue	TRUE
##	Series	0	Temp(°C)	clRed	0	Temp(°C)	2
##	Series	1	Depth(m)	clBlue	1	Depth(m)	2
##	Recorder	57	DST centi	8047
##	Chart	57C8047DAT	
#D	Data:	1083	05.09.2017 22:30:00	06.09.2017 01:30:20
1	05.09.2017 22:30:00,000	16,46	0,00
2	05.09.2017 22:30:10,000	16,37	0,00
3	05.09.2017 22:30:20,000	16,31	0,00
4	05.09.2017 22:30:30,000	16,22	0,00
5	05.09.2017 22:30:40,000	16,16	0,00
6	05.09.2017 22:30:50,000	16,07	0,00
7	05.09.2017 22:31:00,000	16,01	0,00
8	05.09.2017 22:31:10,000	15,92	0,00
9	05.09.2017 22:31:20,000	15,83	0,00
10	05.09.2017 22:31:30,000	15,77	0,00
11	05.09.2017 22:31:40,000	15,67	0,00
12	05.09.2017 22:31:50,000	15,58	0,00
13	05.09.2017 22:32:00,000	15,52	0,00
14	05.09.2017 22:32:10,000	15,43	0,00
15	05.09.2017 22:32:20,000	15,37	0,00
16	05.09.2017 22:32:30,000	15,28	0,00
17	05.09.2017 22:32:40,000	15,19	0,00
18	05.09.2017 22:32:50,000	15,12	0,00
19	05.09.2017 22:33:00,000	15,03	0,00
20	05.09.2017 22:33:10,000	14,97	0,00
21	05.09.2017 22:33:20,000	14,91	0,00
22	05.09.2017 22:33:30,000	14,85	0,00
23	05.09.2017 22:33:40,000	14,76	0,00
24	05.09.2017 22:33:50,000	14,69	0,00
25	05.09.2017 22:34:00,000	14,60	0,00
26	05.09.2017 22:34:10,000	14,54	0,00
27	05.09.2017 22:34:20,000	14,45	0,00
28	05.09.2017 22:34:30,000	14,39	0,00
29	05.09.2017 22:34:40,000	14,29	0,00
30	05.09.2017 22:34:50,000	14,23	0,00
31	05.09.2017 22:35:00,000	14,14	0,00
32	05.09.2017 22:35:10,000	14,08	0,00
33	05.09.2017 22:35:20,000	13,98	0,00
34	05.09.2017 22:35:30,000	13,92	0,00
35	05.09.2017 22:35:40,000	13,83	0,00
36	05.09.2017 22:35:50,000	13,73	0,00
37	05.09.2017 22:36:00,000	13,67	0,00
38	05.09.2017 22:36:10,000	13,58	0,00
39	05.09.2017 22:36:20,000	13,52	0,00
40	05.09.2017 22:36:30,000	13,42	0,00
41	05.09.2017 22:36:40,000	13,39	0,00
42	05.09.2017 22:36:50,000	13,30	0,00
43	05.09.2017 22:37:00,000	13,23	0,00
44	05.09.2017 22:37:10,000	13,14	0,00
45	05.09.2017 22:37:20,000	13,08	0,00
46	05.09.2017 22:37:30,000	13,02	0,00
47	05.09.2017 22:37:40,000	12,92	0,00
48	05.09.2017 22:37:50,000	12,86	0,00
49	05.09.2017 22:38:00,000	12,22	0,15
50	05.09.2017 22:38:10,000	10,42	0,38
51	05.09.2017 22:38:20,000	9,60	0,60
52	05.09.2017 22:38:30,000	8,09	0,83
53	05.09.2017 22:38:40,000	7,09	1,05
54	05.09.2017 22:38:50,000	6,46	1,73
55	05.09.2017 22:39:00,000	6,25	3,31
56	05.09.2017 22:39:10,000	6,18	4,79
57	05.09.2017 22:39:20,000	5,93	6,44
58	05.09.2017 22:39:30,000	5,72	7,89
59	05.09.2017 22:39:40,000	5,43	9,52
60	05.09.2017 22:39:50,000	4,75	10,68
61	05.09.2017 22:40:00,000	4,38	10,90
62	05.09.2017 22:40:10,000	3,83	9,88
63	05.09.2017 22:40:20,000	3,41	9,17
64	05.09.2017 22:40:30,000	2,81	9,02
65	05.09.2017 22:40:40,000	2,35	8,96
66	05.09.2017 22:40:50,000	2,27	8,91
67	05.09.2017 22:41:00,000	2,12	9,27
68	05.09.2017 22:41:10,000	1,73	10,61
69	05.09.2017 22:41:20,000	1,38	11,74
70	05.09.2017 22:41:30,000	1,02	12,88
71	05.09.2017 22:41:40,000	0,70	13,58
72	05.09.2017 22:41:50,000	0,54	13,48
73	05.09.2017 22:42:00,000	0,54	13,03
74	05.09.2017 22:42:10,000	0,46	12,75
75	05.09.2017 22:42:20,000	0,34	12,22
76	05.09.2017 22:42:30,000	0,26	11,95
77	05.09.2017 22:42:40,000	0,18	11,22
78	05.09.2017 22:42:50,000	0,22	10,79
79	05.09.2017 22:43:00,000	0,34	10,64
80	05.09.2017 22:43:10,000	0,42	10,69
81	05.09.2017 22:43:20,000	0,46	10,49
82	05.09.2017 22:43:30,000	0,46	11,85
83	05.09.2017 22:43:40,000	0,38	12,93
84	05.09.2017 22:43:50,000	0,22	14,18
85	05.09.2017 22:44:00,000	0,06	15,66
86	05.09.2017 22:44:10,000	-0,07	16,72
87	05.09.2017 22:44:20,000	-0,15	18,03
88	05.09.2017 22:44:30,000	-0,19	19,13
89	05.09.2017 22:44:40,000	-0,27	20,44
90	05.09.2017 22:44:50,000	-0,39	20,81
91	05.09.2017 22:45:00,000	-0,43	21,01
92	05.09.2017 22:45:10,000	-0,48	20,76
93	05.09.2017 22:45:20,000	-0,52	20,28
94	05.09.2017 22:45:30,000	-0,52	20,06
95	05.09.2017 22:45:40,000	-0,52	19,38
96	05.09.2017 22:45:50,000	-0,52	19,15
97	05.09.2017 22:46:00,000	-0,52	19,15
98	05.09.2017 22:46:10,000	-0,52	18,70
99	05.09.2017 22:46:20,000	-0,48	18,27
100	05.09.2017 22:46:30,000	-0,43	18,52
101	05.09.2017 22:46:40,000	-0,39	18,55
102	05.09.2017 22:46:50,000	-0,39	18,78
103	05.09.2017 22:47:00,000	-0,43	18,98
104	05.09.2017 22:47:10,000	-0,43	18,98
105	05.09.2017 22:47:20,000	-0,48	18,50
106	05.09.2017 22:47:30,000	-0,43	17,85
107	05.09.2017 22:47:40,000	-0,39	16,97
108	05.09.2017 22:47:50,000	-0,35	16,99
109	05.09.2017 22:48:00,000	-0,35	16,54
110	05.09.2017 22:48:10,000	-0,35	16,77
111	05.09.2017 22:48:20,000	-0,31	16,79
112	05.09.2017 22:48:30,000	-0,31	17,70
113	05.09.2017 22:48:40,000	-0,35	18,35
114	05.09.2017 22:48:50,000	-0,35	19,71
115	05.09.2017 22:49:00,000	-0,39	21,27
116	05.09.2017 22:49:10,000	-0,43	22,60
117	05.09.2017 22:49:20,000	-0,43	23,73
118	05.09.2017 22:49:30,000	-0,43	23,96
119	05.09.2017 22:49:40,000	-0,43	23,50
120	05.09.2017 22:49:50,000	-0,39	23,30
121	05.09.2017 22:50:00,000	-0,39	23,53
122	05.09.2017 22:50:10,000	-0,39	23,53
123	05.09.2017 22:50:20,000	-0,39	24,21
124	05.09.2017 22:50:30,000	-0,39	24,44
125	05.09.2017 22:50:40,000	-0,35	24,46
126	05.09.2017 22:50:50,000	-0,35	24,69
127	05.09.2017 22:51:00,000	-0,35	25,14
128	05.09.2017 22:51:10,000	-0,35	25,59
129	05.09.2017 22:51:20,000	-0,35	26,05
130	05.09.2017 22:51:30,000	-0,35	26,50
131	05.09.2017 22:51:40,000	-0,35	27,18
132	05.09.2017 22:51:50,000	-0,35	27,86
133	05.09.2017 22:52:00,000	-0,39	28,29
134	05.09.2017 22:52:10,000	-0,35	28,76
135	05.09.2017 22:52:20,000	-0,39	29,42
136	05.09.2017 22:52:30,000	-0,39	30,32
137	05.09.2017 22:52:40,000	-0,39	31,00
138	05.09.2017 22:52:50,000	-0,39	31,68
139	05.09.2017 22:53:00,000	-0,39	32,36
140	05.09.2017 22:53:10,000	-0,31	33,10
141	05.09.2017 22:53:20,000	-0,19	33,85
142	05.09.2017 22:53:30,000	-0,11	34,36
143	05.09.2017 22:53:40,000	-0,07	35,06
144	05.09.2017 22:53:50,000	-0,07	35,52
145	05.09.2017 22:54:00,000	-0,07	36,42
146	05.09.2017 22:54:10,000	-0,11	37,08
147	05.09.2017 22:54:20,000	-0,15	37,51
148	05.09.2017 22:54:30,000	-0,15	38,19
149	05.09.2017 22:54:40,000	-0,19	39,07
150	05.09.2017 22:54:50,000	-0,19	39,75
151	05.09.2017 22:55:00,000	-0,19	40,20
152	05.09.2017 22:55:10,000	-0,19	40,88
153	05.09.2017 22:55:20,000	-0,23	41,54
154	05.09.2017 22:55:30,000	-0,23	42,22
155	05.09.2017 22:55:40,000	-0,27	43,10
156	05.09.2017 22:55:50,000	-0,27	43,78
157	05.09.2017 22:56:00,000	-0,27	44,91
158	05.09.2017 22:56:10,000	-0,27	45,37
159	05.09.2017 22:56:20,000	-0,31	46,48
160	05.09.2017 22:56:30,000	-0,31	47,16
161	05.09.2017 22:56:40,000	-0,31	48,06
162	05.09.2017 22:56:50,000	-0,35	48,95
163	05.09.2017 22:57:00,000	-0,35	49,85
164	05.09.2017 22:57:10,000	-0,35	50,76
165	05.09.2017 22:57:20,000	-0,35	51,67
166	05.09.2017 22:57:30,000	-0,35	52,81
167	05.09.2017 22:57:40,000	-0,35	53,71
168	05.09.2017 22:57:50,000	-0,35	54,39
169	05.09.2017 22:58:00,000	-0,35	55,53
170	05.09.2017 22:58:10,000	-0,35	56,21
171	05.09.2017 22:58:20,000	-0,35	57,12
172	05.09.2017 22:58:30,000	-0,35	58,03
173	05.09.2017 22:58:40,000	-0,35	58,94
174	05.09.2017 22:58:50,000	-0,39	59,82
175	05.09.2017 22:59:00,000	-0,39	60,73
176	05.09.2017 22:59:10,000	-0,39	61,86
177	05.09.2017 22:59:20,000	-0,39	62,77
178	05.09.2017 22:59:30,000	-0,39	63,68
179	05.09.2017 22:59:40,000	-0,43	64,79
180	05.09.2017 22:59:50,000	-0,43	65,70
181	05.09.2017 23:00:00,000	-0,48	67,04
182	05.09.2017 23:00:10,000	-0,52	67,70
183	05.09.2017 23:00:20,000	-0,56	69,03
184	05.09.2017 23:00:30,000	-0,60	69,92
185	05.09.2017 23:00:40,000	-0,60	71,28
186	05.09.2017 23:00:50,000	-0,64	72,16
187	05.09.2017 23:01:00,000	-0,68	73,05
188	05.09.2017 23:01:10,000	-0,72	74,16
189	05.09.2017 23:01:20,000	-0,77	75,04
190	05.09.2017 23:01:30,000	-0,81	76,15
191	05.09.2017 23:01:40,000	-0,81	77,29
192	05.09.2017 23:01:50,000	-0,85	78,17
193	05.09.2017 23:02:00,000	-0,89	79,29
194	05.09.2017 23:02:10,000	-0,89	80,20
195	05.09.2017 23:02:20,000	-0,93	81,31
196	05.09.2017 23:02:30,000	-0,93	82,44
197	05.09.2017 23:02:40,000	-0,93	83,58
198	05.09.2017 23:02:50,000	-0,97	84,69
199	05.09.2017 23:03:00,000	-0,97	85,60
200	05.09.2017 23:03:10,000	-0,97	86,74
201	05.09.2017 23:03:20,000	-1,01	87,63
202	05.09.2017 23:03:30,000	-1,01	88,99
203	05.09.2017 23:03:40,000	-1,01	89,90
204	05.09.2017 23:03:50,000	-1,01	91,04
205	05.09.2017 23:04:00,000	-1,01	92,41
206	05.09.2017 23:04:10,000	-1,06	93,52
207	05.09.2017 23:04:20,000	-1,06	94,43
208	05.09.2017 23:04:30,000	-1,10	95,77
209	05.09.2017 23:04:40,000	-1,10	96,68
210	05.09.2017 23:04:50,000	-1,10	97,82
211	05.09.2017 23:05:00,000	-1,10	99,18
212	05.09.2017 23:05:10,000	-1,14	100,07
213	05.09.2017 23:05:20,000	-1,14	101,21
214	05.09.2017 23:05:30,000	-1,18	102,32
215	05.09.2017 23:05:40,000	-1,18	103,46
216	05.09.2017 23:05:50,000	-1,18	104,60
217	05.09.2017 23:06:00,000	-1,22	106,16
218	05.09.2017 23:06:10,000	-1,22	107,30
219	05.09.2017 23:06:20,000	-1,22	108,21
220	05.09.2017 23:06:30,000	-1,27	109,55
221	05.09.2017 23:06:40,000	-1,27	110,47
222	05.09.2017 23:06:50,000	-1,22	111,63
223	05.09.2017 23:07:00,000	-1,22	113,00
224	05.09.2017 23:07:10,000	-1,22	114,14
225	05.09.2017 23:07:20,000	-1,22	115,50
226	05.09.2017 23:07:30,000	-1,27	117,07
227	05.09.2017 23:07:40,000	-1,27	118,21
228	05.09.2017 23:07:50,000	-1,27	119,81
229	05.09.2017 23:08:00,000	-1,27	121,40
230	05.09.2017 23:08:10,000	-1,27	122,77
231	05.09.2017 23:08:20,000	-1,31	124,34
232	05.09.2017 23:08:30,000	-1,31	125,71
233	05.09.2017 23:08:40,000	-1,31	127,30
234	05.09.2017 23:08:50,000	-1,35	128,64
235	05.09.2017 23:09:00,000	-1,35	130,24
236	05.09.2017 23:09:10,000	-1,35	131,38
237	05.09.2017 23:09:20,000	-1,35	132,98
238	05.09.2017 23:09:30,000	-1,35	134,12
239	05.09.2017 23:09:40,000	-1,35	136,17
240	05.09.2017 23:09:50,000	-1,35	137,31
241	05.09.2017 23:10:00,000	-1,35	138,90
242	05.09.2017 23:10:10,000	-1,35	140,50
243	05.09.2017 23:10:20,000	-1,35	141,87
244	05.09.2017 23:10:30,000	-1,35	143,46
245	05.09.2017 23:10:40,000	-1,35	145,06
246	05.09.2017 23:10:50,000	-1,31	146,68
247	05.09.2017 23:11:00,000	-1,27	148,53
248	05.09.2017 23:11:10,000	-1,22	150,38
249	05.09.2017 23:11:20,000	-1,18	152,01
250	05.09.2017 23:11:30,000	-1,14	153,86
251	05.09.2017 23:11:40,000	-1,06	155,74
252	05.09.2017 23:11:50,000	-1,01	157,36
253	05.09.2017 23:12:00,000	-0,93	159,46
254	05.09.2017 23:12:10,000	-0,89	161,09
255	05.09.2017 23:12:20,000	-0,85	163,39
256	05.09.2017 23:12:30,000	-0,81	165,47
257	05.09.2017 23:12:40,000	-0,77	167,55
258	05.09.2017 23:12:50,000	-0,72	169,40
259	05.09.2017 23:13:00,000	-0,68	171,48
260	05.09.2017 23:13:10,000	-0,64	173,56
261	05.09.2017 23:13:20,000	-0,60	175,64
262	05.09.2017 23:13:30,000	-0,56	177,49
263	05.09.2017 23:13:40,000	-0,56	179,55
264	05.09.2017 23:13:50,000	-0,52	181,62
265	05.09.2017 23:14:00,000	-0,48	183,48
266	05.09.2017 23:14:10,000	-0,43	185,55
267	05.09.2017 23:14:20,000	-0,39	187,18
268	05.09.2017 23:14:30,000	-0,35	189,26
269	05.09.2017 23:14:40,000	-0,31	191,11
270	05.09.2017 23:14:50,000	-0,27	192,96
271	05.09.2017 23:15:00,000	-0,27	194,78
272	05.09.2017 23:15:10,000	-0,23	196,63
273	05.09.2017 23:15:20,000	-0,19	198,26
274	05.09.2017 23:15:30,000	-0,19	200,08
275	05.09.2017 23:15:40,000	-0,15	201,70
276	05.09.2017 23:15:50,000	-0,11	202,87
277	05.09.2017 23:16:00,000	-0,11	204,70
278	05.09.2017 23:16:10,000	-0,02	206,12
279	05.09.2017 23:16:20,000	0,02	207,74
280	05.09.2017 23:16:30,000	0,02	209,11
281	05.09.2017 23:16:40,000	0,02	210,70
282	05.09.2017 23:16:50,000	0,06	212,33
283	05.09.2017 23:17:00,000	0,06	213,70
284	05.09.2017 23:17:10,000	0,10	215,09
285	05.09.2017 23:17:20,000	0,10	216,69
286	05.09.2017 23:17:30,000	0,10	217,60
287	05.09.2017 23:17:40,000	0,14	218,77
288	05.09.2017 23:17:50,000	0,14	219,45
289	05.09.2017 23:18:00,000	0,14	219,91
290	05.09.2017 23:18:10,000	0,18	220,84
291	05.09.2017 23:18:20,000	0,18	221,53
292	05.09.2017 23:18:30,000	0,18	221,98
293	05.09.2017 23:18:40,000	0,18	222,44
294	05.09.2017 23:18:50,000	0,18	222,90
295	05.09.2017 23:19:00,000	0,18	223,35
296	05.09.2017 23:19:10,000	0,22	223,83
297	05.09.2017 23:19:20,000	0,22	224,29
298	05.09.2017 23:19:30,000	0,22	224,98
299	05.09.2017 23:19:40,000	0,22	225,20
300	05.09.2017 23:19:50,000	0,22	225,89
301	05.09.2017 23:20:00,000	0,22	226,34
302	05.09.2017 23:20:10,000	0,22	226,80
303	05.09.2017 23:20:20,000	0,22	227,03
304	05.09.2017 23:20:30,000	0,26	227,74
305	05.09.2017 23:20:40,000	0,26	228,19
306	05.09.2017 23:20:50,000	0,26	228,65
307	05.09.2017 23:21:00,000	0,26	229,33
308	05.09.2017 23:21:10,000	0,26	230,25
309	05.09.2017 23:21:20,000	0,26	230,93
310	05.09.2017 23:21:30,000	0,26	231,84
311	05.09.2017 23:21:40,000	0,26	232,98
312	05.09.2017 23:21:50,000	0,26	233,67
313	05.09.2017 23:22:00,000	0,26	234,58
314	05.09.2017 23:22:10,000	0,26	235,72
315	05.09.2017 23:22:20,000	0,26	236,86
316	05.09.2017 23:22:30,000	0,26	237,54
317	05.09.2017 23:22:40,000	0,26	238,46
318	05.09.2017 23:22:50,000	0,26	239,37
319	05.09.2017 23:23:00,000	0,26	240,51
320	05.09.2017 23:23:10,000	0,26	241,19
321	05.09.2017 23:23:20,000	0,26	242,11
322	05.09.2017 23:23:30,000	0,26	243,02
323	05.09.2017 23:23:40,000	0,30	244,18
324	05.09.2017 23:23:50,000	0,30	245,10
325	05.09.2017 23:24:00,000	0,30	245,55
326	05.09.2017 23:24:10,000	0,30	246,24
327	05.09.2017 23:24:20,000	0,30	246,69
328	05.09.2017 23:24:30,000	0,30	246,92
329	05.09.2017 23:24:40,000	0,30	247,38
330	05.09.2017 23:24:50,000	0,30	247,38
331	05.09.2017 23:25:00,000	0,30	247,60
332	05.09.2017 23:25:10,000	0,30	247,83
333	05.09.2017 23:25:20,000	0,30	248,06
334	05.09.2017 23:25:30,000	0,30	248,29
335	05.09.2017 23:25:40,000	0,30	248,29
336	05.09.2017 23:25:50,000	0,30	248,74
337	05.09.2017 23:26:00,000	0,30	248,97
338	05.09.2017 23:26:10,000	0,30	248,97
339	05.09.2017 23:26:20,000	0,30	249,20
340	05.09.2017 23:26:30,000	0,30	249,66
341	05.09.2017 23:26:40,000	0,34	249,91
342	05.09.2017 23:26:50,000	0,34	250,14
343	05.09.2017 23:27:00,000	0,34	250,37
344	05.09.2017 23:27:10,000	0,34	250,59
345	05.09.2017 23:27:20,000	0,34	250,82
346	05.09.2017 23:27:30,000	0,34	251,05
347	05.09.2017 23:27:40,000	0,34	251,28
348	05.09.2017 23:27:50,000	0,34	251,51
349	05.09.2017 23:28:00,000	0,34	251,51
350	05.09.2017 23:28:10,000	0,34	251,73
351	05.09.2017 23:28:20,000	0,34	251,96
352	05.09.2017 23:28:30,000	0,34	251,96
353	05.09.2017 23:28:40,000	0,34	251,96
354	05.09.2017 23:28:50,000	0,34	252,19
355	05.09.2017 23:29:00,000	0,34	252,42
356	05.09.2017 23:29:10,000	0,34	252,42
357	05.09.2017 23:29:20,000	0,34	252,42
358	05.09.2017 23:29:30,000	0,34	252,87
359	05.09.2017 23:29:40,000	0,34	252,87
360	05.09.2017 23:29:50,000	0,34	253,10
361	05.09.2017 23:30:00,000	0,34	253,56
362	05.09.2017 23:30:10,000	0,34	253,79
363	05.09.2017 23:30:20,000	0,34	254,01
364	05.09.2017 23:30:30,000	0,34	254,01
365	05.09.2017 23:30:40,000	0,34	254,24
366	05.09.2017 23:30:50,000	0,34	254,47
367	05.09.2017 23:31:00,000	0,34	254,70
368	05.09.2017 23:31:10,000	0,34	254,93
369	05.09.2017 23:31:20,000	0,34	255,15
370	05.09.2017 23:31:30,000	0,34	255,15
371	05.09.2017 23:31:40,000	0,34	255,38
372	05.09.2017 23:31:50,000	0,34	255,38
373	05.09.2017 23:32:00,000	0,34	255,84
374	05.09.2017 23:32:10,000	0,34	256,07
375	05.09.2017 23:32:20,000	0,34	256,29
376	05.09.2017 23:32:30,000	0,34	256,29
377	05.09.2017 23:32:40,000	0,34	256,52
378	05.09.2017 23:32:50,000	0,34	256,75
379	05.09.2017 23:33:00,000	0,34	256,75
380	05.09.2017 23:33:10,000	0,34	257,21
381	05.09.2017 23:33:20,000	0,34	257,21
382	05.09.2017 23:33:30,000	0,34	257,43
383	05.09.2017 23:33:40,000	0,34	257,66
384	05.09.2017 23:33:50,000	0,34	257,66
385	05.09.2017 23:34:00,000	0,34	257,66
386	05.09.2017 23:34:10,000	0,34	257,66
387	05.09.2017 23:34:20,000	0,34	258,12
388	05.09.2017 23:34:30,000	0,34	258,12
389	05.09.2017 23:34:40,000	0,34	257,89
390	05.09.2017 23:34:50,000	0,34	258,12
391	05.09.2017 23:35:00,000	0,34	258,35
392	05.09.2017 23:35:10,000	0,34	258,12
393	05.09.2017 23:35:20,000	0,34	258,12
394	05.09.2017 23:35:30,000	0,34	258,12
395	05.09.2017 23:35:40,000	0,34	258,35
396	05.09.2017 23:35:50,000	0,34	258,35
397	05.09.2017 23:36:00,000	0,34	258,12
398	05.09.2017 23:36:10,000	0,34	257,89
399	05.09.2017 23:36:20,000	0,34	257,89
400	05.09.2017 23:36:30,000	0,34	257,66
401	05.09.2017 23:36:40,000	0,34	257,66
402	05.09.2017 23:36:50,000	0,34	257,89
403	05.09.2017 23:37:00,000	0,34	257,66
404	05.09.2017 23:37:10,000	0,34	257,66
405	05.09.2017 23:37:20,000	0,34	257,43
406	05.09.2017 23:37:30,000	0,34	257,43
407	05.09.2017 23:37:40,000	0,34	257,43
408	05.09.2017 23:37:50,000	0,34	257,66
409	05.09.2017 23:38:00,000	0,34	257,43
410	05.09.2017 23:38:10,000	0,34	257,43
411	05.09.2017 23:38:20,000	0,34	257,21
412	05.09.2017 23:38:30,000	0,34	257,43
413	05.09.2017 23:38:40,000	0,34	257,43
414	05.09.2017 23:38:50,000	0,34	257,21
415	05.09.2017 23:39:00,000	0,34	257,21
416	05.09.2017 23:39:10,000	0,34	257,21
417	05.09.2017 23:39:20,000	0,34	256,98
418	05.09.2017 23:39:30,000	0,34	256,98
419	05.09.2017 23:39:40,000	0,34	256,98
420	05.09.2017 23:39:50,000	0,34	256,98
421	05.09.2017 23:40:00,000	0,34	256,98
422	05.09.2017 23:40:10,000	0,34	256,98
423	05.09.2017 23:40:20,000	0,34	256,52
424	05.09.2017 23:40:30,000	0,34	256,52
425	05.09.2017 23:40:40,000	0,34	256,52
426	05.09.2017 23:40:50,000	0,34	256,52
427	05.09.2017 23:41:00,000	0,34	256,29
428	05.09.2017 23:41:10,000	0,34	256,07
429	05.09.2017 23:41:20,000	0,34	255,84
430	05.09.2017 23:41:30,000	0,34	256,07
431	05.09.2017 23:41:40,000	0,34	255,61
432	05.09.2017 23:41:50,000	0,34	255,61
433	05.09.2017 23:42:00,000	0,34	255,61
434	05.09.2017 23:42:10,000	0,34	255,38
435	05.09.2017 23:42:20,000	0,34	255,38
436	05.09.2017 23:42:30,000	0,34	255,15
437	05.09.2017 23:42:40,000	0,34	255,15
438	05.09.2017 23:42:50,000	0,34	254,93
439	05.09.2017 23:43:00,000	0,34	255,15
440	05.09.2017 23:43:10,000	0,34	254,93
441	05.09.2017 23:43:20,000	0,34	254,93
442	05.09.2017 23:43:30,000	0,34	254,93
443	05.09.2017 23:43:40,000	0,34	254,93
444	05.09.2017 23:43:50,000	0,34	254,93
445	05.09.2017 23:44:00,000	0,34	254,93
446	05.09.2017 23:44:10,000	0,34	254,93
447	05.09.2017 23:44:20,000	0,34	255,15
448	05.09.2017 23:44:30,000	0,34	255,38
449	05.09.2017 23:44:40,000	0,34	255,38
450	05.09.2017 23:44:50,000	0,34	255,38
451	05.09.2017 23:45:00,000	0,34	255,84
452	05.09.2017 23:45:10,000	0,34	256,07
453	05.09.2017 23:45:20,000	0,38	256,32
454	05.09.2017 23:45:30,000	0,38	256,32
455	05.09.2017 23:45:40,000	0,38	256,55
456	05.09.2017 23:45:50,000	0,38	256,78
457	05.09.2017 23:46:00,000	0,38	257,23
458	05.09.2017 23:46:10,000	0,38	257,46
459	05.09.2017 23:46:20,000	0,34	257,43
460	05.09.2017 23:46:30,000	0,38	257,69
461	05.09.2017 23:46:40,000	0,38	257,92
462	05.09.2017 23:46:50,000	0,38	257,92
463	05.09.2017 23:47:00,000	0,38	258,14
464	05.09.2017 23:47:10,000	0,38	258,14
465	05.09.2017 23:47:20,000	0,38	258,14
466	05.09.2017 23:47:30,000	0,38	258,37
467	05.09.2017 23:47:40,000	0,38	258,14
468	05.09.2017 23:47:50,000	0,38	258,37
469	05.09.2017 23:48:00,000	0,38	258,37
470	05.09.2017 23:48:10,000	0,38	258,37
471	05.09.2017 23:48:20,000	0,38	258,37
472	05.09.2017 23:48:30,000	0,34	258,12
473	05.09.2017 23:48:40,000	0,38	258,14
474	05.09.2017 23:48:50,000	0,38	258,14
475	05.09.2017 23:49:00,000	0,38	257,92
476	05.09.2017 23:49:10,000	0,38	257,92
477	05.09.2017 23:49:20,000	0,38	258,14
478	05.09.2017 23:49:30,000	0,38	257,92
479	05.09.2017 23:49:40,000	0,38	257,92
480	05.09.2017 23:49:50,000	0,38	258,14
481	05.09.2017 23:50:00,000	0,38	258,14
482	05.09.2017 23:50:10,000	0,38	258,14
483	05.09.2017 23:50:20,000	0,38	258,14
484	05.09.2017 23:50:30,000	0,38	258,37
485	05.09.2017 23:50:40,000	0,38	258,37
486	05.09.2017 23:50:50,000	0,38	258,37
487	05.09.2017 23:51:00,000	0,38	258,60
488	05.09.2017 23:51:10,000	0,38	259,06
489	05.09.2017 23:51:20,000	0,38	258,83
490	05.09.2017 23:51:30,000	0,38	259,06
491	05.09.2017 23:51:40,000	0,38	259,06
492	05.09.2017 23:51:50,000	0,38	259,06
493	05.09.2017 23:52:00,000	0,38	259,51
494	05.09.2017 23:52:10,000	0,38	259,51
495	05.09.2017 23:52:20,000	0,38	259,74
496	05.09.2017 23:52:30,000	0,38	259,51
497	05.09.2017 23:52:40,000	0,38	259,51
498	05.09.2017 23:52:50,000	0,38	259,74
499	05.09.2017 23:53:00,000	0,38	259,74
500	05.09.2017 23:53:10,000	0,38	259,74
501	05.09.2017 23:53:20,000	0,38	259,74
502	05.09.2017 23:53:30,000	0,38	259,74
503	05.09.2017 23:53:40,000	0,38	259,97
504	05.09.2017 23:53:50,000	0,38	259,97
505	05.09.2017 23:54:00,000	0,38	259,74
506	05.09.2017 23:54:10,000	0,38	259,74
507	05.09.2017 23:54:20,000	0,38	259,51
508	05.09.2017 23:54:30,000	0,38	259,97
509	05.09.2017 23:54:40,000	0,38	259,74
510	05.09.2017 23:54:50,000	0,38	259,97
511	05.09.2017 23:55:00,000	0,38	259,97
512	05.09.2017 23:55:10,000	0,38	260,20
513	05.09.2017 23:55:20,000	0,38	259,97
514	05.09.2017 23:55:30,000	0,38	260,20
515	05.09.2017 23:55:40,000	0,38	260,42
516	05.09.2017 23:55:50,000	0,38	260,42
517	05.09.2017 23:56:00,000	0,38	260,65
518	05.09.2017 23:56:10,000	0,38	260,65
519	05.09.2017 23:56:20,000	0,38	260,88
520	05.09.2017 23:56:30,000	0,38	260,88
521	05.09.2017 23:56:40,000	0,38	261,34
522	05.09.2017 23:56:50,000	0,38	261,34
523	05.09.2017 23:57:00,000	0,38	261,34
524	05.09.2017 23:57:10,000	0,38	261,34
525	05.09.2017 23:57:20,000	0,38	261,34
526	05.09.2017 23:57:30,000	0,38	261,56
527	05.09.2017 23:57:40,000	0,38	261,56
528	05.09.2017 23:57:50,000	0,38	261,79
529	05.09.2017 23:58:00,000	0,38	261,79
530	05.09.2017 23:58:10,000	0,38	261,79
531	05.09.2017 23:58:20,000	0,38	261,79
532	05.09.2017 23:58:30,000	0,38	262,25
533	05.09.2017 23:58:40,000	0,38	262,25
534	05.09.2017 23:58:50,000	0,38	262,48
535	05.09.2017 23:59:00,000	0,38	262,48
536	05.09.2017 23:59:10,000	0,38	262,25
537	05.09.2017 23:59:20,000	0,38	262,48
538	05.09.2017 23:59:30,000	0,38	262,48
539	05.09.2017 23:59:40,000	0,38	262,48
540	05.09.2017 23:59:50,000	0,38	262,70
541	06.09.2017 00:00:00,000	0,38	262,70
542	06.09.2017 00:00:10,000	0,38	262,70
543	06.09.2017 00:00:20,000	0,38	262,70
544	06.09.2017 00:00:30,000	0,38	262,70
545	06.09.2017 00:00:40,000	0,38	262,70
546	06.09.2017 00:00:50,000	0,38	262,70
547	06.09.2017 00:01:00,000	0,38	262,93
548	06.09.2017 00:01:10,000	0,38	262,93
549	06.09.2017 00:01:20,000	0,38	262,93
550	06.09.2017 00:01:30,000	0,38	262,70
551	06.09.2017 00:01:40,000	0,38	262,70
552	06.09.2017 00:01:50,000	0,38	262,70
553	06.09.2017 00:02:00,000	0,38	262,93
554	06.09.2017 00:02:10,000	0,38	262,70
555	06.09.2017 00:02:20,000	0,38	262,93
556	06.09.2017 00:02:30,000	0,38	262,70
557	06.09.2017 00:02:40,000	0,38	262,70
558	06.09.2017 00:02:50,000	0,38	262,93
559	06.09.2017 00:03:00,000	0,38	262,70
560	06.09.2017 00:03:10,000	0,38	262,93
561	06.09.2017 00:03:20,000	0,38	262,70
562	06.09.2017 00:03:30,000	0,38	262,70
563	06.09.2017 00:03:40,000	0,38	262,70
564	06.09.2017 00:03:50,000	0,38	262,48
565	06.09.2017 00:04:00,000	0,38	262,70
566	06.09.2017 00:04:10,000	0,38	262,93
567	06.09.2017 00:04:20,000	0,38	263,16
568	06.09.2017 00:04:30,000	0,38	263,16
569	06.09.2017 00:04:40,000	0,38	263,16
570	06.09.2017 00:04:50,000	0,38	262,93
571	06.09.2017 00:05:00,000	0,38	262,48
572	06.09.2017 00:05:10,000	0,34	261,99
573	06.09.2017 00:05:20,000	0,34	261,31
574	06.09.2017 00:05:30,000	0,34	260,40
575	06.09.2017 00:05:40,000	0,34	259,49
576	06.09.2017 00:05:50,000	0,34	258,57
577	06.09.2017 00:06:00,000	0,34	257,66
578	06.09.2017 00:06:10,000	0,34	256,52
579	06.09.2017 00:06:20,000	0,34	255,61
580	06.09.2017 00:06:30,000	0,34	254,93
581	06.09.2017 00:06:40,000	0,34	253,56
582	06.09.2017 00:06:50,000	0,34	252,65
583	06.09.2017 00:07:00,000	0,34	251,73
584	06.09.2017 00:07:10,000	0,34	250,59
585	06.09.2017 00:07:20,000	0,34	249,68
586	06.09.2017 00:07:30,000	0,34	248,77
587	06.09.2017 00:07:40,000	0,34	247,63
588	06.09.2017 00:07:50,000	0,34	246,49
589	06.09.2017 00:08:00,000	0,34	245,58
590	06.09.2017 00:08:10,000	0,34	244,21
591	06.09.2017 00:08:20,000	0,34	243,07
592	06.09.2017 00:08:30,000	0,34	241,70
593	06.09.2017 00:08:40,000	0,34	240,79
594	06.09.2017 00:08:50,000	0,30	239,85
595	06.09.2017 00:09:00,000	0,30	238,71
596	06.09.2017 00:09:10,000	0,30	237,34
597	06.09.2017 00:09:20,000	0,30	235,75
598	06.09.2017 00:09:30,000	0,30	234,38
599	06.09.2017 00:09:40,000	0,30	232,55
600	06.09.2017 00:09:50,000	0,30	231,18
601	06.09.2017 00:10:00,000	0,30	229,59
602	06.09.2017 00:10:10,000	0,30	227,99
603	06.09.2017 00:10:20,000	0,26	226,37
604	06.09.2017 00:10:30,000	0,26	224,54
605	06.09.2017 00:10:40,000	0,26	223,18
606	06.09.2017 00:10:50,000	0,26	221,81
607	06.09.2017 00:11:00,000	0,26	220,21
608	06.09.2017 00:11:10,000	0,26	218,61
609	06.09.2017 00:11:20,000	0,26	217,25
610	06.09.2017 00:11:30,000	0,22	215,62
611	06.09.2017 00:11:40,000	0,22	214,03
612	06.09.2017 00:11:50,000	0,22	212,43
613	06.09.2017 00:12:00,000	0,22	211,06
614	06.09.2017 00:12:10,000	0,18	209,44
615	06.09.2017 00:12:20,000	0,18	207,84
616	06.09.2017 00:12:30,000	0,18	206,24
617	06.09.2017 00:12:40,000	0,18	204,42
618	06.09.2017 00:12:50,000	0,14	202,80
619	06.09.2017 00:13:00,000	0,14	201,20
620	06.09.2017 00:13:10,000	0,14	199,60
621	06.09.2017 00:13:20,000	0,14	197,78
622	06.09.2017 00:13:30,000	0,10	196,38
623	06.09.2017 00:13:40,000	0,10	194,56
624	06.09.2017 00:13:50,000	0,06	192,71
625	06.09.2017 00:14:00,000	0,06	191,11
626	06.09.2017 00:14:10,000	0,06	189,51
627	06.09.2017 00:14:20,000	0,02	187,89
628	06.09.2017 00:14:30,000	0,02	186,30
629	06.09.2017 00:14:40,000	0,02	184,70
630	06.09.2017 00:14:50,000	0,02	182,64
631	06.09.2017 00:15:00,000	-0,02	180,79
632	06.09.2017 00:15:10,000	-0,07	179,17
633	06.09.2017 00:15:20,000	-0,11	177,32
634	06.09.2017 00:15:30,000	-0,11	175,50
635	06.09.2017 00:15:40,000	-0,15	173,65
636	06.09.2017 00:15:50,000	-0,19	171,79
637	06.09.2017 00:16:00,000	-0,23	169,72
638	06.09.2017 00:16:10,000	-0,23	168,12
639	06.09.2017 00:16:20,000	-0,27	166,04
640	06.09.2017 00:16:30,000	-0,31	164,19
641	06.09.2017 00:16:40,000	-0,35	162,34
642	06.09.2017 00:16:50,000	-0,39	160,49
643	06.09.2017 00:17:00,000	-0,43	158,87
644	06.09.2017 00:17:10,000	-0,48	156,79
645	06.09.2017 00:17:20,000	-0,52	154,71
646	06.09.2017 00:17:30,000	-0,52	152,66
647	06.09.2017 00:17:40,000	-0,56	150,80
648	06.09.2017 00:17:50,000	-0,60	148,95
649	06.09.2017 00:18:00,000	-0,60	146,90
650	06.09.2017 00:18:10,000	-0,64	145,05
651	06.09.2017 00:18:20,000	-0,68	142,52
652	06.09.2017 00:18:30,000	-0,77	140,64
653	06.09.2017 00:18:40,000	-0,81	138,33
654	06.09.2017 00:18:50,000	-0,85	136,03
655	06.09.2017 00:19:00,000	-0,93	133,92
656	06.09.2017 00:19:10,000	-1,06	131,56
657	06.09.2017 00:19:20,000	-1,14	129,46
658	06.09.2017 00:19:30,000	-1,18	127,15
659	06.09.2017 00:19:40,000	-1,22	124,62
660	06.09.2017 00:19:50,000	-1,27	122,31
661	06.09.2017 00:20:00,000	-1,31	119,78
662	06.09.2017 00:20:10,000	-1,31	117,50
663	06.09.2017 00:20:20,000	-1,31	115,22
664	06.09.2017 00:20:30,000	-1,35	113,15
665	06.09.2017 00:20:40,000	-1,35	110,64
666	06.09.2017 00:20:50,000	-1,35	108,36
667	06.09.2017 00:21:00,000	-1,35	106,08
668	06.09.2017 00:21:10,000	-1,35	104,03
669	06.09.2017 00:21:20,000	-1,31	101,56
670	06.09.2017 00:21:30,000	-1,31	99,73
671	06.09.2017 00:21:40,000	-1,31	97,68
672	06.09.2017 00:21:50,000	-1,27	95,89
673	06.09.2017 00:22:00,000	-1,18	93,67
674	06.09.2017 00:22:10,000	-1,18	91,62
675	06.09.2017 00:22:20,000	-1,14	89,60
676	06.09.2017 00:22:30,000	-1,01	87,17
677	06.09.2017 00:22:40,000	-0,93	84,95
678	06.09.2017 00:22:50,000	-0,85	82,27
679	06.09.2017 00:23:00,000	-0,81	80,02
680	06.09.2017 00:23:10,000	-0,77	77,54
681	06.09.2017 00:23:20,000	-0,64	74,89
682	06.09.2017 00:23:30,000	-0,56	71,99
683	06.09.2017 00:23:40,000	-0,52	69,29
684	06.09.2017 00:23:50,000	-0,43	66,84
685	06.09.2017 00:24:00,000	-0,31	64,19
686	06.09.2017 00:24:10,000	-0,15	61,57
687	06.09.2017 00:24:20,000	0,10	58,99
688	06.09.2017 00:24:30,000	0,46	56,50
689	06.09.2017 00:24:40,000	0,74	54,17
690	06.09.2017 00:24:50,000	0,90	52,00
691	06.09.2017 00:25:00,000	0,98	50,47
692	06.09.2017 00:25:10,000	0,78	48,75
693	06.09.2017 00:25:20,000	0,34	47,34
694	06.09.2017 00:25:30,000	0,06	45,80
695	06.09.2017 00:25:40,000	-0,07	44,36
696	06.09.2017 00:25:50,000	-0,11	42,97
697	06.09.2017 00:26:00,000	-0,11	41,84
698	06.09.2017 00:26:10,000	-0,15	40,68
699	06.09.2017 00:26:20,000	-0,19	39,52
700	06.09.2017 00:26:30,000	-0,23	38,81
701	06.09.2017 00:26:40,000	-0,27	37,88
702	06.09.2017 00:26:50,000	-0,27	36,97
703	06.09.2017 00:27:00,000	-0,31	36,50
704	06.09.2017 00:27:10,000	-0,35	35,56
705	06.09.2017 00:27:20,000	-0,35	34,66
706	06.09.2017 00:27:30,000	-0,35	33,75
707	06.09.2017 00:27:40,000	-0,39	33,27
708	06.09.2017 00:27:50,000	-0,39	32,59
709	06.09.2017 00:28:00,000	-0,39	31,68
710	06.09.2017 00:28:10,000	-0,39	31,00
711	06.09.2017 00:28:20,000	-0,43	30,07
712	06.09.2017 00:28:30,000	-0,48	29,37
713	06.09.2017 00:28:40,000	-0,48	28,91
714	06.09.2017 00:28:50,000	-0,48	28,23
715	06.09.2017 00:29:00,000	-0,48	27,55
716	06.09.2017 00:29:10,000	-0,43	27,13
717	06.09.2017 00:29:20,000	-0,43	26,67
718	06.09.2017 00:29:30,000	-0,43	25,99
719	06.09.2017 00:29:40,000	-0,48	25,52
720	06.09.2017 00:29:50,000	-0,43	24,86
721	06.09.2017 00:30:00,000	-0,43	24,18
722	06.09.2017 00:30:10,000	-0,52	23,91
723	06.09.2017 00:30:20,000	-0,52	23,23
724	06.09.2017 00:30:30,000	-0,52	22,55
725	06.09.2017 00:30:40,000	-0,48	21,89
726	06.09.2017 00:30:50,000	-0,39	21,27
727	06.09.2017 00:31:00,000	-0,35	20,61
728	06.09.2017 00:31:10,000	-0,31	20,19
729	06.09.2017 00:31:20,000	-0,27	20,44
730	06.09.2017 00:31:30,000	-0,27	20,44
731	06.09.2017 00:31:40,000	-0,23	20,69
732	06.09.2017 00:31:50,000	-0,23	20,69
733	06.09.2017 00:32:00,000	-0,27	21,12
734	06.09.2017 00:32:10,000	-0,27	21,57
735	06.09.2017 00:32:20,000	-0,27	22,02
736	06.09.2017 00:32:30,000	-0,31	22,22
737	06.09.2017 00:32:40,000	-0,31	22,45
738	06.09.2017 00:32:50,000	-0,35	22,42
739	06.09.2017 00:33:00,000	-0,39	22,85
740	06.09.2017 00:33:10,000	-0,43	23,28
741	06.09.2017 00:33:20,000	-0,48	23,03
742	06.09.2017 00:33:30,000	-0,48	23,25
743	06.09.2017 00:33:40,000	-0,48	23,03
744	06.09.2017 00:33:50,000	-0,52	22,55
745	06.09.2017 00:34:00,000	-0,52	22,32
746	06.09.2017 00:34:10,000	-0,52	21,87
747	06.09.2017 00:34:20,000	-0,48	21,44
748	06.09.2017 00:34:30,000	-0,43	21,01
749	06.09.2017 00:34:40,000	-0,39	20,36
750	06.09.2017 00:34:50,000	-0,39	19,91
751	06.09.2017 00:35:00,000	-0,35	19,25
752	06.09.2017 00:35:10,000	-0,31	18,60
753	06.09.2017 00:35:20,000	-0,23	17,75
754	06.09.2017 00:35:30,000	-0,19	17,09
755	06.09.2017 00:35:40,000	-0,19	17,09
756	06.09.2017 00:35:50,000	-0,23	17,30
757	06.09.2017 00:36:00,000	-0,23	17,30
758	06.09.2017 00:36:10,000	-0,19	17,55
759	06.09.2017 00:36:20,000	-0,19	17,77
760	06.09.2017 00:36:30,000	-0,15	18,25
761	06.09.2017 00:36:40,000	-0,15	18,48
762	06.09.2017 00:36:50,000	-0,15	18,93
763	06.09.2017 00:37:00,000	-0,15	19,16
764	06.09.2017 00:37:10,000	-0,15	19,38
765	06.09.2017 00:37:20,000	-0,19	19,36
766	06.09.2017 00:37:30,000	-0,19	19,58
767	06.09.2017 00:37:40,000	-0,19	19,81
768	06.09.2017 00:37:50,000	-0,19	20,04
769	06.09.2017 00:38:00,000	-0,19	20,04
770	06.09.2017 00:38:10,000	-0,23	20,24
771	06.09.2017 00:38:20,000	-0,23	20,01
772	06.09.2017 00:38:30,000	-0,27	19,99
773	06.09.2017 00:38:40,000	-0,27	20,21
774	06.09.2017 00:38:50,000	-0,27	19,99
775	06.09.2017 00:39:00,000	-0,31	20,19
776	06.09.2017 00:39:10,000	-0,31	20,19
777	06.09.2017 00:39:20,000	-0,31	20,19
778	06.09.2017 00:39:30,000	-0,31	19,96
779	06.09.2017 00:39:40,000	-0,35	19,93
780	06.09.2017 00:39:50,000	-0,35	19,48
781	06.09.2017 00:40:00,000	-0,35	19,03
782	06.09.2017 00:40:10,000	-0,31	18,60
783	06.09.2017 00:40:20,000	-0,27	17,95
784	06.09.2017 00:40:30,000	-0,23	17,07
785	06.09.2017 00:40:40,000	-0,19	16,42
786	06.09.2017 00:40:50,000	-0,15	15,54
787	06.09.2017 00:41:00,000	-0,11	14,88
788	06.09.2017 00:41:10,000	-0,07	14,23
789	06.09.2017 00:41:20,000	-0,07	13,78
790	06.09.2017 00:41:30,000	-0,02	13,58
791	06.09.2017 00:41:40,000	0,06	12,95
792	06.09.2017 00:41:50,000	0,14	12,55
793	06.09.2017 00:42:00,000	0,22	12,15
794	06.09.2017 00:42:10,000	0,30	12,20
795	06.09.2017 00:42:20,000	0,38	12,25
796	06.09.2017 00:42:30,000	0,42	12,50
797	06.09.2017 00:42:40,000	0,46	12,53
798	06.09.2017 00:42:50,000	0,54	12,35
799	06.09.2017 00:43:00,000	0,54	13,03
800	06.09.2017 00:43:10,000	0,62	13,53
801	06.09.2017 00:43:20,000	0,62	13,76
802	06.09.2017 00:43:30,000	0,62	13,53
803	06.09.2017 00:43:40,000	0,66	12,88
804	06.09.2017 00:43:50,000	0,54	12,35
805	06.09.2017 00:44:00,000	0,58	12,15
806	06.09.2017 00:44:10,000	1,06	11,09
807	06.09.2017 00:44:20,000	1,10	10,89
808	06.09.2017 00:44:30,000	1,02	10,61
809	06.09.2017 00:44:40,000	1,14	10,46
810	06.09.2017 00:44:50,000	1,18	10,71
811	06.09.2017 00:45:00,000	1,18	10,94
812	06.09.2017 00:45:10,000	1,34	10,59
813	06.09.2017 00:45:20,000	0,74	12,02
814	06.09.2017 00:45:30,000	0,62	12,17
815	06.09.2017 00:45:40,000	0,70	12,00
816	06.09.2017 00:45:50,000	1,14	11,37
817	06.09.2017 00:46:00,000	0,58	11,92
818	06.09.2017 00:46:10,000	0,98	11,04
819	06.09.2017 00:46:20,000	0,54	11,67
820	06.09.2017 00:46:30,000	1,22	10,74
821	06.09.2017 00:46:40,000	1,73	10,38
822	06.09.2017 00:46:50,000	1,73	10,38
823	06.09.2017 00:47:00,000	1,73	10,61
824	06.09.2017 00:47:10,000	1,57	10,51
825	06.09.2017 00:47:20,000	1,26	10,76
826	06.09.2017 00:47:30,000	1,30	10,56
827	06.09.2017 00:47:40,000	1,53	10,03
828	06.09.2017 00:47:50,000	1,77	9,95
829	06.09.2017 00:48:00,000	1,69	9,90
830	06.09.2017 00:48:10,000	1,69	9,90
831	06.09.2017 00:48:20,000	1,73	9,70
832	06.09.2017 00:48:30,000	2,12	9,49
833	06.09.2017 00:48:40,000	2,50	9,06
834	06.09.2017 00:48:50,000	2,66	9,15
835	06.09.2017 00:49:00,000	2,85	8,82
836	06.09.2017 00:49:10,000	2,96	8,66
837	06.09.2017 00:49:20,000	3,08	8,73
838	06.09.2017 00:49:30,000	3,15	8,78
839	06.09.2017 00:49:40,000	3,26	8,63
840	06.09.2017 00:49:50,000	3,30	9,10
841	06.09.2017 00:50:00,000	3,26	9,53
842	06.09.2017 00:50:10,000	3,00	9,82
843	06.09.2017 00:50:20,000	2,85	9,95
844	06.09.2017 00:50:30,000	2,85	9,95
845	06.09.2017 00:50:40,000	2,66	10,06
846	06.09.2017 00:50:50,000	2,58	10,23
847	06.09.2017 00:51:00,000	2,89	10,20
848	06.09.2017 00:51:10,000	2,58	10,46
849	06.09.2017 00:51:20,000	2,47	10,61
850	06.09.2017 00:51:30,000	2,39	10,79
851	06.09.2017 00:51:40,000	2,47	11,07
852	06.09.2017 00:51:50,000	1,89	11,16
853	06.09.2017 00:52:00,000	2,04	11,03
854	06.09.2017 00:52:10,000	1,92	10,28
855	06.09.2017 00:52:20,000	2,35	8,96
856	06.09.2017 00:52:30,000	2,62	8,00
857	06.09.2017 00:52:40,000	2,81	7,66
858	06.09.2017 00:52:50,000	2,92	7,06
859	06.09.2017 00:53:00,000	3,11	7,40
860	06.09.2017 00:53:10,000	3,23	7,70
861	06.09.2017 00:53:20,000	3,26	8,40
862	06.09.2017 00:53:30,000	3,30	8,65
863	06.09.2017 00:53:40,000	3,19	7,90
864	06.09.2017 00:53:50,000	3,30	7,07
865	06.09.2017 00:54:00,000	3,41	6,46
866	06.09.2017 00:54:10,000	3,53	5,85
867	06.09.2017 00:54:20,000	3,56	5,20
868	06.09.2017 00:54:30,000	3,64	4,57
869	06.09.2017 00:54:40,000	3,79	3,99
870	06.09.2017 00:54:50,000	3,83	3,31
871	06.09.2017 00:55:00,000	3,97	2,18
872	06.09.2017 00:55:10,000	3,97	1,05
873	06.09.2017 00:55:20,000	4,01	0,83
874	06.09.2017 00:55:30,000	4,01	0,00
875	06.09.2017 00:55:40,000	4,01	0,00
876	06.09.2017 00:55:50,000	4,08	0,00
877	06.09.2017 00:56:00,000	4,08	0,00
878	06.09.2017 00:56:10,000	4,16	0,00
879	06.09.2017 00:56:20,000	4,20	0,00
880	06.09.2017 00:56:30,000	4,16	0,00
881	06.09.2017 00:56:40,000	4,16	0,00
882	06.09.2017 00:56:50,000	4,16	0,00
883	06.09.2017 00:57:00,000	4,12	0,00
884	06.09.2017 00:57:10,000	4,12	0,00
885	06.09.2017 00:57:20,000	4,12	0,00
886	06.09.2017 00:57:30,000	4,12	0,00
887	06.09.2017 00:57:40,000	4,12	0,00
888	06.09.2017 00:57:50,000	4,12	0,00
889	06.09.2017 00:58:00,000	4,12	0,00
890	06.09.2017 00:58:10,000	4,12	0,00
891	06.09.2017 00:58:20,000	4,12	0,00
892	06.09.2017 00:58:30,000	4,12	0,00
893	06.09.2017 00:58:40,000	4,12	0,00
894	06.09.2017 00:58:50,000	4,12	0,00
895	06.09.2017 00:59:00,000	4,12	0,00
896	06.09.2017 00:59:10,000	4,12	0,00
897	06.09.2017 00:59:20,000	4,12	0,00
898	06.09.2017 00:59:30,000	4,12	0,00
899	06.09.2017 00:59:40,000	4,12	0,00
900	06.09.2017 00:59:50,000	4,12	0,00
901	06.09.2017 01:00:00,000	4,12	0,00
902	06.09.2017 01:00:10,000	4,16	0,00
903	06.09.2017 01:00:20,000	4,16	0,00
904	06.09.2017 01:00:30,000	4,16	0,00
905	06.09.2017 01:00:40,000	4,16	0,00
906	06.09.2017 01:00:50,000	4,20	0,00
907	06.09.2017 01:01:00,000	4,20	0,00
908	06.09.2017 01:01:10,000	4,23	0,00
909	06.09.2017 01:01:20,000	4,23	0,00
910	06.09.2017 01:01:30,000	4,23	0,00
911	06.09.2017 01:01:40,000	4,23	0,00
912	06.09.2017 01:01:50,000	4,27	0,00
913	06.09.2017 01:02:00,000	4,27	0,00
914	06.09.2017 01:02:10,000	4,27	0,00
915	06.09.2017 01:02:20,000	4,31	0,00
916	06.09.2017 01:02:30,000	4,31	0,00
917	06.09.2017 01:02:40,000	4,31	0,00
918	06.09.2017 01:02:50,000	4,34	0,00
919	06.09.2017 01:03:00,000	4,34	0,00
920	06.09.2017 01:03:10,000	4,38	0,00
921	06.09.2017 01:03:20,000	4,38	0,00
922	06.09.2017 01:03:30,000	4,42	0,00
923	06.09.2017 01:03:40,000	4,42	0,00
924	06.09.2017 01:03:50,000	4,42	0,00
925	06.09.2017 01:04:00,000	4,45	0,00
926	06.09.2017 01:04:10,000	4,45	0,00
927	06.09.2017 01:04:20,000	4,49	0,00
928	06.09.2017 01:04:30,000	4,49	0,00
929	06.09.2017 01:04:40,000	4,49	0,00
930	06.09.2017 01:04:50,000	4,53	0,00
931	06.09.2017 01:05:00,000	4,53	0,00
932	06.09.2017 01:05:10,000	4,53	0,00
933	06.09.2017 01:05:20,000	4,56	0,00
934	06.09.2017 01:05:30,000	4,56	0,00
935	06.09.2017 01:05:40,000	4,56	0,00
936	06.09.2017 01:05:50,000	4,60	0,00
937	06.09.2017 01:06:00,000	4,60	0,00
938	06.09.2017 01:06:10,000	4,60	0,00
939	06.09.2017 01:06:20,000	4,64	0,00
940	06.09.2017 01:06:30,000	4,64	0,00
941	06.09.2017 01:06:40,000	4,67	0,00
942	06.09.2017 01:06:50,000	4,67	0,00
943	06.09.2017 01:07:00,000	4,67	0,00
944	06.09.2017 01:07:10,000	4,71	0,00
945	06.09.2017 01:07:20,000	4,71	0,00
946	06.09.2017 01:07:30,000	4,75	0,00
947	06.09.2017 01:07:40,000	4,75	0,00
948	06.09.2017 01:07:50,000	4,78	0,00
949	06.09.2017 01:08:00,000	4,78	0,00
950	06.09.2017 01:08:10,000	4,78	0,00
951	06.09.2017 01:08:20,000	4,82	0,00
952	06.09.2017 01:08:30,000	4,82	0,00
953	06.09.2017 01:08:40,000	4,82	0,00
954	06.09.2017 01:08:50,000	4,82	0,00
955	06.09.2017 01:09:00,000	4,85	0,00
956	06.09.2017 01:09:10,000	4,85	0,00
957	06.09.2017 01:09:20,000	4,85	0,00
958	06.09.2017 01:09:30,000	4,89	0,00
959	06.09.2017 01:09:40,000	4,89	0,00
960	06.09.2017 01:09:50,000	4,89	0,00
961	06.09.2017 01:10:00,000	4,93	0,00
962	06.09.2017 01:10:10,000	4,93	0,00
963	06.09.2017 01:10:20,000	4,93	0,00
964	06.09.2017 01:10:30,000	4,96	0,00
965	06.09.2017 01:10:40,000	4,96	0,00
966	06.09.2017 01:10:50,000	5,00	0,00
967	06.09.2017 01:11:00,000	5,00	0,00
968	06.09.2017 01:11:10,000	5,00	0,00
969	06.09.2017 01:11:20,000	5,04	0,00
970	06.09.2017 01:11:30,000	5,04	0,00
971	06.09.2017 01:11:40,000	5,07	0,00
972	06.09.2017 01:11:50,000	5,07	0,00
973	06.09.2017 01:12:00,000	5,07	0,00
974	06.09.2017 01:12:10,000	5,11	0,00
975	06.09.2017 01:12:20,000	5,11	0,00
976	06.09.2017 01:12:30,000	5,11	0,00
977	06.09.2017 01:12:40,000	5,14	0,00
978	06.09.2017 01:12:50,000	5,14	0,00
979	06.09.2017 01:13:00,000	5,14	0,00
980	06.09.2017 01:13:10,000	5,18	0,00
981	06.09.2017 01:13:20,000	5,18	0,00
982	06.09.2017 01:13:30,000	5,18	0,00
983	06.09.2017 01:13:40,000	5,22	0,00
984	06.09.2017 01:13:50,000	5,22	0,00
985	06.09.2017 01:14:00,000	5,25	0,00
986	06.09.2017 01:14:10,000	5,25	0,00
987	06.09.2017 01:14:20,000	5,29	0,00
988	06.09.2017 01:14:30,000	5,29	0,00
989	06.09.2017 01:14:40,000	5,32	0,00
990	06.09.2017 01:14:50,000	5,32	0,00
991	06.09.2017 01:15:00,000	5,32	0,00
992	06.09.2017 01:15:10,000	5,36	0,00
993	06.09.2017 01:15:20,000	5,36	0,00
994	06.09.2017 01:15:30,000	5,36	0,00
995	06.09.2017 01:15:40,000	5,40	0,00
996	06.09.2017 01:15:50,000	5,40	0,00
997	06.09.2017 01:16:00,000	5,40	0,00
998	06.09.2017 01:16:10,000	5,43	0,00
999	06.09.2017 01:16:20,000	5,43	0,00
1000	06.09.2017 01:16:30,000	5,43	0,00
1001	06.09.2017 01:16:40,000	5,47	0,00
1002	06.09.2017 01:16:50,000	5,47	0,00
1003	06.09.2017 01:17:00,000	5,50	0,00
1004	06.09.2017 01:17:10,000	5,50	0,00
1005	06.09.2017 01:17:20,000	5,54	0,00
1006	06.09.2017 01:17:30,000	5,54	0,00
1007	06.09.2017 01:17:40,000	5,58	0,00
1008	06.09.2017 01:17:50,000	5,58	0,00
1009	06.09.2017 01:18:00,000	5,61	0,00
1010	06.09.2017 01:18:10,000	5,61	0,00
1011	06.09.2017 01:18:20,000	5,61	0,00
1012	06.09.2017 01:18:30,000	5,65	0,00
1013	06.09.2017 01:18:40,000	5,65	0,00
1014	06.09.2017 01:18:50,000	5,68	0,00
1015	06.09.2017 01:19:00,000	5,68	0,00
1016	06.09.2017 01:19:10,000	5,68	0,00
1017	06.09.2017 01:19:20,000	5,72	0,00
1018	06.09.2017 01:19:30,000	5,72	0,00
1019	06.09.2017 01:19:40,000	5,75	0,00
1020	06.09.2017 01:19:50,000	5,75	0,00
1021	06.09.2017 01:20:00,000	5,79	0,00
1022	06.09.2017 01:20:10,000	5,79	0,00
1023	06.09.2017 01:20:20,000	5,83	0,00
1024	06.09.2017 01:20:30,000	5,83	0,00
1025	06.09.2017 01:20:40,000	5,83	0,00
1026	06.09.2017 01:20:50,000	5,86	0,00
1027	06.09.2017 01:21:00,000	5,86	0,00
1028	06.09.2017 01:21:10,000	5,86	0,00
1029	06.09.2017 01:21:20,000	5,90	0,00
1030	06.09.2017 01:21:30,000	5,90	0,00
1031	06.09.2017 01:21:40,000	5,90	0,00
1032	06.09.2017 01:21:50,000	5,93	0,00
1033	06.09.2017 01:22:00,000	5,93	0,00
1034	06.09.2017 01:22:10,000	5,97	0,00
1035	06.09.2017 01:22:20,000	5,97	0,00
1036	06.09.2017 01:22:30,000	5,97	0,00
1037	06.09.2017 01:22:40,000	6,00	0,00
1038	06.09.2017 01:22:50,000	6,00	0,00
1039	06.09.2017 01:23:00,000	6,00	0,00
1040	06.09.2017 01:23:10,000	6,04	0,00
1041	06.09.2017 01:23:20,000	6,04	0,00
1042	06.09.2017 01:23:30,000	6,07	0,00
1043	06.09.2017 01:23:40,000	6,07	0,00
1044	06.09.2017 01:23:50,000	6,07	0,00
1045	06.09.2017 01:24:00,000	6,07	0,00
1046	06.09.2017 01:24:10,000	6,11	0,00
1047	06.09.2017 01:24:20,000	6,11	0,00
1048	06.09.2017 01:24:30,000	6,11	0,00
1049	06.09.2017 01:24:40,000	6,15	0,00
1050	06.09.2017 01:24:50,000	6,15	0,00
1051	06.09.2017 01:25:00,000	6,15	0,00
1052	06.09.2017 01:25:10,000	6,18	0,00
1053	06.09.2017 01:25:20,000	6,18	0,00
1054	06.09.2017 01:25:30,000	6,22	0,00
1055	06.09.2017 01:25:40,000	6,22	0,00
1056	06.09.2017 01:25:50,000	6,25	0,00
1057	06.09.2017 01:26:00,000	6,25	0,00
1058	06.09.2017 01:26:10,000	6,29	0,00
1059	06.09.2017 01:26:20,000	6,32	0,00
1060	06.09.2017 01:26:30,000	6,32	0,00
1061	06.09.2017 01:26:40,000	6,36	0,00
1062	06.09.2017 01:26:50,000	6,39	0,00
1063	06.09.2017 01:27:00,000	6,39	0,00
1064	06.09.2017 01:27:10,000	6,43	0,00
1065	06.09.2017 01:27:20,000	6,46	0,00
1066	06.09.2017 01:27:30,000	6,46	0,00
1067	06.09.2017 01:27:40,000	6,50	0,00
1068	06.09.2017 01:27:50,000	6,53	0,00
1069	06.09.2017 01:28:00,000	6,57	0,00
1070	06.09.2017 01:28:10,000	6,60	0,00
1071	06.09.2017 01:28:20,000	6,60	0,00
1072	06.09.2017 01:28:30,000	6,64	0,00
1073	06.09.2017 01:28:40,000	6,67	0,00
1074	06.09.2017 01:28:50,000	6,71	0,00
1075	06.09.2017 01:29:00,000	6,74	0,00
1076	06.09.2017 01:29:10,000	6,78	0,00
1077	06.09.2017 01:29:20,000	6,81	0,00
1078	06.09.2017 01:29:30,000	6,85	0,00
1079	06.09.2017 01:29:40,000	6,88	0,00
1080	06.09.2017 01:29:50,000	6,88	0,00
1081	06.09.2017 01:30:00,000	7,37	0,00
1082	06.09.2017 01:30:10,000	9,13	0,00
