#B	Created:	06.09.2017 01:27:36
##	Version	SeaStar	7.49
#5	Field separation:	0
#2	Date & Time:	1
#6	Decimal point:	,
#7	Date def.:	dd.mm.yyyy	.
#8	Time def.:	:
##	Axis	0	Temperature(°C)	clRed	FALSE
##	Axis	1	Depth(m)	clBlue	TRUE
##	Series	0	Temp(°C)	clRed	0	Temp(°C)	2
##	Series	1	Depth(m)	clBlue	1	Depth(m)	2
##	Recorder	13	DST centi	8762
##	Chart	13C8762DAT	
#D	Data:	1063	05.09.2017 22:30:00	06.09.2017 01:27:00
1	05.09.2017 22:30:00,000	17,16	0,75
2	05.09.2017 22:30:10,000	17,10	0,92
3	05.09.2017 22:30:20,000	17,01	0,81
4	05.09.2017 22:30:30,000	16,95	0,98
5	05.09.2017 22:30:40,000	16,86	0,87
6	05.09.2017 22:30:50,000	16,77	0,76
7	05.09.2017 22:31:00,000	16,71	0,93
8	05.09.2017 22:31:10,000	16,62	0,82
9	05.09.2017 22:31:20,000	16,56	0,75
10	05.09.2017 22:31:30,000	16,47	0,88
11	05.09.2017 22:31:40,000	16,40	0,57
12	05.09.2017 22:31:50,000	16,31	0,70
13	05.09.2017 22:32:00,000	16,25	0,63
14	05.09.2017 22:32:10,000	16,16	0,52
15	05.09.2017 22:32:20,000	16,10	0,93
16	05.09.2017 22:32:30,000	16,01	0,82
17	05.09.2017 22:32:40,000	15,95	0,74
18	05.09.2017 22:32:50,000	15,86	0,63
19	05.09.2017 22:33:00,000	15,80	0,80
20	05.09.2017 22:33:10,000	15,74	0,73
21	05.09.2017 22:33:20,000	15,65	0,86
22	05.09.2017 22:33:30,000	15,59	0,78
23	05.09.2017 22:33:40,000	15,49	0,67
24	05.09.2017 22:33:50,000	15,43	0,84
25	05.09.2017 22:34:00,000	15,37	0,76
26	05.09.2017 22:34:10,000	15,31	0,69
27	05.09.2017 22:34:20,000	15,25	0,86
28	05.09.2017 22:34:30,000	15,16	0,75
29	05.09.2017 22:34:40,000	15,10	0,67
30	05.09.2017 22:34:50,000	15,04	0,84
31	05.09.2017 22:35:00,000	14,98	0,76
32	05.09.2017 22:35:10,000	14,91	0,69
33	05.09.2017 22:35:20,000	14,85	0,61
34	05.09.2017 22:35:30,000	14,82	0,58
35	05.09.2017 22:35:40,000	14,76	0,50
36	05.09.2017 22:35:50,000	14,67	0,63
37	05.09.2017 22:36:00,000	14,61	0,80
38	05.09.2017 22:36:10,000	14,54	0,72
39	05.09.2017 22:36:20,000	14,48	0,89
40	05.09.2017 22:36:30,000	14,39	0,53
41	05.09.2017 22:36:40,000	14,33	0,70
42	05.09.2017 22:36:50,000	14,30	0,66
43	05.09.2017 22:37:00,000	14,20	0,55
44	05.09.2017 22:37:10,000	14,17	0,51
45	05.09.2017 22:37:20,000	14,08	0,64
46	05.09.2017 22:37:30,000	14,02	0,56
47	05.09.2017 22:37:40,000	12,07	3,71
48	05.09.2017 22:37:50,000	10,55	4,25
49	05.09.2017 22:38:00,000	9,63	5,76
50	05.09.2017 22:38:10,000	7,73	6,78
51	05.09.2017 22:38:20,000	6,72	7,94
52	05.09.2017 22:38:30,000	5,90	9,58
53	05.09.2017 22:38:40,000	4,78	12,04
54	05.09.2017 22:38:50,000	3,81	13,98
55	05.09.2017 22:39:00,000	2,75	15,80
56	05.09.2017 22:39:10,000	1,85	16,63
57	05.09.2017 22:39:20,000	1,30	17,65
58	05.09.2017 22:39:30,000	0,90	18,85
59	05.09.2017 22:39:40,000	0,57	20,38
60	05.09.2017 22:39:50,000	0,25	21,44
61	05.09.2017 22:40:00,000	-0,04	21,33
62	05.09.2017 22:40:10,000	-0,21	19,45
63	05.09.2017 22:40:20,000	-0,29	18,39
64	05.09.2017 22:40:30,000	-0,25	17,95
65	05.09.2017 22:40:40,000	-0,29	17,66
66	05.09.2017 22:40:50,000	-0,29	17,66
67	05.09.2017 22:41:00,000	-0,33	18,82
68	05.09.2017 22:41:10,000	-0,41	19,92
69	05.09.2017 22:41:20,000	-0,50	21,03
70	05.09.2017 22:41:30,000	-0,54	22,18
71	05.09.2017 22:41:40,000	-0,54	22,66
72	05.09.2017 22:41:50,000	-0,54	22,66
73	05.09.2017 22:42:00,000	-0,58	22,37
74	05.09.2017 22:42:10,000	-0,58	22,13
75	05.09.2017 22:42:20,000	-0,62	21,36
76	05.09.2017 22:42:30,000	-0,62	21,12
77	05.09.2017 22:42:40,000	-0,62	20,88
78	05.09.2017 22:42:50,000	-0,62	20,64
79	05.09.2017 22:43:00,000	-0,62	19,91
80	05.09.2017 22:43:10,000	-0,62	19,43
81	05.09.2017 22:43:20,000	-0,62	19,67
82	05.09.2017 22:43:30,000	-0,62	20,88
83	05.09.2017 22:43:40,000	-0,62	21,84
84	05.09.2017 22:43:50,000	-0,58	23,34
85	05.09.2017 22:44:00,000	-0,54	24,83
86	05.09.2017 22:44:10,000	-0,46	26,14
87	05.09.2017 22:44:20,000	-0,46	27,58
88	05.09.2017 22:44:30,000	-0,50	28,98
89	05.09.2017 22:44:40,000	-0,54	29,65
90	05.09.2017 22:44:50,000	-0,50	29,46
91	05.09.2017 22:45:00,000	-0,54	29,65
92	05.09.2017 22:45:10,000	-0,54	29,41
93	05.09.2017 22:45:20,000	-0,58	29,12
94	05.09.2017 22:45:30,000	-0,58	28,64
95	05.09.2017 22:45:40,000	-0,58	28,16
96	05.09.2017 22:45:50,000	-0,54	27,72
97	05.09.2017 22:46:00,000	-0,50	27,29
98	05.09.2017 22:46:10,000	-0,46	27,10
99	05.09.2017 22:46:20,000	-0,41	26,91
100	05.09.2017 22:46:30,000	-0,41	26,91
101	05.09.2017 22:46:40,000	-0,41	27,15
102	05.09.2017 22:46:50,000	-0,41	27,39
103	05.09.2017 22:47:00,000	-0,46	27,58
104	05.09.2017 22:47:10,000	-0,46	27,34
105	05.09.2017 22:47:20,000	-0,46	26,38
106	05.09.2017 22:47:30,000	-0,37	25,51
107	05.09.2017 22:47:40,000	-0,33	25,08
108	05.09.2017 22:47:50,000	-0,33	25,08
109	05.09.2017 22:48:00,000	-0,33	25,08
110	05.09.2017 22:48:10,000	-0,29	25,13
111	05.09.2017 22:48:20,000	-0,29	25,37
112	05.09.2017 22:48:30,000	-0,37	26,48
113	05.09.2017 22:48:40,000	-0,41	27,63
114	05.09.2017 22:48:50,000	-0,46	28,79
115	05.09.2017 22:49:00,000	-0,46	30,23
116	05.09.2017 22:49:10,000	-0,37	31,78
117	05.09.2017 22:49:20,000	0,00	32,23
118	05.09.2017 22:49:30,000	0,08	32,32
119	05.09.2017 22:49:40,000	0,08	31,84
120	05.09.2017 22:49:50,000	0,12	31,89
121	05.09.2017 22:50:00,000	0,20	31,99
122	05.09.2017 22:50:10,000	0,29	32,33
123	05.09.2017 22:50:20,000	0,33	32,86
124	05.09.2017 22:50:30,000	0,33	32,62
125	05.09.2017 22:50:40,000	0,33	33,10
126	05.09.2017 22:50:50,000	0,37	33,15
127	05.09.2017 22:51:00,000	0,37	33,63
128	05.09.2017 22:51:10,000	0,25	34,21
129	05.09.2017 22:51:20,000	0,16	34,59
130	05.09.2017 22:51:30,000	0,04	35,17
131	05.09.2017 22:51:40,000	-0,04	36,03
132	05.09.2017 22:51:50,000	-0,29	36,46
133	05.09.2017 22:52:00,000	-0,33	37,13
134	05.09.2017 22:52:10,000	-0,29	37,66
135	05.09.2017 22:52:20,000	-0,25	37,96
136	05.09.2017 22:52:30,000	-0,25	38,68
137	05.09.2017 22:52:40,000	-0,25	39,40
138	05.09.2017 22:52:50,000	-0,25	40,13
139	05.09.2017 22:53:00,000	-0,21	40,66
140	05.09.2017 22:53:10,000	-0,21	41,62
141	05.09.2017 22:53:20,000	-0,29	42,49
142	05.09.2017 22:53:30,000	-0,29	43,21
143	05.09.2017 22:53:40,000	-0,29	43,69
144	05.09.2017 22:53:50,000	-0,29	44,18
145	05.09.2017 22:54:00,000	-0,29	44,66
146	05.09.2017 22:54:10,000	-0,29	45,14
147	05.09.2017 22:54:20,000	-0,33	46,06
148	05.09.2017 22:54:30,000	-0,33	46,54
149	05.09.2017 22:54:40,000	-0,37	47,21
150	05.09.2017 22:54:50,000	-0,37	47,94
151	05.09.2017 22:55:00,000	-0,37	48,66
152	05.09.2017 22:55:10,000	-0,37	49,38
153	05.09.2017 22:55:20,000	-0,37	49,87
154	05.09.2017 22:55:30,000	-0,41	50,78
155	05.09.2017 22:55:40,000	-0,46	51,46
156	05.09.2017 22:55:50,000	-0,50	52,37
157	05.09.2017 22:56:00,000	-0,46	53,15
158	05.09.2017 22:56:10,000	-0,41	53,92
159	05.09.2017 22:56:20,000	-0,37	54,93
160	05.09.2017 22:56:30,000	-0,33	55,47
161	05.09.2017 22:56:40,000	-0,33	56,43
162	05.09.2017 22:56:50,000	-0,37	57,35
163	05.09.2017 22:57:00,000	-0,41	58,26
164	05.09.2017 22:57:10,000	-0,41	59,47
165	05.09.2017 22:57:20,000	-0,46	60,14
166	05.09.2017 22:57:30,000	-0,46	61,11
167	05.09.2017 22:57:40,000	-0,41	62,13
168	05.09.2017 22:57:50,000	-0,37	62,90
169	05.09.2017 22:58:00,000	-0,46	64,01
170	05.09.2017 22:58:10,000	-0,54	65,11
171	05.09.2017 22:58:20,000	-0,62	65,50
172	05.09.2017 22:58:30,000	-0,67	66,90
173	05.09.2017 22:58:40,000	-0,67	67,38
174	05.09.2017 22:58:50,000	-0,67	68,59
175	05.09.2017 22:59:00,000	-0,71	69,26
176	05.09.2017 22:59:10,000	-0,71	70,47
177	05.09.2017 22:59:20,000	-0,79	71,33
178	05.09.2017 22:59:30,000	-0,83	72,49
179	05.09.2017 22:59:40,000	-0,88	73,41
180	05.09.2017 22:59:50,000	-0,92	74,32
181	05.09.2017 23:00:00,000	-0,96	75,24
182	05.09.2017 23:00:10,000	-0,96	76,45
183	05.09.2017 23:00:20,000	-0,96	77,41
184	05.09.2017 23:00:30,000	-1,00	78,57
185	05.09.2017 23:00:40,000	-1,00	79,54
186	05.09.2017 23:00:50,000	-1,00	80,99
187	05.09.2017 23:01:00,000	-1,00	81,71
188	05.09.2017 23:01:10,000	-1,04	82,63
189	05.09.2017 23:01:20,000	-1,04	83,84
190	05.09.2017 23:01:30,000	-1,04	84,80
191	05.09.2017 23:01:40,000	-1,09	85,96
192	05.09.2017 23:01:50,000	-1,09	86,93
193	05.09.2017 23:02:00,000	-1,09	87,90
194	05.09.2017 23:02:10,000	-1,09	88,86
195	05.09.2017 23:02:20,000	-1,13	89,78
196	05.09.2017 23:02:30,000	-1,13	90,99
197	05.09.2017 23:02:40,000	-1,13	92,19
198	05.09.2017 23:02:50,000	-1,13	93,40
199	05.09.2017 23:03:00,000	-1,17	94,32
200	05.09.2017 23:03:10,000	-1,17	95,29
201	05.09.2017 23:03:20,000	-1,17	96,50
202	05.09.2017 23:03:30,000	-1,17	97,70
203	05.09.2017 23:03:40,000	-1,21	98,86
204	05.09.2017 23:03:50,000	-1,21	99,83
205	05.09.2017 23:04:00,000	-1,21	101,04
206	05.09.2017 23:04:10,000	-1,21	102,25
207	05.09.2017 23:04:20,000	-1,26	103,16
208	05.09.2017 23:04:30,000	-1,26	104,13
209	05.09.2017 23:04:40,000	-1,30	105,53
210	05.09.2017 23:04:50,000	-1,30	106,50
211	05.09.2017 23:05:00,000	-1,30	107,71
212	05.09.2017 23:05:10,000	-1,30	108,92
213	05.09.2017 23:05:20,000	-1,30	109,88
214	05.09.2017 23:05:30,000	-1,26	111,39
215	05.09.2017 23:05:40,000	-1,26	112,35
216	05.09.2017 23:05:50,000	-1,26	113,56
217	05.09.2017 23:06:00,000	-1,26	114,77
218	05.09.2017 23:06:10,000	-1,26	115,98
219	05.09.2017 23:06:20,000	-1,30	117,14
220	05.09.2017 23:06:30,000	-1,34	118,30
221	05.09.2017 23:06:40,000	-1,38	119,46
222	05.09.2017 23:06:50,000	-1,38	120,67
223	05.09.2017 23:07:00,000	-1,38	121,88
224	05.09.2017 23:07:10,000	-1,38	123,09
225	05.09.2017 23:07:20,000	-1,43	124,73
226	05.09.2017 23:07:30,000	-1,43	125,70
227	05.09.2017 23:07:40,000	-1,38	127,20
228	05.09.2017 23:07:50,000	-1,38	128,65
229	05.09.2017 23:08:00,000	-1,38	130,34
230	05.09.2017 23:08:10,000	-1,38	131,55
231	05.09.2017 23:08:20,000	-1,38	133,25
232	05.09.2017 23:08:30,000	-1,38	134,70
233	05.09.2017 23:08:40,000	-1,38	136,15
234	05.09.2017 23:08:50,000	-1,34	137,41
235	05.09.2017 23:09:00,000	-1,30	138,91
236	05.09.2017 23:09:10,000	-1,30	140,61
237	05.09.2017 23:09:20,000	-1,26	142,11
238	05.09.2017 23:09:30,000	-1,21	143,61
239	05.09.2017 23:09:40,000	-1,13	144,92
240	05.09.2017 23:09:50,000	-1,04	146,48
241	05.09.2017 23:10:00,000	-0,96	148,03
242	05.09.2017 23:10:10,000	-0,96	149,24
243	05.09.2017 23:10:20,000	-0,88	151,03
244	05.09.2017 23:10:30,000	-0,83	152,78
245	05.09.2017 23:10:40,000	-0,79	154,28
246	05.09.2017 23:10:50,000	-0,75	156,03
247	05.09.2017 23:11:00,000	-0,67	157,82
248	05.09.2017 23:11:10,000	-0,62	159,56
249	05.09.2017 23:11:20,000	-0,62	161,50
250	05.09.2017 23:11:30,000	-0,62	163,20
251	05.09.2017 23:11:40,000	-0,58	165,42
252	05.09.2017 23:11:50,000	-0,58	167,36
253	05.09.2017 23:12:00,000	-0,54	169,35
254	05.09.2017 23:12:10,000	-0,54	171,04
255	05.09.2017 23:12:20,000	-0,50	173,03
256	05.09.2017 23:12:30,000	-0,46	175,26
257	05.09.2017 23:12:40,000	-0,46	177,20
258	05.09.2017 23:12:50,000	-0,37	179,23
259	05.09.2017 23:13:00,000	-0,37	181,17
260	05.09.2017 23:13:10,000	-0,33	183,16
261	05.09.2017 23:13:20,000	-0,29	184,90
262	05.09.2017 23:13:30,000	-0,25	187,37
263	05.09.2017 23:13:40,000	-0,21	189,36
264	05.09.2017 23:13:50,000	-0,21	191,30
265	05.09.2017 23:14:00,000	-0,21	193,23
266	05.09.2017 23:14:10,000	-0,17	195,22
267	05.09.2017 23:14:20,000	-0,12	197,21
268	05.09.2017 23:14:30,000	-0,08	198,95
269	05.09.2017 23:14:40,000	-0,04	200,94
270	05.09.2017 23:14:50,000	0,00	202,68
271	05.09.2017 23:15:00,000	0,00	204,62
272	05.09.2017 23:15:10,000	0,04	206,61
273	05.09.2017 23:15:20,000	0,08	208,11
274	05.09.2017 23:15:30,000	0,08	209,81
275	05.09.2017 23:15:40,000	0,08	211,74
276	05.09.2017 23:15:50,000	0,12	213,25
277	05.09.2017 23:16:00,000	0,12	214,46
278	05.09.2017 23:16:10,000	0,12	215,91
279	05.09.2017 23:16:20,000	0,16	217,66
280	05.09.2017 23:16:30,000	0,16	219,11
281	05.09.2017 23:16:40,000	0,16	220,56
282	05.09.2017 23:16:50,000	0,20	222,31
283	05.09.2017 23:17:00,000	0,20	223,52
284	05.09.2017 23:17:10,000	0,20	225,21
285	05.09.2017 23:17:20,000	0,20	226,42
286	05.09.2017 23:17:30,000	0,20	227,39
287	05.09.2017 23:17:40,000	0,20	228,36
288	05.09.2017 23:17:50,000	0,25	229,38
289	05.09.2017 23:18:00,000	0,25	230,11
290	05.09.2017 23:18:10,000	0,25	230,83
291	05.09.2017 23:18:20,000	0,25	231,32
292	05.09.2017 23:18:30,000	0,25	231,80
293	05.09.2017 23:18:40,000	0,25	232,28
294	05.09.2017 23:18:50,000	0,25	232,77
295	05.09.2017 23:19:00,000	0,25	233,25
296	05.09.2017 23:19:10,000	0,25	233,74
297	05.09.2017 23:19:20,000	0,25	234,22
298	05.09.2017 23:19:30,000	0,25	234,71
299	05.09.2017 23:19:40,000	0,25	235,19
300	05.09.2017 23:19:50,000	0,25	235,68
301	05.09.2017 23:20:00,000	0,25	236,16
302	05.09.2017 23:20:10,000	0,25	236,64
303	05.09.2017 23:20:20,000	0,25	236,89
304	05.09.2017 23:20:30,000	0,25	237,61
305	05.09.2017 23:20:40,000	0,25	238,10
306	05.09.2017 23:20:50,000	0,25	238,82
307	05.09.2017 23:21:00,000	0,25	239,31
308	05.09.2017 23:21:10,000	0,25	240,28
309	05.09.2017 23:21:20,000	0,25	241,00
310	05.09.2017 23:21:30,000	0,25	241,97
311	05.09.2017 23:21:40,000	0,25	242,70
312	05.09.2017 23:21:50,000	0,25	243,91
313	05.09.2017 23:22:00,000	0,25	244,64
314	05.09.2017 23:22:10,000	0,25	245,60
315	05.09.2017 23:22:20,000	0,25	246,33
316	05.09.2017 23:22:30,000	0,25	247,30
317	05.09.2017 23:22:40,000	0,29	248,56
318	05.09.2017 23:22:50,000	0,29	249,53
319	05.09.2017 23:23:00,000	0,29	250,50
320	05.09.2017 23:23:10,000	0,29	251,47
321	05.09.2017 23:23:20,000	0,29	252,19
322	05.09.2017 23:23:30,000	0,33	253,45
323	05.09.2017 23:23:40,000	0,33	253,94
324	05.09.2017 23:23:50,000	0,33	254,91
325	05.09.2017 23:24:00,000	0,33	255,39
326	05.09.2017 23:24:10,000	0,33	255,87
327	05.09.2017 23:24:20,000	0,33	256,36
328	05.09.2017 23:24:30,000	0,33	256,36
329	05.09.2017 23:24:40,000	0,33	256,84
330	05.09.2017 23:24:50,000	0,33	256,84
331	05.09.2017 23:25:00,000	0,33	257,09
332	05.09.2017 23:25:10,000	0,33	257,57
333	05.09.2017 23:25:20,000	0,33	257,57
334	05.09.2017 23:25:30,000	0,33	257,81
335	05.09.2017 23:25:40,000	0,33	258,05
336	05.09.2017 23:25:50,000	0,33	258,05
337	05.09.2017 23:26:00,000	0,33	258,54
338	05.09.2017 23:26:10,000	0,33	258,54
339	05.09.2017 23:26:20,000	0,33	259,02
340	05.09.2017 23:26:30,000	0,33	259,02
341	05.09.2017 23:26:40,000	0,33	259,51
342	05.09.2017 23:26:50,000	0,33	259,75
343	05.09.2017 23:27:00,000	0,33	259,75
344	05.09.2017 23:27:10,000	0,33	259,99
345	05.09.2017 23:27:20,000	0,33	260,23
346	05.09.2017 23:27:30,000	0,33	260,48
347	05.09.2017 23:27:40,000	0,33	260,72
348	05.09.2017 23:27:50,000	0,33	260,72
349	05.09.2017 23:28:00,000	0,33	260,96
350	05.09.2017 23:28:10,000	0,33	261,20
351	05.09.2017 23:28:20,000	0,33	261,44
352	05.09.2017 23:28:30,000	0,33	261,69
353	05.09.2017 23:28:40,000	0,33	261,69
354	05.09.2017 23:28:50,000	0,33	261,69
355	05.09.2017 23:29:00,000	0,33	261,93
356	05.09.2017 23:29:10,000	0,33	261,93
357	05.09.2017 23:29:20,000	0,33	262,17
358	05.09.2017 23:29:30,000	0,33	262,41
359	05.09.2017 23:29:40,000	0,33	262,41
360	05.09.2017 23:29:50,000	0,33	262,90
361	05.09.2017 23:30:00,000	0,33	262,90
362	05.09.2017 23:30:10,000	0,33	263,38
363	05.09.2017 23:30:20,000	0,33	263,62
364	05.09.2017 23:30:30,000	0,33	263,62
365	05.09.2017 23:30:40,000	0,33	263,87
366	05.09.2017 23:30:50,000	0,33	264,11
367	05.09.2017 23:31:00,000	0,33	264,35
368	05.09.2017 23:31:10,000	0,33	264,59
369	05.09.2017 23:31:20,000	0,33	264,59
370	05.09.2017 23:31:30,000	0,33	264,83
371	05.09.2017 23:31:40,000	0,33	265,32
372	05.09.2017 23:31:50,000	0,33	265,08
373	05.09.2017 23:32:00,000	0,33	265,32
374	05.09.2017 23:32:10,000	0,33	265,56
375	05.09.2017 23:32:20,000	0,33	265,80
376	05.09.2017 23:32:30,000	0,33	266,05
377	05.09.2017 23:32:40,000	0,33	266,05
378	05.09.2017 23:32:50,000	0,33	266,53
379	05.09.2017 23:33:00,000	0,33	266,53
380	05.09.2017 23:33:10,000	0,33	266,77
381	05.09.2017 23:33:20,000	0,33	267,01
382	05.09.2017 23:33:30,000	0,33	267,01
383	05.09.2017 23:33:40,000	0,33	267,26
384	05.09.2017 23:33:50,000	0,33	267,26
385	05.09.2017 23:34:00,000	0,33	267,50
386	05.09.2017 23:34:10,000	0,33	267,26
387	05.09.2017 23:34:20,000	0,33	267,50
388	05.09.2017 23:34:30,000	0,33	267,74
389	05.09.2017 23:34:40,000	0,33	267,74
390	05.09.2017 23:34:50,000	0,33	267,74
391	05.09.2017 23:35:00,000	0,33	267,98
392	05.09.2017 23:35:10,000	0,33	267,74
393	05.09.2017 23:35:20,000	0,33	267,74
394	05.09.2017 23:35:30,000	0,33	267,98
395	05.09.2017 23:35:40,000	0,33	267,74
396	05.09.2017 23:35:50,000	0,33	267,98
397	05.09.2017 23:36:00,000	0,33	267,74
398	05.09.2017 23:36:10,000	0,33	267,74
399	05.09.2017 23:36:20,000	0,33	267,50
400	05.09.2017 23:36:30,000	0,33	267,50
401	05.09.2017 23:36:40,000	0,33	267,50
402	05.09.2017 23:36:50,000	0,33	267,50
403	05.09.2017 23:37:00,000	0,33	267,26
404	05.09.2017 23:37:10,000	0,33	267,26
405	05.09.2017 23:37:20,000	0,33	267,26
406	05.09.2017 23:37:30,000	0,33	267,01
407	05.09.2017 23:37:40,000	0,33	267,01
408	05.09.2017 23:37:50,000	0,33	267,01
409	05.09.2017 23:38:00,000	0,33	267,01
410	05.09.2017 23:38:10,000	0,33	267,01
411	05.09.2017 23:38:20,000	0,33	267,01
412	05.09.2017 23:38:30,000	0,33	267,01
413	05.09.2017 23:38:40,000	0,33	266,77
414	05.09.2017 23:38:50,000	0,33	266,77
415	05.09.2017 23:39:00,000	0,33	266,77
416	05.09.2017 23:39:10,000	0,33	266,77
417	05.09.2017 23:39:20,000	0,33	266,77
418	05.09.2017 23:39:30,000	0,33	266,77
419	05.09.2017 23:39:40,000	0,33	266,53
420	05.09.2017 23:39:50,000	0,33	266,53
421	05.09.2017 23:40:00,000	0,33	266,77
422	05.09.2017 23:40:10,000	0,33	266,29
423	05.09.2017 23:40:20,000	0,33	266,29
424	05.09.2017 23:40:30,000	0,33	266,05
425	05.09.2017 23:40:40,000	0,33	266,05
426	05.09.2017 23:40:50,000	0,33	265,80
427	05.09.2017 23:41:00,000	0,33	266,05
428	05.09.2017 23:41:10,000	0,33	265,56
429	05.09.2017 23:41:20,000	0,33	265,56
430	05.09.2017 23:41:30,000	0,33	265,32
431	05.09.2017 23:41:40,000	0,33	265,08
432	05.09.2017 23:41:50,000	0,33	265,08
433	05.09.2017 23:42:00,000	0,33	264,83
434	05.09.2017 23:42:10,000	0,33	264,83
435	05.09.2017 23:42:20,000	0,33	264,83
436	05.09.2017 23:42:30,000	0,33	264,83
437	05.09.2017 23:42:40,000	0,33	264,83
438	05.09.2017 23:42:50,000	0,33	264,59
439	05.09.2017 23:43:00,000	0,33	264,59
440	05.09.2017 23:43:10,000	0,33	264,59
441	05.09.2017 23:43:20,000	0,33	264,35
442	05.09.2017 23:43:30,000	0,33	264,35
443	05.09.2017 23:43:40,000	0,33	264,11
444	05.09.2017 23:43:50,000	0,33	264,59
445	05.09.2017 23:44:00,000	0,33	264,59
446	05.09.2017 23:44:10,000	0,33	264,59
447	05.09.2017 23:44:20,000	0,33	264,59
448	05.09.2017 23:44:30,000	0,33	264,83
449	05.09.2017 23:44:40,000	0,33	264,83
450	05.09.2017 23:44:50,000	0,33	265,08
451	05.09.2017 23:45:00,000	0,33	265,32
452	05.09.2017 23:45:10,000	0,33	265,56
453	05.09.2017 23:45:20,000	0,33	265,80
454	05.09.2017 23:45:30,000	0,33	266,05
455	05.09.2017 23:45:40,000	0,33	266,29
456	05.09.2017 23:45:50,000	0,33	266,53
457	05.09.2017 23:46:00,000	0,33	266,77
458	05.09.2017 23:46:10,000	0,33	266,77
459	05.09.2017 23:46:20,000	0,33	267,01
460	05.09.2017 23:46:30,000	0,33	267,26
461	05.09.2017 23:46:40,000	0,33	267,26
462	05.09.2017 23:46:50,000	0,33	267,50
463	05.09.2017 23:47:00,000	0,33	267,74
464	05.09.2017 23:47:10,000	0,33	267,98
465	05.09.2017 23:47:20,000	0,33	267,74
466	05.09.2017 23:47:30,000	0,33	267,74
467	05.09.2017 23:47:40,000	0,33	267,98
468	05.09.2017 23:47:50,000	0,33	267,74
469	05.09.2017 23:48:00,000	0,33	267,74
470	05.09.2017 23:48:10,000	0,33	267,98
471	05.09.2017 23:48:20,000	0,33	267,74
472	05.09.2017 23:48:30,000	0,33	267,74
473	05.09.2017 23:48:40,000	0,33	267,74
474	05.09.2017 23:48:50,000	0,33	267,98
475	05.09.2017 23:49:00,000	0,33	267,74
476	05.09.2017 23:49:10,000	0,37	267,79
477	05.09.2017 23:49:20,000	0,33	267,50
478	05.09.2017 23:49:30,000	0,33	267,50
479	05.09.2017 23:49:40,000	0,33	267,26
480	05.09.2017 23:49:50,000	0,33	267,74
481	05.09.2017 23:50:00,000	0,33	267,74
482	05.09.2017 23:50:10,000	0,33	267,74
483	05.09.2017 23:50:20,000	0,33	267,74
484	05.09.2017 23:50:30,000	0,33	267,74
485	05.09.2017 23:50:40,000	0,37	268,03
486	05.09.2017 23:50:50,000	0,33	267,98
487	05.09.2017 23:51:00,000	0,33	268,47
488	05.09.2017 23:51:10,000	0,37	268,52
489	05.09.2017 23:51:20,000	0,37	268,52
490	05.09.2017 23:51:30,000	0,33	268,71
491	05.09.2017 23:51:40,000	0,33	268,47
492	05.09.2017 23:51:50,000	0,37	269,00
493	05.09.2017 23:52:00,000	0,37	269,00
494	05.09.2017 23:52:10,000	0,37	269,24
495	05.09.2017 23:52:20,000	0,37	269,24
496	05.09.2017 23:52:30,000	0,37	269,48
497	05.09.2017 23:52:40,000	0,37	269,24
498	05.09.2017 23:52:50,000	0,37	269,48
499	05.09.2017 23:53:00,000	0,37	269,48
500	05.09.2017 23:53:10,000	0,37	269,48
501	05.09.2017 23:53:20,000	0,37	269,48
502	05.09.2017 23:53:30,000	0,37	269,48
503	05.09.2017 23:53:40,000	0,37	269,24
504	05.09.2017 23:53:50,000	0,37	269,48
505	05.09.2017 23:54:00,000	0,37	269,48
506	05.09.2017 23:54:10,000	0,37	269,24
507	05.09.2017 23:54:20,000	0,37	269,24
508	05.09.2017 23:54:30,000	0,37	269,24
509	05.09.2017 23:54:40,000	0,37	269,48
510	05.09.2017 23:54:50,000	0,37	269,48
511	05.09.2017 23:55:00,000	0,37	269,48
512	05.09.2017 23:55:10,000	0,37	269,48
513	05.09.2017 23:55:20,000	0,37	269,73
514	05.09.2017 23:55:30,000	0,37	269,73
515	05.09.2017 23:55:40,000	0,37	269,97
516	05.09.2017 23:55:50,000	0,37	269,97
517	05.09.2017 23:56:00,000	0,37	270,21
518	05.09.2017 23:56:10,000	0,37	270,45
519	05.09.2017 23:56:20,000	0,37	270,45
520	05.09.2017 23:56:30,000	0,37	270,45
521	05.09.2017 23:56:40,000	0,37	270,70
522	05.09.2017 23:56:50,000	0,37	270,94
523	05.09.2017 23:57:00,000	0,37	271,18
524	05.09.2017 23:57:10,000	0,37	270,70
525	05.09.2017 23:57:20,000	0,37	270,94
526	05.09.2017 23:57:30,000	0,37	271,18
527	05.09.2017 23:57:40,000	0,37	271,18
528	05.09.2017 23:57:50,000	0,37	271,18
529	05.09.2017 23:58:00,000	0,37	271,42
530	05.09.2017 23:58:10,000	0,37	271,42
531	05.09.2017 23:58:20,000	0,37	271,66
532	05.09.2017 23:58:30,000	0,37	271,66
533	05.09.2017 23:58:40,000	0,37	271,66
534	05.09.2017 23:58:50,000	0,37	271,66
535	05.09.2017 23:59:00,000	0,37	271,91
536	05.09.2017 23:59:10,000	0,37	271,91
537	05.09.2017 23:59:20,000	0,37	271,91
538	05.09.2017 23:59:30,000	0,37	271,91
539	05.09.2017 23:59:40,000	0,37	272,15
540	05.09.2017 23:59:50,000	0,37	272,15
541	06.09.2017 00:00:00,000	0,37	272,15
542	06.09.2017 00:00:10,000	0,37	272,15
543	06.09.2017 00:00:20,000	0,37	272,15
544	06.09.2017 00:00:30,000	0,37	272,15
545	06.09.2017 00:00:40,000	0,37	272,39
546	06.09.2017 00:00:50,000	0,37	272,39
547	06.09.2017 00:01:00,000	0,37	272,39
548	06.09.2017 00:01:10,000	0,37	272,39
549	06.09.2017 00:01:20,000	0,37	272,39
550	06.09.2017 00:01:30,000	0,37	272,39
551	06.09.2017 00:01:40,000	0,37	272,39
552	06.09.2017 00:01:50,000	0,37	272,15
553	06.09.2017 00:02:00,000	0,37	272,39
554	06.09.2017 00:02:10,000	0,37	272,39
555	06.09.2017 00:02:20,000	0,37	272,39
556	06.09.2017 00:02:30,000	0,37	272,15
557	06.09.2017 00:02:40,000	0,37	272,15
558	06.09.2017 00:02:50,000	0,37	272,39
559	06.09.2017 00:03:00,000	0,37	272,15
560	06.09.2017 00:03:10,000	0,37	272,39
561	06.09.2017 00:03:20,000	0,37	272,39
562	06.09.2017 00:03:30,000	0,37	272,39
563	06.09.2017 00:03:40,000	0,37	272,39
564	06.09.2017 00:03:50,000	0,37	272,15
565	06.09.2017 00:04:00,000	0,37	271,91
566	06.09.2017 00:04:10,000	0,37	272,63
567	06.09.2017 00:04:20,000	0,37	272,63
568	06.09.2017 00:04:30,000	0,37	272,63
569	06.09.2017 00:04:40,000	0,37	272,63
570	06.09.2017 00:04:50,000	0,37	272,63
571	06.09.2017 00:05:00,000	0,37	271,91
572	06.09.2017 00:05:10,000	0,37	271,18
573	06.09.2017 00:05:20,000	0,37	270,70
574	06.09.2017 00:05:30,000	0,33	269,68
575	06.09.2017 00:05:40,000	0,33	268,71
576	06.09.2017 00:05:50,000	0,33	267,74
577	06.09.2017 00:06:00,000	0,33	267,01
578	06.09.2017 00:06:10,000	0,33	266,05
579	06.09.2017 00:06:20,000	0,33	264,83
580	06.09.2017 00:06:30,000	0,33	263,62
581	06.09.2017 00:06:40,000	0,33	262,90
582	06.09.2017 00:06:50,000	0,33	261,69
583	06.09.2017 00:07:00,000	0,33	260,72
584	06.09.2017 00:07:10,000	0,33	259,75
585	06.09.2017 00:07:20,000	0,33	258,54
586	06.09.2017 00:07:30,000	0,33	257,57
587	06.09.2017 00:07:40,000	0,33	256,60
588	06.09.2017 00:07:50,000	0,29	255,58
589	06.09.2017 00:08:00,000	0,29	254,37
590	06.09.2017 00:08:10,000	0,29	253,16
591	06.09.2017 00:08:20,000	0,29	252,19
592	06.09.2017 00:08:30,000	0,29	250,98
593	06.09.2017 00:08:40,000	0,29	250,01
594	06.09.2017 00:08:50,000	0,29	249,04
595	06.09.2017 00:09:00,000	0,29	247,59
596	06.09.2017 00:09:10,000	0,29	246,38
597	06.09.2017 00:09:20,000	0,29	244,69
598	06.09.2017 00:09:30,000	0,29	243,47
599	06.09.2017 00:09:40,000	0,29	241,78
600	06.09.2017 00:09:50,000	0,29	240,33
601	06.09.2017 00:10:00,000	0,29	238,87
602	06.09.2017 00:10:10,000	0,29	237,18
603	06.09.2017 00:10:20,000	0,25	235,43
604	06.09.2017 00:10:30,000	0,25	233,98
605	06.09.2017 00:10:40,000	0,25	232,28
606	06.09.2017 00:10:50,000	0,25	230,83
607	06.09.2017 00:11:00,000	0,25	229,38
608	06.09.2017 00:11:10,000	0,25	227,44
609	06.09.2017 00:11:20,000	0,25	225,99
610	06.09.2017 00:11:30,000	0,25	224,54
611	06.09.2017 00:11:40,000	0,20	223,03
612	06.09.2017 00:11:50,000	0,20	221,34
613	06.09.2017 00:12:00,000	0,20	219,88
614	06.09.2017 00:12:10,000	0,20	217,95
615	06.09.2017 00:12:20,000	0,20	216,74
616	06.09.2017 00:12:30,000	0,16	214,75
617	06.09.2017 00:12:40,000	0,16	213,30
618	06.09.2017 00:12:50,000	0,16	211,60
619	06.09.2017 00:13:00,000	0,16	209,91
620	06.09.2017 00:13:10,000	0,12	208,16
621	06.09.2017 00:13:20,000	0,12	206,71
622	06.09.2017 00:13:30,000	0,12	205,01
623	06.09.2017 00:13:40,000	0,08	203,03
624	06.09.2017 00:13:50,000	0,08	201,81
625	06.09.2017 00:14:00,000	0,08	199,88
626	06.09.2017 00:14:10,000	0,04	198,13
627	06.09.2017 00:14:20,000	0,04	196,68
628	06.09.2017 00:14:30,000	0,04	194,98
629	06.09.2017 00:14:40,000	0,00	193,24
630	06.09.2017 00:14:50,000	0,00	191,54
631	06.09.2017 00:15:00,000	0,00	189,61
632	06.09.2017 00:15:10,000	-0,04	187,86
633	06.09.2017 00:15:20,000	-0,04	185,93
634	06.09.2017 00:15:30,000	-0,04	183,99
635	06.09.2017 00:15:40,000	-0,08	182,00
636	06.09.2017 00:15:50,000	-0,12	180,26
637	06.09.2017 00:16:00,000	-0,12	178,32
638	06.09.2017 00:16:10,000	-0,17	176,58
639	06.09.2017 00:16:20,000	-0,21	174,59
640	06.09.2017 00:16:30,000	-0,25	172,60
641	06.09.2017 00:16:40,000	-0,29	170,86
642	06.09.2017 00:16:50,000	-0,29	168,92
643	06.09.2017 00:17:00,000	-0,33	167,18
644	06.09.2017 00:17:10,000	-0,37	165,19
645	06.09.2017 00:17:20,000	-0,41	162,96
646	06.09.2017 00:17:30,000	-0,46	161,22
647	06.09.2017 00:17:40,000	-0,50	159,23
648	06.09.2017 00:17:50,000	-0,54	157,24
649	06.09.2017 00:18:00,000	-0,54	155,06
650	06.09.2017 00:18:10,000	-0,58	153,08
651	06.09.2017 00:18:20,000	-0,62	150,61
652	06.09.2017 00:18:30,000	-0,62	148,67
653	06.09.2017 00:18:40,000	-0,71	146,64
654	06.09.2017 00:18:50,000	-0,75	144,41
655	06.09.2017 00:19:00,000	-0,79	142,18
656	06.09.2017 00:19:10,000	-0,88	139,66
657	06.09.2017 00:19:20,000	-0,96	137,38
658	06.09.2017 00:19:30,000	-1,04	134,86
659	06.09.2017 00:19:40,000	-1,17	132,53
660	06.09.2017 00:19:50,000	-1,21	130,06
661	06.09.2017 00:20:00,000	-1,26	127,59
662	06.09.2017 00:20:10,000	-1,30	125,36
663	06.09.2017 00:20:20,000	-1,34	122,89
664	06.09.2017 00:20:30,000	-1,34	120,48
665	06.09.2017 00:20:40,000	-1,34	118,06
666	06.09.2017 00:20:50,000	-1,34	115,88
667	06.09.2017 00:21:00,000	-1,34	113,46
668	06.09.2017 00:21:10,000	-1,34	111,28
669	06.09.2017 00:21:20,000	-1,34	109,35
670	06.09.2017 00:21:30,000	-1,34	107,17
671	06.09.2017 00:21:40,000	-1,34	105,00
672	06.09.2017 00:21:50,000	-1,34	102,82
673	06.09.2017 00:22:00,000	-1,30	101,18
674	06.09.2017 00:22:10,000	-1,30	98,76
675	06.09.2017 00:22:20,000	-1,26	96,64
676	06.09.2017 00:22:30,000	-1,17	94,08
677	06.09.2017 00:22:40,000	-1,17	92,39
678	06.09.2017 00:22:50,000	-1,09	89,35
679	06.09.2017 00:23:00,000	-0,96	86,84
680	06.09.2017 00:23:10,000	-0,88	84,28
681	06.09.2017 00:23:20,000	-0,83	81,91
682	06.09.2017 00:23:30,000	-0,79	79,06
683	06.09.2017 00:23:40,000	-0,62	76,37
684	06.09.2017 00:23:50,000	-0,54	73,81
685	06.09.2017 00:24:00,000	-0,46	71,25
686	06.09.2017 00:24:10,000	-0,41	68,64
687	06.09.2017 00:24:20,000	-0,29	66,14
688	06.09.2017 00:24:30,000	-0,12	63,68
689	06.09.2017 00:24:40,000	0,04	61,22
690	06.09.2017 00:24:50,000	0,33	58,91
691	06.09.2017 00:25:00,000	0,65	56,89
692	06.09.2017 00:25:10,000	0,90	55,50
693	06.09.2017 00:25:20,000	1,02	53,71
694	06.09.2017 00:25:30,000	1,06	52,31
695	06.09.2017 00:25:40,000	1,22	51,06
696	06.09.2017 00:25:50,000	0,90	50,19
697	06.09.2017 00:26:00,000	0,49	49,46
698	06.09.2017 00:26:10,000	0,16	48,10
699	06.09.2017 00:26:20,000	-0,04	46,89
700	06.09.2017 00:26:30,000	-0,08	45,87
701	06.09.2017 00:26:40,000	-0,17	44,81
702	06.09.2017 00:26:50,000	-0,21	44,03
703	06.09.2017 00:27:00,000	-0,21	43,31
704	06.09.2017 00:27:10,000	-0,25	42,54
705	06.09.2017 00:27:20,000	-0,25	41,81
706	06.09.2017 00:27:30,000	-0,25	40,85
707	06.09.2017 00:27:40,000	-0,25	40,37
708	06.09.2017 00:27:50,000	-0,25	39,64
709	06.09.2017 00:28:00,000	-0,29	38,87
710	06.09.2017 00:28:10,000	-0,29	38,15
711	06.09.2017 00:28:20,000	-0,29	37,18
712	06.09.2017 00:28:30,000	-0,33	36,65
713	06.09.2017 00:28:40,000	-0,37	35,88
714	06.09.2017 00:28:50,000	-0,37	35,15
715	06.09.2017 00:29:00,000	-0,37	34,67
716	06.09.2017 00:29:10,000	-0,37	34,19
717	06.09.2017 00:29:20,000	-0,41	33,42
718	06.09.2017 00:29:30,000	-0,41	32,94
719	06.09.2017 00:29:40,000	-0,46	32,40
720	06.09.2017 00:29:50,000	-0,37	31,78
721	06.09.2017 00:30:00,000	-0,37	31,30
722	06.09.2017 00:30:10,000	-0,41	30,77
723	06.09.2017 00:30:20,000	-0,46	29,99
724	06.09.2017 00:30:30,000	-0,46	29,51
725	06.09.2017 00:30:40,000	-0,46	29,03
726	06.09.2017 00:30:50,000	-0,46	28,06
727	06.09.2017 00:31:00,000	-0,46	27,58
728	06.09.2017 00:31:10,000	-0,46	27,58
729	06.09.2017 00:31:20,000	-0,46	27,34
730	06.09.2017 00:31:30,000	-0,46	27,58
731	06.09.2017 00:31:40,000	-0,46	27,58
732	06.09.2017 00:31:50,000	-0,46	28,31
733	06.09.2017 00:32:00,000	-0,46	28,55
734	06.09.2017 00:32:10,000	-0,46	28,79
735	06.09.2017 00:32:20,000	-0,50	29,22
736	06.09.2017 00:32:30,000	-0,50	29,94
737	06.09.2017 00:32:40,000	-0,50	29,94
738	06.09.2017 00:32:50,000	-0,50	29,94
739	06.09.2017 00:33:00,000	-0,46	30,47
740	06.09.2017 00:33:10,000	-0,46	30,47
741	06.09.2017 00:33:20,000	-0,46	30,72
742	06.09.2017 00:33:30,000	-0,46	30,72
743	06.09.2017 00:33:40,000	-0,46	30,47
744	06.09.2017 00:33:50,000	-0,46	30,23
745	06.09.2017 00:34:00,000	-0,46	29,51
746	06.09.2017 00:34:10,000	-0,50	29,46
747	06.09.2017 00:34:20,000	-0,50	28,98
748	06.09.2017 00:34:30,000	-0,50	28,50
749	06.09.2017 00:34:40,000	-0,50	28,02
750	06.09.2017 00:34:50,000	-0,50	27,05
751	06.09.2017 00:35:00,000	-0,50	26,57
752	06.09.2017 00:35:10,000	-0,46	25,90
753	06.09.2017 00:35:20,000	-0,50	25,36
754	06.09.2017 00:35:30,000	-0,50	24,88
755	06.09.2017 00:35:40,000	-0,50	24,88
756	06.09.2017 00:35:50,000	-0,50	25,12
757	06.09.2017 00:36:00,000	-0,50	25,36
758	06.09.2017 00:36:10,000	-0,50	25,61
759	06.09.2017 00:36:20,000	-0,50	26,09
760	06.09.2017 00:36:30,000	-0,46	26,86
761	06.09.2017 00:36:40,000	-0,50	27,05
762	06.09.2017 00:36:50,000	-0,50	27,05
763	06.09.2017 00:37:00,000	-0,50	27,53
764	06.09.2017 00:37:10,000	-0,50	27,77
765	06.09.2017 00:37:20,000	-0,50	27,77
766	06.09.2017 00:37:30,000	-0,50	28,26
767	06.09.2017 00:37:40,000	-0,50	28,02
768	06.09.2017 00:37:50,000	-0,50	28,26
769	06.09.2017 00:38:00,000	-0,50	28,26
770	06.09.2017 00:38:10,000	-0,46	28,31
771	06.09.2017 00:38:20,000	-0,46	28,31
772	06.09.2017 00:38:30,000	-0,46	28,55
773	06.09.2017 00:38:40,000	-0,46	28,31
774	06.09.2017 00:38:50,000	-0,46	28,31
775	06.09.2017 00:39:00,000	-0,46	28,31
776	06.09.2017 00:39:10,000	-0,46	28,31
777	06.09.2017 00:39:20,000	-0,46	28,06
778	06.09.2017 00:39:30,000	-0,46	28,06
779	06.09.2017 00:39:40,000	-0,46	27,82
780	06.09.2017 00:39:50,000	-0,46	27,58
781	06.09.2017 00:40:00,000	-0,50	27,05
782	06.09.2017 00:40:10,000	-0,50	26,57
783	06.09.2017 00:40:20,000	-0,50	25,85
784	06.09.2017 00:40:30,000	-0,50	24,88
785	06.09.2017 00:40:40,000	-0,50	24,16
786	06.09.2017 00:40:50,000	-0,54	23,87
787	06.09.2017 00:41:00,000	-0,50	22,95
788	06.09.2017 00:41:10,000	-0,54	22,66
789	06.09.2017 00:41:20,000	-0,54	22,18
790	06.09.2017 00:41:30,000	-0,54	21,94
791	06.09.2017 00:41:40,000	-0,54	21,46
792	06.09.2017 00:41:50,000	-0,54	20,98
793	06.09.2017 00:42:00,000	-0,50	20,79
794	06.09.2017 00:42:10,000	-0,46	20,84
795	06.09.2017 00:42:20,000	-0,46	20,84
796	06.09.2017 00:42:30,000	-0,50	21,27
797	06.09.2017 00:42:40,000	-0,50	21,27
798	06.09.2017 00:42:50,000	-0,50	21,03
799	06.09.2017 00:43:00,000	-0,50	21,75
800	06.09.2017 00:43:10,000	-0,50	22,47
801	06.09.2017 00:43:20,000	-0,58	22,61
802	06.09.2017 00:43:30,000	-0,62	22,32
803	06.09.2017 00:43:40,000	-0,54	21,70
804	06.09.2017 00:43:50,000	-0,54	21,22
805	06.09.2017 00:44:00,000	-0,54	20,74
806	06.09.2017 00:44:10,000	-0,54	20,50
807	06.09.2017 00:44:20,000	-0,58	19,96
808	06.09.2017 00:44:30,000	-0,54	20,01
809	06.09.2017 00:44:40,000	-0,50	19,82
810	06.09.2017 00:44:50,000	-0,54	20,50
811	06.09.2017 00:45:00,000	-0,54	20,26
812	06.09.2017 00:45:10,000	-0,54	20,01
813	06.09.2017 00:45:20,000	-0,54	19,77
814	06.09.2017 00:45:30,000	-0,54	20,01
815	06.09.2017 00:45:40,000	-0,54	20,26
816	06.09.2017 00:45:50,000	-0,54	20,50
817	06.09.2017 00:46:00,000	-0,54	20,01
818	06.09.2017 00:46:10,000	-0,54	20,26
819	06.09.2017 00:46:20,000	-0,54	20,01
820	06.09.2017 00:46:30,000	-0,54	19,77
821	06.09.2017 00:46:40,000	-0,54	19,53
822	06.09.2017 00:46:50,000	-0,54	19,77
823	06.09.2017 00:47:00,000	-0,54	19,77
824	06.09.2017 00:47:10,000	-0,54	20,01
825	06.09.2017 00:47:20,000	-0,54	20,01
826	06.09.2017 00:47:30,000	-0,54	19,77
827	06.09.2017 00:47:40,000	-0,54	19,29
828	06.09.2017 00:47:50,000	-0,54	19,29
829	06.09.2017 00:48:00,000	-0,54	19,77
830	06.09.2017 00:48:10,000	-0,54	19,53
831	06.09.2017 00:48:20,000	-0,50	19,34
832	06.09.2017 00:48:30,000	-0,50	19,10
833	06.09.2017 00:48:40,000	-0,50	18,86
834	06.09.2017 00:48:50,000	-0,46	18,67
835	06.09.2017 00:49:00,000	-0,46	18,43
836	06.09.2017 00:49:10,000	-0,46	18,19
837	06.09.2017 00:49:20,000	-0,46	18,19
838	06.09.2017 00:49:30,000	-0,46	18,19
839	06.09.2017 00:49:40,000	-0,41	18,24
840	06.09.2017 00:49:50,000	-0,41	18,24
841	06.09.2017 00:50:00,000	-0,41	18,72
842	06.09.2017 00:50:10,000	-0,41	18,72
843	06.09.2017 00:50:20,000	-0,41	19,20
844	06.09.2017 00:50:30,000	-0,46	19,15
845	06.09.2017 00:50:40,000	-0,46	19,15
846	06.09.2017 00:50:50,000	-0,46	19,15
847	06.09.2017 00:51:00,000	-0,50	19,34
848	06.09.2017 00:51:10,000	-0,50	19,34
849	06.09.2017 00:51:20,000	-0,50	19,58
850	06.09.2017 00:51:30,000	-0,50	19,82
851	06.09.2017 00:51:40,000	-0,54	20,01
852	06.09.2017 00:51:50,000	-0,54	20,26
853	06.09.2017 00:52:00,000	-0,58	20,45
854	06.09.2017 00:52:10,000	-0,54	18,57
855	06.09.2017 00:52:20,000	-0,46	17,46
856	06.09.2017 00:52:30,000	-0,41	17,03
857	06.09.2017 00:52:40,000	-0,33	16,65
858	06.09.2017 00:52:50,000	-0,29	16,46
859	06.09.2017 00:53:00,000	-0,29	16,94
860	06.09.2017 00:53:10,000	-0,37	17,56
861	06.09.2017 00:53:20,000	-0,41	18,24
862	06.09.2017 00:53:30,000	-0,46	18,19
863	06.09.2017 00:53:40,000	-0,46	17,22
864	06.09.2017 00:53:50,000	-0,37	15,88
865	06.09.2017 00:54:00,000	-0,29	15,25
866	06.09.2017 00:54:10,000	-0,25	14,58
867	06.09.2017 00:54:20,000	-0,04	14,11
868	06.09.2017 00:54:30,000	-0,12	13,53
869	06.09.2017 00:54:40,000	0,12	12,86
870	06.09.2017 00:54:50,000	0,25	12,04
871	06.09.2017 00:55:00,000	0,29	11,13
872	06.09.2017 00:55:10,000	1,06	9,89
873	06.09.2017 00:55:20,000	1,57	8,59
874	06.09.2017 00:55:30,000	1,97	7,15
875	06.09.2017 00:55:40,000	2,44	6,03
876	06.09.2017 00:55:50,000	2,82	5,30
877	06.09.2017 00:56:00,000	3,17	4,52
878	06.09.2017 00:56:10,000	3,40	3,36
879	06.09.2017 00:56:20,000	3,55	2,34
880	06.09.2017 00:56:30,000	3,70	1,56
881	06.09.2017 00:56:40,000	3,89	0,11
882	06.09.2017 00:56:50,000	3,96	0,00
883	06.09.2017 00:57:00,000	4,00	0,00
884	06.09.2017 00:57:10,000	4,00	0,00
885	06.09.2017 00:57:20,000	4,00	0,00
886	06.09.2017 00:57:30,000	4,00	0,00
887	06.09.2017 00:57:40,000	3,96	0,00
888	06.09.2017 00:57:50,000	3,96	0,00
889	06.09.2017 00:58:00,000	3,96	0,00
890	06.09.2017 00:58:10,000	3,96	0,00
891	06.09.2017 00:58:20,000	3,96	0,00
892	06.09.2017 00:58:30,000	3,92	0,00
893	06.09.2017 00:58:40,000	3,92	0,00
894	06.09.2017 00:58:50,000	3,92	0,00
895	06.09.2017 00:59:00,000	3,92	0,00
896	06.09.2017 00:59:10,000	3,92	0,00
897	06.09.2017 00:59:20,000	3,92	0,00
898	06.09.2017 00:59:30,000	3,92	0,00
899	06.09.2017 00:59:40,000	3,92	0,00
900	06.09.2017 00:59:50,000	3,92	0,00
901	06.09.2017 01:00:00,000	3,92	0,00
902	06.09.2017 01:00:10,000	3,92	0,00
903	06.09.2017 01:00:20,000	3,92	0,00
904	06.09.2017 01:00:30,000	3,92	0,00
905	06.09.2017 01:00:40,000	3,92	0,00
906	06.09.2017 01:00:50,000	3,92	0,00
907	06.09.2017 01:01:00,000	3,89	0,00
908	06.09.2017 01:01:10,000	3,89	0,00
909	06.09.2017 01:01:20,000	3,89	0,00
910	06.09.2017 01:01:30,000	3,92	0,00
911	06.09.2017 01:01:40,000	3,92	0,00
912	06.09.2017 01:01:50,000	3,92	0,00
913	06.09.2017 01:02:00,000	3,92	0,00
914	06.09.2017 01:02:10,000	3,92	0,00
915	06.09.2017 01:02:20,000	3,92	0,00
916	06.09.2017 01:02:30,000	3,96	0,00
917	06.09.2017 01:02:40,000	3,96	0,00
918	06.09.2017 01:02:50,000	3,96	0,00
919	06.09.2017 01:03:00,000	3,96	0,00
920	06.09.2017 01:03:10,000	4,00	0,00
921	06.09.2017 01:03:20,000	4,00	0,00
922	06.09.2017 01:03:30,000	4,00	0,00
923	06.09.2017 01:03:40,000	4,04	0,00
924	06.09.2017 01:03:50,000	4,04	0,00
925	06.09.2017 01:04:00,000	4,04	0,00
926	06.09.2017 01:04:10,000	4,04	0,00
927	06.09.2017 01:04:20,000	4,07	0,00
928	06.09.2017 01:04:30,000	4,07	0,00
929	06.09.2017 01:04:40,000	4,07	0,00
930	06.09.2017 01:04:50,000	4,11	0,00
931	06.09.2017 01:05:00,000	4,11	0,00
932	06.09.2017 01:05:10,000	4,11	0,00
933	06.09.2017 01:05:20,000	4,11	0,00
934	06.09.2017 01:05:30,000	4,15	0,00
935	06.09.2017 01:05:40,000	4,15	0,00
936	06.09.2017 01:05:50,000	4,15	0,00
937	06.09.2017 01:06:00,000	4,15	0,00
938	06.09.2017 01:06:10,000	4,19	0,00
939	06.09.2017 01:06:20,000	4,19	0,00
940	06.09.2017 01:06:30,000	4,19	0,00
941	06.09.2017 01:06:40,000	4,19	0,00
942	06.09.2017 01:06:50,000	4,22	0,00
943	06.09.2017 01:07:00,000	4,22	0,00
944	06.09.2017 01:07:10,000	4,22	0,00
945	06.09.2017 01:07:20,000	4,26	0,00
946	06.09.2017 01:07:30,000	4,26	0,00
947	06.09.2017 01:07:40,000	4,26	0,00
948	06.09.2017 01:07:50,000	4,26	0,00
949	06.09.2017 01:08:00,000	4,30	0,00
950	06.09.2017 01:08:10,000	4,30	0,00
951	06.09.2017 01:08:20,000	4,30	0,00
952	06.09.2017 01:08:30,000	4,33	0,00
953	06.09.2017 01:08:40,000	4,33	0,00
954	06.09.2017 01:08:50,000	4,33	0,00
955	06.09.2017 01:09:00,000	4,37	0,00
956	06.09.2017 01:09:10,000	4,37	0,00
957	06.09.2017 01:09:20,000	4,37	0,00
958	06.09.2017 01:09:30,000	4,37	0,00
959	06.09.2017 01:09:40,000	4,41	0,00
960	06.09.2017 01:09:50,000	4,41	0,00
961	06.09.2017 01:10:00,000	4,41	0,00
962	06.09.2017 01:10:10,000	4,45	0,00
963	06.09.2017 01:10:20,000	4,45	0,00
964	06.09.2017 01:10:30,000	4,45	0,00
965	06.09.2017 01:10:40,000	4,48	0,00
966	06.09.2017 01:10:50,000	4,48	0,00
967	06.09.2017 01:11:00,000	4,48	0,00
968	06.09.2017 01:11:10,000	4,52	0,00
969	06.09.2017 01:11:20,000	4,52	0,00
970	06.09.2017 01:11:30,000	4,52	0,00
971	06.09.2017 01:11:40,000	4,56	0,00
972	06.09.2017 01:11:50,000	4,56	0,00
973	06.09.2017 01:12:00,000	4,56	0,00
974	06.09.2017 01:12:10,000	4,56	0,00
975	06.09.2017 01:12:20,000	4,59	0,00
976	06.09.2017 01:12:30,000	4,59	0,00
977	06.09.2017 01:12:40,000	4,59	0,00
978	06.09.2017 01:12:50,000	4,63	0,00
979	06.09.2017 01:13:00,000	4,63	0,00
980	06.09.2017 01:13:10,000	4,63	0,00
981	06.09.2017 01:13:20,000	4,67	0,00
982	06.09.2017 01:13:30,000	4,67	0,00
983	06.09.2017 01:13:40,000	4,67	0,00
984	06.09.2017 01:13:50,000	4,70	0,00
985	06.09.2017 01:14:00,000	4,70	0,00
986	06.09.2017 01:14:10,000	4,70	0,00
987	06.09.2017 01:14:20,000	4,70	0,00
988	06.09.2017 01:14:30,000	4,70	0,00
989	06.09.2017 01:14:40,000	4,74	0,00
990	06.09.2017 01:14:50,000	4,74	0,00
991	06.09.2017 01:15:00,000	4,74	0,00
992	06.09.2017 01:15:10,000	4,78	0,00
993	06.09.2017 01:15:20,000	4,78	0,00
994	06.09.2017 01:15:30,000	4,78	0,00
995	06.09.2017 01:15:40,000	4,81	0,00
996	06.09.2017 01:15:50,000	4,81	0,00
997	06.09.2017 01:16:00,000	4,81	0,00
998	06.09.2017 01:16:10,000	4,85	0,00
999	06.09.2017 01:16:20,000	4,85	0,00
1000	06.09.2017 01:16:30,000	4,85	0,00
1001	06.09.2017 01:16:40,000	4,89	0,00
1002	06.09.2017 01:16:50,000	4,89	0,00
1003	06.09.2017 01:17:00,000	4,92	0,00
1004	06.09.2017 01:17:10,000	4,92	0,00
1005	06.09.2017 01:17:20,000	4,92	0,00
1006	06.09.2017 01:17:30,000	4,92	0,00
1007	06.09.2017 01:17:40,000	4,96	0,00
1008	06.09.2017 01:17:50,000	4,96	0,00
1009	06.09.2017 01:18:00,000	5,00	0,00
1010	06.09.2017 01:18:10,000	5,00	0,00
1011	06.09.2017 01:18:20,000	5,00	0,00
1012	06.09.2017 01:18:30,000	5,03	0,00
1013	06.09.2017 01:18:40,000	5,03	0,00
1014	06.09.2017 01:18:50,000	5,03	0,00
1015	06.09.2017 01:19:00,000	5,07	0,00
1016	06.09.2017 01:19:10,000	5,07	0,00
1017	06.09.2017 01:19:20,000	5,07	0,00
1018	06.09.2017 01:19:30,000	5,11	0,00
1019	06.09.2017 01:19:40,000	5,11	0,00
1020	06.09.2017 01:19:50,000	5,11	0,00
1021	06.09.2017 01:20:00,000	5,14	0,00
1022	06.09.2017 01:20:10,000	5,14	0,00
1023	06.09.2017 01:20:20,000	5,14	0,00
1024	06.09.2017 01:20:30,000	5,18	0,00
1025	06.09.2017 01:20:40,000	5,18	0,00
1026	06.09.2017 01:20:50,000	5,18	0,00
1027	06.09.2017 01:21:00,000	5,22	0,00
1028	06.09.2017 01:21:10,000	5,22	0,00
1029	06.09.2017 01:21:20,000	5,22	0,00
1030	06.09.2017 01:21:30,000	5,25	0,00
1031	06.09.2017 01:21:40,000	5,25	0,00
1032	06.09.2017 01:21:50,000	5,25	0,00
1033	06.09.2017 01:22:00,000	5,29	0,00
1034	06.09.2017 01:22:10,000	5,29	0,00
1035	06.09.2017 01:22:20,000	5,29	0,00
1036	06.09.2017 01:22:30,000	5,33	0,00
1037	06.09.2017 01:22:40,000	5,33	0,00
1038	06.09.2017 01:22:50,000	5,33	0,00
1039	06.09.2017 01:23:00,000	5,33	0,00
1040	06.09.2017 01:23:10,000	5,36	0,00
1041	06.09.2017 01:23:20,000	5,36	0,00
1042	06.09.2017 01:23:30,000	5,36	0,00
1043	06.09.2017 01:23:40,000	5,40	0,00
1044	06.09.2017 01:23:50,000	5,40	0,00
1045	06.09.2017 01:24:00,000	5,43	0,00
1046	06.09.2017 01:24:10,000	5,43	0,00
1047	06.09.2017 01:24:20,000	5,43	0,00
1048	06.09.2017 01:24:30,000	5,47	0,00
1049	06.09.2017 01:24:40,000	5,47	0,00
1050	06.09.2017 01:24:50,000	5,47	0,00
1051	06.09.2017 01:25:00,000	5,51	0,00
1052	06.09.2017 01:25:10,000	6,86	0,00
1053	06.09.2017 01:25:20,000	8,72	0,00
1054	06.09.2017 01:25:30,000	10,09	0,00
1055	06.09.2017 01:25:40,000	11,27	0,00
1056	06.09.2017 01:25:50,000	12,16	0,00
1057	06.09.2017 01:26:00,000	12,92	0,00
1058	06.09.2017 01:26:10,000	13,52	0,00
1059	06.09.2017 01:26:20,000	14,02	0,00
1060	06.09.2017 01:26:30,000	14,42	0,00
1061	06.09.2017 01:26:40,000	14,85	0,00
1062	06.09.2017 01:26:50,000	15,25	0,00
