#B	Created:	05.09.2017 21:19:31
##	Version	SeaStar	7.49
#5	Field separation:	0
#2	Date & Time:	1
#6	Decimal point:	,
#7	Date def.:	dd.mm.yyyy	.
#8	Time def.:	:
##	Axis	0	Temperature(°C)	clRed	FALSE
##	Axis	1	Depth(m)	clBlue	TRUE
##	Series	0	Temp(°C)	clRed	0	Temp(°C)	2
##	Series	1	Depth(m)	clBlue	1	Depth(m)	2
##	Recorder	12	DST centi	8762
##	Chart	12C8762DAT	
#D	Data:	913	05.09.2017 18:45:00	05.09.2017 21:17:00
1	05.09.2017 18:45:00,000	21,81	1,00
2	05.09.2017 18:45:10,000	21,78	0,96
3	05.09.2017 18:45:20,000	21,76	0,93
4	05.09.2017 18:45:30,000	21,73	1,13
5	05.09.2017 18:45:40,000	21,70	0,86
6	05.09.2017 18:45:50,000	21,67	1,07
7	05.09.2017 18:46:00,000	21,64	0,79
8	05.09.2017 18:46:10,000	21,61	0,76
9	05.09.2017 18:46:20,000	21,58	0,96
10	05.09.2017 18:46:30,000	21,55	0,93
11	05.09.2017 18:46:40,000	21,52	1,14
12	05.09.2017 18:46:50,000	21,49	0,86
13	05.09.2017 18:47:00,000	21,46	1,07
14	05.09.2017 18:47:10,000	21,43	0,79
15	05.09.2017 18:47:20,000	21,38	0,96
16	05.09.2017 18:47:30,000	21,35	0,93
17	05.09.2017 18:47:40,000	21,32	0,89
18	05.09.2017 18:47:50,000	21,29	0,86
19	05.09.2017 18:48:00,000	21,26	1,07
20	05.09.2017 18:48:10,000	21,23	1,03
21	05.09.2017 18:48:20,000	21,20	1,00
22	05.09.2017 18:48:30,000	21,17	0,96
23	05.09.2017 18:48:40,000	21,11	0,89
24	05.09.2017 18:48:50,000	21,08	1,10
25	05.09.2017 18:49:00,000	21,03	0,79
26	05.09.2017 18:49:10,000	21,00	0,76
27	05.09.2017 18:49:20,000	20,97	0,96
28	05.09.2017 18:49:30,000	20,94	0,93
29	05.09.2017 18:49:40,000	20,88	1,10
30	05.09.2017 18:49:50,000	20,85	0,82
31	05.09.2017 18:50:00,000	20,82	0,79
32	05.09.2017 18:50:10,000	20,76	0,96
33	05.09.2017 18:50:20,000	20,73	1,17
34	05.09.2017 18:50:30,000	20,27	5,18
35	05.09.2017 18:50:40,000	13,74	11,77
36	05.09.2017 18:50:50,000	9,99	13,91
37	05.09.2017 18:51:00,000	8,69	12,78
38	05.09.2017 18:51:10,000	7,52	14,23
39	05.09.2017 18:51:20,000	6,61	16,48
40	05.09.2017 18:51:30,000	5,62	18,13
41	05.09.2017 18:51:40,000	4,59	20,72
42	05.09.2017 18:51:50,000	3,70	23,71
43	05.09.2017 18:52:00,000	2,71	27,08
44	05.09.2017 18:52:10,000	2,05	29,64
45	05.09.2017 18:52:20,000	1,30	32,58
46	05.09.2017 18:52:30,000	1,26	32,05
47	05.09.2017 18:52:40,000	0,98	30,99
48	05.09.2017 18:52:50,000	0,69	30,41
49	05.09.2017 18:53:00,000	0,41	30,07
50	05.09.2017 18:53:10,000	0,20	29,58
51	05.09.2017 18:53:20,000	0,08	31,36
52	05.09.2017 18:53:30,000	0,12	33,82
53	05.09.2017 18:53:40,000	0,12	35,99
54	05.09.2017 18:53:50,000	0,00	37,05
55	05.09.2017 18:54:00,000	-0,08	37,19
56	05.09.2017 18:54:10,000	-0,17	36,85
57	05.09.2017 18:54:20,000	-0,21	36,80
58	05.09.2017 18:54:30,000	-0,25	36,51
59	05.09.2017 18:54:40,000	-0,29	36,46
60	05.09.2017 18:54:50,000	-0,29	36,22
61	05.09.2017 18:55:00,000	-0,29	35,49
62	05.09.2017 18:55:10,000	-0,29	35,49
63	05.09.2017 18:55:20,000	-0,29	37,18
64	05.09.2017 18:55:30,000	-0,29	38,15
65	05.09.2017 18:55:40,000	-0,33	40,51
66	05.09.2017 18:55:50,000	-0,25	42,54
67	05.09.2017 18:56:00,000	-0,29	44,66
68	05.09.2017 18:56:10,000	-0,29	46,59
69	05.09.2017 18:56:20,000	-0,29	47,79
70	05.09.2017 18:56:30,000	-0,33	47,74
71	05.09.2017 18:56:40,000	-0,33	46,78
72	05.09.2017 18:56:50,000	-0,33	46,06
73	05.09.2017 18:57:00,000	-0,33	44,37
74	05.09.2017 18:57:10,000	-0,33	42,68
75	05.09.2017 18:57:20,000	-0,29	41,28
76	05.09.2017 18:57:30,000	-0,25	39,64
77	05.09.2017 18:57:40,000	-0,25	37,71
78	05.09.2017 18:57:50,000	-0,33	35,93
79	05.09.2017 18:58:00,000	-0,25	33,62
80	05.09.2017 18:58:10,000	-0,21	31,98
81	05.09.2017 18:58:20,000	-0,21	30,05
82	05.09.2017 18:58:30,000	-0,29	28,50
83	05.09.2017 18:58:40,000	-0,37	27,20
84	05.09.2017 18:58:50,000	-0,41	25,70
85	05.09.2017 18:59:00,000	-0,37	24,55
86	05.09.2017 18:59:10,000	-0,37	23,83
87	05.09.2017 18:59:20,000	-0,46	23,00
88	05.09.2017 18:59:30,000	-0,50	22,47
89	05.09.2017 18:59:40,000	-0,54	22,18
90	05.09.2017 18:59:50,000	-0,58	21,65
91	05.09.2017 19:00:00,000	-0,54	20,74
92	05.09.2017 19:00:10,000	-0,54	20,26
93	05.09.2017 19:00:20,000	-0,50	19,82
94	05.09.2017 19:00:30,000	-0,50	19,34
95	05.09.2017 19:00:40,000	-0,46	19,15
96	05.09.2017 19:00:50,000	-0,46	19,39
97	05.09.2017 19:01:00,000	-0,50	19,10
98	05.09.2017 19:01:10,000	-0,50	19,10
99	05.09.2017 19:01:20,000	-0,50	19,10
100	05.09.2017 19:01:30,000	-0,50	19,34
101	05.09.2017 19:01:40,000	-0,50	19,58
102	05.09.2017 19:01:50,000	-0,46	19,63
103	05.09.2017 19:02:00,000	-0,46	19,39
104	05.09.2017 19:02:10,000	-0,46	19,15
105	05.09.2017 19:02:20,000	-0,46	19,15
106	05.09.2017 19:02:30,000	-0,46	19,15
107	05.09.2017 19:02:40,000	-0,46	18,67
108	05.09.2017 19:02:50,000	-0,46	17,95
109	05.09.2017 19:03:00,000	-0,46	18,19
110	05.09.2017 19:03:10,000	-0,46	17,95
111	05.09.2017 19:03:20,000	-0,46	17,46
112	05.09.2017 19:03:30,000	-0,41	17,51
113	05.09.2017 19:03:40,000	-0,41	17,51
114	05.09.2017 19:03:50,000	-0,41	17,75
115	05.09.2017 19:04:00,000	-0,41	17,27
116	05.09.2017 19:04:10,000	-0,41	17,75
117	05.09.2017 19:04:20,000	-0,41	17,75
118	05.09.2017 19:04:30,000	-0,41	17,75
119	05.09.2017 19:04:40,000	-0,46	17,95
120	05.09.2017 19:04:50,000	-0,46	18,19
121	05.09.2017 19:05:00,000	-0,41	18,72
122	05.09.2017 19:05:10,000	-0,46	19,39
123	05.09.2017 19:05:20,000	-0,46	19,39
124	05.09.2017 19:05:30,000	-0,50	20,31
125	05.09.2017 19:05:40,000	-0,58	20,93
126	05.09.2017 19:05:50,000	-0,62	21,84
127	05.09.2017 19:06:00,000	-0,58	23,10
128	05.09.2017 19:06:10,000	-0,58	24,30
129	05.09.2017 19:06:20,000	-0,46	25,90
130	05.09.2017 19:06:30,000	-0,54	27,48
131	05.09.2017 19:06:40,000	-0,54	29,17
132	05.09.2017 19:06:50,000	-0,54	30,38
133	05.09.2017 19:07:00,000	-0,50	30,91
134	05.09.2017 19:07:10,000	-0,46	31,44
135	05.09.2017 19:07:20,000	-0,46	31,44
136	05.09.2017 19:07:30,000	-0,46	30,96
137	05.09.2017 19:07:40,000	-0,46	30,23
138	05.09.2017 19:07:50,000	-0,50	28,98
139	05.09.2017 19:08:00,000	-0,54	28,45
140	05.09.2017 19:08:10,000	-0,54	27,24
141	05.09.2017 19:08:20,000	-0,54	26,76
142	05.09.2017 19:08:30,000	-0,58	25,99
143	05.09.2017 19:08:40,000	-0,54	25,31
144	05.09.2017 19:08:50,000	-0,46	24,21
145	05.09.2017 19:09:00,000	-0,46	23,97
146	05.09.2017 19:09:10,000	-0,50	23,44
147	05.09.2017 19:09:20,000	-0,54	22,91
148	05.09.2017 19:09:30,000	-0,54	22,91
149	05.09.2017 19:09:40,000	-0,58	23,34
150	05.09.2017 19:09:50,000	-0,54	23,87
151	05.09.2017 19:10:00,000	-0,54	24,35
152	05.09.2017 19:10:10,000	-0,50	25,36
153	05.09.2017 19:10:20,000	-0,50	26,09
154	05.09.2017 19:10:30,000	-0,54	27,00
155	05.09.2017 19:10:40,000	-0,54	27,97
156	05.09.2017 19:10:50,000	-0,54	28,93
157	05.09.2017 19:11:00,000	-0,58	29,84
158	05.09.2017 19:11:10,000	-0,54	31,10
159	05.09.2017 19:11:20,000	-0,46	31,92
160	05.09.2017 19:11:30,000	-0,33	33,03
161	05.09.2017 19:11:40,000	0,00	33,67
162	05.09.2017 19:11:50,000	0,16	34,83
163	05.09.2017 19:12:00,000	-0,08	36,47
164	05.09.2017 19:12:10,000	-0,21	37,52
165	05.09.2017 19:12:20,000	-0,12	38,35
166	05.09.2017 19:12:30,000	-0,04	39,41
167	05.09.2017 19:12:40,000	-0,04	40,61
168	05.09.2017 19:12:50,000	-0,08	41,77
169	05.09.2017 19:13:00,000	-0,17	42,88
170	05.09.2017 19:13:10,000	-0,21	43,79
171	05.09.2017 19:13:20,000	-0,25	44,95
172	05.09.2017 19:13:30,000	-0,29	45,62
173	05.09.2017 19:13:40,000	-0,29	46,59
174	05.09.2017 19:13:50,000	-0,33	47,74
175	05.09.2017 19:14:00,000	-0,29	48,28
176	05.09.2017 19:14:10,000	-0,41	49,82
177	05.09.2017 19:14:20,000	-0,50	50,68
178	05.09.2017 19:14:30,000	-0,54	51,84
179	05.09.2017 19:14:40,000	-0,58	52,27
180	05.09.2017 19:14:50,000	-0,54	53,29
181	05.09.2017 19:15:00,000	-0,29	54,07
182	05.09.2017 19:15:10,000	-0,25	55,08
183	05.09.2017 19:15:20,000	-0,21	56,10
184	05.09.2017 19:15:30,000	-0,17	57,35
185	05.09.2017 19:15:40,000	-0,12	58,13
186	05.09.2017 19:15:50,000	-0,08	59,38
187	05.09.2017 19:16:00,000	0,04	60,26
188	05.09.2017 19:16:10,000	0,00	61,66
189	05.09.2017 19:16:20,000	-0,08	62,52
190	05.09.2017 19:16:30,000	-0,17	63,87
191	05.09.2017 19:16:40,000	-0,33	65,12
192	05.09.2017 19:16:50,000	-0,50	65,89
193	05.09.2017 19:17:00,000	-0,54	67,05
194	05.09.2017 19:17:10,000	-0,62	67,91
195	05.09.2017 19:17:20,000	-0,67	69,31
196	05.09.2017 19:17:30,000	-0,71	70,23
197	05.09.2017 19:17:40,000	-0,75	71,14
198	05.09.2017 19:17:50,000	-0,79	72,54
199	05.09.2017 19:18:00,000	-0,83	73,22
200	05.09.2017 19:18:10,000	-0,88	74,37
201	05.09.2017 19:18:20,000	-0,92	75,77
202	05.09.2017 19:18:30,000	-0,96	76,69
203	05.09.2017 19:18:40,000	-0,96	77,66
204	05.09.2017 19:18:50,000	-0,96	78,86
205	05.09.2017 19:19:00,000	-1,00	80,02
206	05.09.2017 19:19:10,000	-1,00	80,99
207	05.09.2017 19:19:20,000	-1,04	81,90
208	05.09.2017 19:19:30,000	-1,04	83,11
209	05.09.2017 19:19:40,000	-1,04	84,32
210	05.09.2017 19:19:50,000	-1,04	85,29
211	05.09.2017 19:20:00,000	-1,09	86,45
212	05.09.2017 19:20:10,000	-1,09	87,41
213	05.09.2017 19:20:20,000	-1,09	88,62
214	05.09.2017 19:20:30,000	-1,13	89,54
215	05.09.2017 19:20:40,000	-1,13	90,74
216	05.09.2017 19:20:50,000	-1,13	91,71
217	05.09.2017 19:21:00,000	-1,13	92,92
218	05.09.2017 19:21:10,000	-1,17	94,08
219	05.09.2017 19:21:20,000	-1,17	95,29
220	05.09.2017 19:21:30,000	-1,17	96,50
221	05.09.2017 19:21:40,000	-1,21	97,65
222	05.09.2017 19:21:50,000	-1,21	98,86
223	05.09.2017 19:22:00,000	-1,21	100,07
224	05.09.2017 19:22:10,000	-1,26	101,23
225	05.09.2017 19:22:20,000	-1,26	102,68
226	05.09.2017 19:22:30,000	-1,26	104,13
227	05.09.2017 19:22:40,000	-1,30	105,53
228	05.09.2017 19:22:50,000	-1,26	107,27
229	05.09.2017 19:23:00,000	-1,21	108,53
230	05.09.2017 19:23:10,000	-1,21	109,98
231	05.09.2017 19:23:20,000	-1,26	111,39
232	05.09.2017 19:23:30,000	-1,30	113,03
233	05.09.2017 19:23:40,000	-1,34	114,43
234	05.09.2017 19:23:50,000	-1,34	115,88
235	05.09.2017 19:24:00,000	-1,38	117,28
236	05.09.2017 19:24:10,000	-1,38	119,22
237	05.09.2017 19:24:20,000	-1,38	120,43
238	05.09.2017 19:24:30,000	-1,43	122,07
239	05.09.2017 19:24:40,000	-1,43	123,76
240	05.09.2017 19:24:50,000	-1,38	125,26
241	05.09.2017 19:25:00,000	-1,38	127,20
242	05.09.2017 19:25:10,000	-1,38	128,89
243	05.09.2017 19:25:20,000	-1,38	130,59
244	05.09.2017 19:25:30,000	-1,34	132,09
245	05.09.2017 19:25:40,000	-1,34	134,02
246	05.09.2017 19:25:50,000	-1,30	135,77
247	05.09.2017 19:26:00,000	-1,21	137,08
248	05.09.2017 19:26:10,000	-1,17	138,82
249	05.09.2017 19:26:20,000	-1,13	140,57
250	05.09.2017 19:26:30,000	-1,04	142,36
251	05.09.2017 19:26:40,000	-1,00	143,62
252	05.09.2017 19:26:50,000	-0,96	145,37
253	05.09.2017 19:27:00,000	-0,92	147,11
254	05.09.2017 19:27:10,000	-0,88	148,86
255	05.09.2017 19:27:20,000	-0,88	150,55
256	05.09.2017 19:27:30,000	-0,79	152,34
257	05.09.2017 19:27:40,000	-0,75	154,09
258	05.09.2017 19:27:50,000	-0,71	156,08
259	05.09.2017 19:28:00,000	-0,67	158,06
260	05.09.2017 19:28:10,000	-0,67	160,00
261	05.09.2017 19:28:20,000	-0,62	161,98
262	05.09.2017 19:28:30,000	-0,58	164,21
263	05.09.2017 19:28:40,000	-0,54	166,20
264	05.09.2017 19:28:50,000	-0,50	168,43
265	05.09.2017 19:29:00,000	-0,46	170,42
266	05.09.2017 19:29:10,000	-0,41	172,65
267	05.09.2017 19:29:20,000	-0,37	174,87
268	05.09.2017 19:29:30,000	-0,37	176,81
269	05.09.2017 19:29:40,000	-0,33	178,80
270	05.09.2017 19:29:50,000	-0,29	181,03
271	05.09.2017 19:30:00,000	-0,25	183,01
272	05.09.2017 19:30:10,000	-0,21	185,00
273	05.09.2017 19:30:20,000	-0,17	187,23
274	05.09.2017 19:30:30,000	-0,12	189,22
275	05.09.2017 19:30:40,000	-0,12	191,40
276	05.09.2017 19:30:50,000	-0,08	193,38
277	05.09.2017 19:31:00,000	-0,08	195,56
278	05.09.2017 19:31:10,000	-0,04	197,79
279	05.09.2017 19:31:20,000	-0,04	199,73
280	05.09.2017 19:31:30,000	-0,04	202,15
281	05.09.2017 19:31:40,000	0,00	204,38
282	05.09.2017 19:31:50,000	0,04	206,37
283	05.09.2017 19:32:00,000	0,04	208,79
284	05.09.2017 19:32:10,000	0,08	210,53
285	05.09.2017 19:32:20,000	0,12	212,76
286	05.09.2017 19:32:30,000	0,12	214,70
287	05.09.2017 19:32:40,000	0,12	216,88
288	05.09.2017 19:32:50,000	0,16	218,87
289	05.09.2017 19:33:00,000	0,16	220,80
290	05.09.2017 19:33:10,000	0,16	222,01
291	05.09.2017 19:33:20,000	0,20	223,27
292	05.09.2017 19:33:30,000	0,20	224,00
293	05.09.2017 19:33:40,000	0,20	224,97
294	05.09.2017 19:33:50,000	0,20	225,70
295	05.09.2017 19:34:00,000	0,20	225,94
296	05.09.2017 19:34:10,000	0,20	226,67
297	05.09.2017 19:34:20,000	0,20	227,15
298	05.09.2017 19:34:30,000	0,20	227,88
299	05.09.2017 19:34:40,000	0,20	228,60
300	05.09.2017 19:34:50,000	0,20	228,84
301	05.09.2017 19:35:00,000	0,20	229,33
302	05.09.2017 19:35:10,000	0,20	229,57
303	05.09.2017 19:35:20,000	0,20	230,06
304	05.09.2017 19:35:30,000	0,20	230,30
305	05.09.2017 19:35:40,000	0,20	230,78
306	05.09.2017 19:35:50,000	0,20	231,02
307	05.09.2017 19:36:00,000	0,20	231,51
308	05.09.2017 19:36:10,000	0,20	231,51
309	05.09.2017 19:36:20,000	0,20	231,99
310	05.09.2017 19:36:30,000	0,20	232,24
311	05.09.2017 19:36:40,000	0,20	232,48
312	05.09.2017 19:36:50,000	0,20	232,72
313	05.09.2017 19:37:00,000	0,20	233,20
314	05.09.2017 19:37:10,000	0,20	233,20
315	05.09.2017 19:37:20,000	0,20	233,45
316	05.09.2017 19:37:30,000	0,20	233,93
317	05.09.2017 19:37:40,000	0,20	234,17
318	05.09.2017 19:37:50,000	0,20	234,42
319	05.09.2017 19:38:00,000	0,20	234,66
320	05.09.2017 19:38:10,000	0,20	235,38
321	05.09.2017 19:38:20,000	0,20	235,14
322	05.09.2017 19:38:30,000	0,20	235,63
323	05.09.2017 19:38:40,000	0,20	236,11
324	05.09.2017 19:38:50,000	0,20	236,35
325	05.09.2017 19:39:00,000	0,20	236,84
326	05.09.2017 19:39:10,000	0,20	237,32
327	05.09.2017 19:39:20,000	0,20	237,56
328	05.09.2017 19:39:30,000	0,20	237,08
329	05.09.2017 19:39:40,000	0,20	237,32
330	05.09.2017 19:39:50,000	0,25	237,37
331	05.09.2017 19:40:00,000	0,25	237,13
332	05.09.2017 19:40:10,000	0,25	236,89
333	05.09.2017 19:40:20,000	0,25	236,89
334	05.09.2017 19:40:30,000	0,25	236,64
335	05.09.2017 19:40:40,000	0,25	236,64
336	05.09.2017 19:40:50,000	0,25	236,40
337	05.09.2017 19:41:00,000	0,25	235,92
338	05.09.2017 19:41:10,000	0,25	235,68
339	05.09.2017 19:41:20,000	0,25	235,43
340	05.09.2017 19:41:30,000	0,25	235,43
341	05.09.2017 19:41:40,000	0,25	235,43
342	05.09.2017 19:41:50,000	0,25	235,19
343	05.09.2017 19:42:00,000	0,25	234,95
344	05.09.2017 19:42:10,000	0,25	234,71
345	05.09.2017 19:42:20,000	0,25	234,46
346	05.09.2017 19:42:30,000	0,25	234,46
347	05.09.2017 19:42:40,000	0,25	233,98
348	05.09.2017 19:42:50,000	0,25	233,98
349	05.09.2017 19:43:00,000	0,25	233,98
350	05.09.2017 19:43:10,000	0,25	233,74
351	05.09.2017 19:43:20,000	0,25	233,50
352	05.09.2017 19:43:30,000	0,25	233,25
353	05.09.2017 19:43:40,000	0,20	232,72
354	05.09.2017 19:43:50,000	0,20	232,72
355	05.09.2017 19:44:00,000	0,20	232,24
356	05.09.2017 19:44:10,000	0,20	232,24
357	05.09.2017 19:44:20,000	0,20	232,48
358	05.09.2017 19:44:30,000	0,20	232,48
359	05.09.2017 19:44:40,000	0,20	232,48
360	05.09.2017 19:44:50,000	0,20	232,72
361	05.09.2017 19:45:00,000	0,20	232,72
362	05.09.2017 19:45:10,000	0,20	233,20
363	05.09.2017 19:45:20,000	0,20	232,96
364	05.09.2017 19:45:30,000	0,20	233,20
365	05.09.2017 19:45:40,000	0,20	233,20
366	05.09.2017 19:45:50,000	0,20	233,45
367	05.09.2017 19:46:00,000	0,25	233,25
368	05.09.2017 19:46:10,000	0,25	233,50
369	05.09.2017 19:46:20,000	0,25	233,50
370	05.09.2017 19:46:30,000	0,25	233,50
371	05.09.2017 19:46:40,000	0,25	233,74
372	05.09.2017 19:46:50,000	0,25	233,50
373	05.09.2017 19:47:00,000	0,25	233,50
374	05.09.2017 19:47:10,000	0,25	233,50
375	05.09.2017 19:47:20,000	0,25	233,50
376	05.09.2017 19:47:30,000	0,25	233,74
377	05.09.2017 19:47:40,000	0,25	233,50
378	05.09.2017 19:47:50,000	0,25	233,74
379	05.09.2017 19:48:00,000	0,25	233,50
380	05.09.2017 19:48:10,000	0,25	233,25
381	05.09.2017 19:48:20,000	0,25	233,50
382	05.09.2017 19:48:30,000	0,25	233,50
383	05.09.2017 19:48:40,000	0,25	233,50
384	05.09.2017 19:48:50,000	0,25	233,50
385	05.09.2017 19:49:00,000	0,25	233,25
386	05.09.2017 19:49:10,000	0,25	233,25
387	05.09.2017 19:49:20,000	0,25	232,77
388	05.09.2017 19:49:30,000	0,25	232,77
389	05.09.2017 19:49:40,000	0,25	232,28
390	05.09.2017 19:49:50,000	0,25	232,53
391	05.09.2017 19:50:00,000	0,25	232,04
392	05.09.2017 19:50:10,000	0,25	231,56
393	05.09.2017 19:50:20,000	0,25	231,80
394	05.09.2017 19:50:30,000	0,25	231,80
395	05.09.2017 19:50:40,000	0,25	231,56
396	05.09.2017 19:50:50,000	0,25	231,80
397	05.09.2017 19:51:00,000	0,25	231,56
398	05.09.2017 19:51:10,000	0,25	231,80
399	05.09.2017 19:51:20,000	0,25	231,56
400	05.09.2017 19:51:30,000	0,25	231,56
401	05.09.2017 19:51:40,000	0,25	231,56
402	05.09.2017 19:51:50,000	0,25	231,32
403	05.09.2017 19:52:00,000	0,25	231,56
404	05.09.2017 19:52:10,000	0,25	231,56
405	05.09.2017 19:52:20,000	0,25	231,80
406	05.09.2017 19:52:30,000	0,25	231,80
407	05.09.2017 19:52:40,000	0,25	231,80
408	05.09.2017 19:52:50,000	0,25	232,04
409	05.09.2017 19:53:00,000	0,25	231,80
410	05.09.2017 19:53:10,000	0,25	232,04
411	05.09.2017 19:53:20,000	0,25	232,04
412	05.09.2017 19:53:30,000	0,25	232,04
413	05.09.2017 19:53:40,000	0,25	232,04
414	05.09.2017 19:53:50,000	0,25	232,28
415	05.09.2017 19:54:00,000	0,25	232,04
416	05.09.2017 19:54:10,000	0,25	232,53
417	05.09.2017 19:54:20,000	0,25	232,53
418	05.09.2017 19:54:30,000	0,25	232,77
419	05.09.2017 19:54:40,000	0,25	232,77
420	05.09.2017 19:54:50,000	0,25	233,01
421	05.09.2017 19:55:00,000	0,25	233,01
422	05.09.2017 19:55:10,000	0,25	233,01
423	05.09.2017 19:55:20,000	0,25	233,01
424	05.09.2017 19:55:30,000	0,25	232,77
425	05.09.2017 19:55:40,000	0,25	232,77
426	05.09.2017 19:55:50,000	0,25	232,77
427	05.09.2017 19:56:00,000	0,25	233,01
428	05.09.2017 19:56:10,000	0,25	232,53
429	05.09.2017 19:56:20,000	0,25	232,53
430	05.09.2017 19:56:30,000	0,25	232,28
431	05.09.2017 19:56:40,000	0,25	232,28
432	05.09.2017 19:56:50,000	0,25	232,04
433	05.09.2017 19:57:00,000	0,25	232,04
434	05.09.2017 19:57:10,000	0,25	231,56
435	05.09.2017 19:57:20,000	0,25	231,56
436	05.09.2017 19:57:30,000	0,25	230,83
437	05.09.2017 19:57:40,000	0,25	230,83
438	05.09.2017 19:57:50,000	0,25	230,35
439	05.09.2017 19:58:00,000	0,25	230,11
440	05.09.2017 19:58:10,000	0,25	229,86
441	05.09.2017 19:58:20,000	0,25	229,38
442	05.09.2017 19:58:30,000	0,25	229,14
443	05.09.2017 19:58:40,000	0,25	228,41
444	05.09.2017 19:58:50,000	0,25	228,17
445	05.09.2017 19:59:00,000	0,25	227,93
446	05.09.2017 19:59:10,000	0,25	227,68
447	05.09.2017 19:59:20,000	0,25	227,20
448	05.09.2017 19:59:30,000	0,25	226,96
449	05.09.2017 19:59:40,000	0,25	226,23
450	05.09.2017 19:59:50,000	0,25	226,47
451	05.09.2017 20:00:00,000	0,20	225,70
452	05.09.2017 20:00:10,000	0,20	225,45
453	05.09.2017 20:00:20,000	0,20	225,21
454	05.09.2017 20:00:30,000	0,20	224,97
455	05.09.2017 20:00:40,000	0,20	224,73
456	05.09.2017 20:00:50,000	0,20	224,49
457	05.09.2017 20:01:00,000	0,20	224,24
458	05.09.2017 20:01:10,000	0,20	224,24
459	05.09.2017 20:01:20,000	0,20	224,00
460	05.09.2017 20:01:30,000	0,20	224,00
461	05.09.2017 20:01:40,000	0,20	224,00
462	05.09.2017 20:01:50,000	0,20	223,76
463	05.09.2017 20:02:00,000	0,20	223,76
464	05.09.2017 20:02:10,000	0,20	224,00
465	05.09.2017 20:02:20,000	0,20	223,76
466	05.09.2017 20:02:30,000	0,20	223,76
467	05.09.2017 20:02:40,000	0,20	223,76
468	05.09.2017 20:02:50,000	0,20	224,00
469	05.09.2017 20:03:00,000	0,20	224,00
470	05.09.2017 20:03:10,000	0,20	224,00
471	05.09.2017 20:03:20,000	0,20	223,76
472	05.09.2017 20:03:30,000	0,20	223,76
473	05.09.2017 20:03:40,000	0,20	223,76
474	05.09.2017 20:03:50,000	0,20	223,76
475	05.09.2017 20:04:00,000	0,20	223,76
476	05.09.2017 20:04:10,000	0,20	223,76
477	05.09.2017 20:04:20,000	0,20	223,52
478	05.09.2017 20:04:30,000	0,20	223,76
479	05.09.2017 20:04:40,000	0,20	223,52
480	05.09.2017 20:04:50,000	0,20	223,52
481	05.09.2017 20:05:00,000	0,20	223,27
482	05.09.2017 20:05:10,000	0,20	223,76
483	05.09.2017 20:05:20,000	0,20	223,52
484	05.09.2017 20:05:30,000	0,20	223,52
485	05.09.2017 20:05:40,000	0,20	223,76
486	05.09.2017 20:05:50,000	0,20	223,76
487	05.09.2017 20:06:00,000	0,20	223,76
488	05.09.2017 20:06:10,000	0,20	223,52
489	05.09.2017 20:06:20,000	0,20	223,76
490	05.09.2017 20:06:30,000	0,20	223,76
491	05.09.2017 20:06:40,000	0,20	223,76
492	05.09.2017 20:06:50,000	0,20	224,00
493	05.09.2017 20:07:00,000	0,20	223,76
494	05.09.2017 20:07:10,000	0,20	223,76
495	05.09.2017 20:07:20,000	0,20	223,76
496	05.09.2017 20:07:30,000	0,20	223,76
497	05.09.2017 20:07:40,000	0,20	223,76
498	05.09.2017 20:07:50,000	0,20	224,00
499	05.09.2017 20:08:00,000	0,20	224,00
500	05.09.2017 20:08:10,000	0,20	223,76
501	05.09.2017 20:08:20,000	0,20	223,76
502	05.09.2017 20:08:30,000	0,20	223,52
503	05.09.2017 20:08:40,000	0,20	223,76
504	05.09.2017 20:08:50,000	0,20	223,76
505	05.09.2017 20:09:00,000	0,20	223,52
506	05.09.2017 20:09:10,000	0,20	223,76
507	05.09.2017 20:09:20,000	0,20	223,52
508	05.09.2017 20:09:30,000	0,20	223,76
509	05.09.2017 20:09:40,000	0,20	224,00
510	05.09.2017 20:09:50,000	0,20	224,24
511	05.09.2017 20:10:00,000	0,20	224,73
512	05.09.2017 20:10:10,000	0,20	224,73
513	05.09.2017 20:10:20,000	0,20	224,97
514	05.09.2017 20:10:30,000	0,20	224,97
515	05.09.2017 20:10:40,000	0,20	225,70
516	05.09.2017 20:10:50,000	0,20	225,94
517	05.09.2017 20:11:00,000	0,20	226,18
518	05.09.2017 20:11:10,000	0,20	226,18
519	05.09.2017 20:11:20,000	0,20	226,42
520	05.09.2017 20:11:30,000	0,20	226,91
521	05.09.2017 20:11:40,000	0,20	227,15
522	05.09.2017 20:11:50,000	0,20	227,63
523	05.09.2017 20:12:00,000	0,20	227,39
524	05.09.2017 20:12:10,000	0,20	227,88
525	05.09.2017 20:12:20,000	0,20	227,63
526	05.09.2017 20:12:30,000	0,20	227,88
527	05.09.2017 20:12:40,000	0,20	227,88
528	05.09.2017 20:12:50,000	0,20	227,39
529	05.09.2017 20:13:00,000	0,20	227,39
530	05.09.2017 20:13:10,000	0,20	227,15
531	05.09.2017 20:13:20,000	0,20	226,67
532	05.09.2017 20:13:30,000	0,20	225,94
533	05.09.2017 20:13:40,000	0,20	225,21
534	05.09.2017 20:13:50,000	0,20	224,73
535	05.09.2017 20:14:00,000	0,20	224,24
536	05.09.2017 20:14:10,000	0,20	223,27
537	05.09.2017 20:14:20,000	0,20	222,79
538	05.09.2017 20:14:30,000	0,20	221,58
539	05.09.2017 20:14:40,000	0,20	221,10
540	05.09.2017 20:14:50,000	0,16	220,32
541	05.09.2017 20:15:00,000	0,16	219,83
542	05.09.2017 20:15:10,000	0,16	219,11
543	05.09.2017 20:15:20,000	0,16	218,62
544	05.09.2017 20:15:30,000	0,16	217,90
545	05.09.2017 20:15:40,000	0,16	217,17
546	05.09.2017 20:15:50,000	0,16	216,69
547	05.09.2017 20:16:00,000	0,16	216,20
548	05.09.2017 20:16:10,000	0,16	215,48
549	05.09.2017 20:16:20,000	0,16	214,75
550	05.09.2017 20:16:30,000	0,16	214,51
551	05.09.2017 20:16:40,000	0,16	214,02
552	05.09.2017 20:16:50,000	0,12	213,49
553	05.09.2017 20:17:00,000	0,12	213,00
554	05.09.2017 20:17:10,000	0,12	212,52
555	05.09.2017 20:17:20,000	0,12	212,52
556	05.09.2017 20:17:30,000	0,12	211,79
557	05.09.2017 20:17:40,000	0,12	211,55
558	05.09.2017 20:17:50,000	0,12	211,31
559	05.09.2017 20:18:00,000	0,12	210,58
560	05.09.2017 20:18:10,000	0,12	210,34
561	05.09.2017 20:18:20,000	0,12	209,61
562	05.09.2017 20:18:30,000	0,12	209,37
563	05.09.2017 20:18:40,000	0,12	208,89
564	05.09.2017 20:18:50,000	0,08	208,35
565	05.09.2017 20:19:00,000	0,08	207,38
566	05.09.2017 20:19:10,000	0,08	206,66
567	05.09.2017 20:19:20,000	0,08	205,93
568	05.09.2017 20:19:30,000	0,08	204,96
569	05.09.2017 20:19:40,000	0,08	203,75
570	05.09.2017 20:19:50,000	0,08	202,78
571	05.09.2017 20:20:00,000	0,04	201,77
572	05.09.2017 20:20:10,000	0,04	200,80
573	05.09.2017 20:20:20,000	0,04	199,59
574	05.09.2017 20:20:30,000	0,04	198,62
575	05.09.2017 20:20:40,000	0,04	197,89
576	05.09.2017 20:20:50,000	0,00	196,63
577	05.09.2017 20:21:00,000	0,00	195,66
578	05.09.2017 20:21:10,000	-0,04	194,64
579	05.09.2017 20:21:20,000	-0,04	193,43
580	05.09.2017 20:21:30,000	-0,04	192,71
581	05.09.2017 20:21:40,000	-0,08	191,69
582	05.09.2017 20:21:50,000	-0,08	190,72
583	05.09.2017 20:22:00,000	-0,12	189,70
584	05.09.2017 20:22:10,000	-0,12	188,49
585	05.09.2017 20:22:20,000	-0,12	187,76
586	05.09.2017 20:22:30,000	-0,17	186,99
587	05.09.2017 20:22:40,000	-0,17	185,53
588	05.09.2017 20:22:50,000	-0,21	184,52
589	05.09.2017 20:23:00,000	-0,21	183,55
590	05.09.2017 20:23:10,000	-0,21	182,58
591	05.09.2017 20:23:20,000	-0,25	181,32
592	05.09.2017 20:23:30,000	-0,25	180,35
593	05.09.2017 20:23:40,000	-0,25	179,14
594	05.09.2017 20:23:50,000	-0,25	177,93
595	05.09.2017 20:24:00,000	-0,29	176,67
596	05.09.2017 20:24:10,000	-0,29	175,70
597	05.09.2017 20:24:20,000	-0,29	174,49
598	05.09.2017 20:24:30,000	-0,33	173,47
599	05.09.2017 20:24:40,000	-0,33	172,26
600	05.09.2017 20:24:50,000	-0,33	171,05
601	05.09.2017 20:25:00,000	-0,37	169,79
602	05.09.2017 20:25:10,000	-0,37	168,58
603	05.09.2017 20:25:20,000	-0,37	167,37
604	05.09.2017 20:25:30,000	-0,37	166,40
605	05.09.2017 20:25:40,000	-0,41	164,66
606	05.09.2017 20:25:50,000	-0,41	163,45
607	05.09.2017 20:26:00,000	-0,41	161,99
608	05.09.2017 20:26:10,000	-0,41	160,78
609	05.09.2017 20:26:20,000	-0,46	159,04
610	05.09.2017 20:26:30,000	-0,46	157,10
611	05.09.2017 20:26:40,000	-0,50	155,36
612	05.09.2017 20:26:50,000	-0,54	152,89
613	05.09.2017 20:27:00,000	-0,62	151,09
614	05.09.2017 20:27:10,000	-0,62	148,43
615	05.09.2017 20:27:20,000	-0,67	146,44
616	05.09.2017 20:27:30,000	-0,75	143,92
617	05.09.2017 20:27:40,000	-0,79	141,45
618	05.09.2017 20:27:50,000	-0,83	138,74
619	05.09.2017 20:28:00,000	-0,92	135,98
620	05.09.2017 20:28:10,000	-1,00	133,46
621	05.09.2017 20:28:20,000	-1,13	130,65
622	05.09.2017 20:28:30,000	-1,17	128,18
623	05.09.2017 20:28:40,000	-1,21	124,98
624	05.09.2017 20:28:50,000	-1,30	122,46
625	05.09.2017 20:29:00,000	-1,30	119,56
626	05.09.2017 20:29:10,000	-1,34	116,61
627	05.09.2017 20:29:20,000	-1,34	113,46
628	05.09.2017 20:29:30,000	-1,34	110,80
629	05.09.2017 20:29:40,000	-1,34	107,90
630	05.09.2017 20:29:50,000	-1,34	105,00
631	05.09.2017 20:30:00,000	-1,34	102,10
632	05.09.2017 20:30:10,000	-1,30	99,73
633	05.09.2017 20:30:20,000	-1,30	97,07
634	05.09.2017 20:30:30,000	-1,30	94,65
635	05.09.2017 20:30:40,000	-1,26	92,29
636	05.09.2017 20:30:50,000	-1,21	89,92
637	05.09.2017 20:31:00,000	-1,21	87,74
638	05.09.2017 20:31:10,000	-1,17	85,62
639	05.09.2017 20:31:20,000	-1,04	83,60
640	05.09.2017 20:31:30,000	-0,75	81,29
641	05.09.2017 20:31:40,000	-0,54	79,61
642	05.09.2017 20:31:50,000	-0,54	77,67
643	05.09.2017 20:32:00,000	-0,54	75,98
644	05.09.2017 20:32:10,000	-0,50	74,58
645	05.09.2017 20:32:20,000	-0,46	72,70
646	05.09.2017 20:32:30,000	-0,46	71,01
647	05.09.2017 20:32:40,000	-0,37	69,18
648	05.09.2017 20:32:50,000	-0,33	67,54
649	05.09.2017 20:33:00,000	-0,29	66,14
650	05.09.2017 20:33:10,000	-0,17	64,35
651	05.09.2017 20:33:20,000	-0,04	62,81
652	05.09.2017 20:33:30,000	0,12	61,32
653	05.09.2017 20:33:40,000	0,37	59,93
654	05.09.2017 20:33:50,000	0,49	58,63
655	05.09.2017 20:34:00,000	0,41	57,56
656	05.09.2017 20:34:10,000	0,12	56,74
657	05.09.2017 20:34:20,000	-0,08	55,52
658	05.09.2017 20:34:30,000	-0,17	54,46
659	05.09.2017 20:34:40,000	-0,25	53,15
660	05.09.2017 20:34:50,000	-0,25	51,95
661	05.09.2017 20:35:00,000	-0,29	50,93
662	05.09.2017 20:35:10,000	-0,33	49,68
663	05.09.2017 20:35:20,000	-0,33	48,47
664	05.09.2017 20:35:30,000	-0,37	47,45
665	05.09.2017 20:35:40,000	-0,37	46,01
666	05.09.2017 20:35:50,000	-0,33	45,33
667	05.09.2017 20:36:00,000	-0,29	43,93
668	05.09.2017 20:36:10,000	-0,29	42,73
669	05.09.2017 20:36:20,000	-0,29	41,76
670	05.09.2017 20:36:30,000	-0,29	40,80
671	05.09.2017 20:36:40,000	-0,29	39,59
672	05.09.2017 20:36:50,000	-0,29	38,63
673	05.09.2017 20:37:00,000	-0,29	37,42
674	05.09.2017 20:37:10,000	-0,29	36,22
675	05.09.2017 20:37:20,000	-0,37	35,40
676	05.09.2017 20:37:30,000	-0,37	34,67
677	05.09.2017 20:37:40,000	-0,37	33,71
678	05.09.2017 20:37:50,000	-0,41	32,69
679	05.09.2017 20:38:00,000	-0,41	32,21
680	05.09.2017 20:38:10,000	-0,41	31,73
681	05.09.2017 20:38:20,000	-0,41	31,73
682	05.09.2017 20:38:30,000	-0,41	31,73
683	05.09.2017 20:38:40,000	-0,41	31,73
684	05.09.2017 20:38:50,000	-0,41	32,21
685	05.09.2017 20:39:00,000	-0,41	32,69
686	05.09.2017 20:39:10,000	-0,46	32,89
687	05.09.2017 20:39:20,000	-0,46	33,37
688	05.09.2017 20:39:30,000	-0,46	33,61
689	05.09.2017 20:39:40,000	-0,41	34,38
690	05.09.2017 20:39:50,000	-0,46	34,57
691	05.09.2017 20:40:00,000	-0,46	34,57
692	05.09.2017 20:40:10,000	-0,46	34,33
693	05.09.2017 20:40:20,000	-0,46	33,85
694	05.09.2017 20:40:30,000	-0,41	33,18
695	05.09.2017 20:40:40,000	-0,41	32,94
696	05.09.2017 20:40:50,000	-0,46	32,64
697	05.09.2017 20:41:00,000	-0,46	32,64
698	05.09.2017 20:41:10,000	-0,46	32,16
699	05.09.2017 20:41:20,000	-0,41	31,49
700	05.09.2017 20:41:30,000	-0,37	31,06
701	05.09.2017 20:41:40,000	-0,41	30,28
702	05.09.2017 20:41:50,000	-0,46	29,03
703	05.09.2017 20:42:00,000	-0,46	27,82
704	05.09.2017 20:42:10,000	-0,46	26,38
705	05.09.2017 20:42:20,000	-0,46	25,66
706	05.09.2017 20:42:30,000	-0,46	25,17
707	05.09.2017 20:42:40,000	-0,50	25,12
708	05.09.2017 20:42:50,000	-0,50	24,88
709	05.09.2017 20:43:00,000	-0,54	24,83
710	05.09.2017 20:43:10,000	-0,54	24,83
711	05.09.2017 20:43:20,000	-0,58	24,54
712	05.09.2017 20:43:30,000	-0,58	24,78
713	05.09.2017 20:43:40,000	-0,58	24,54
714	05.09.2017 20:43:50,000	-0,58	24,30
715	05.09.2017 20:44:00,000	-0,58	24,30
716	05.09.2017 20:44:10,000	-0,58	24,06
717	05.09.2017 20:44:20,000	-0,62	24,01
718	05.09.2017 20:44:30,000	-0,62	24,01
719	05.09.2017 20:44:40,000	-0,58	23,82
720	05.09.2017 20:44:50,000	-0,58	23,82
721	05.09.2017 20:45:00,000	-0,54	23,63
722	05.09.2017 20:45:10,000	-0,58	24,06
723	05.09.2017 20:45:20,000	-0,62	23,77
724	05.09.2017 20:45:30,000	-0,62	24,01
725	05.09.2017 20:45:40,000	-0,58	23,82
726	05.09.2017 20:45:50,000	-0,54	23,63
727	05.09.2017 20:46:00,000	-0,50	23,92
728	05.09.2017 20:46:10,000	-0,46	23,73
729	05.09.2017 20:46:20,000	-0,46	23,49
730	05.09.2017 20:46:30,000	-0,46	23,73
731	05.09.2017 20:46:40,000	-0,46	23,49
732	05.09.2017 20:46:50,000	-0,46	23,73
733	05.09.2017 20:47:00,000	-0,46	23,73
734	05.09.2017 20:47:10,000	-0,50	23,92
735	05.09.2017 20:47:20,000	-0,50	24,16
736	05.09.2017 20:47:30,000	-0,54	24,11
737	05.09.2017 20:47:40,000	-0,54	24,11
738	05.09.2017 20:47:50,000	-0,58	24,06
739	05.09.2017 20:48:00,000	-0,58	24,06
740	05.09.2017 20:48:10,000	-0,58	23,82
741	05.09.2017 20:48:20,000	-0,50	23,44
742	05.09.2017 20:48:30,000	-0,46	23,00
743	05.09.2017 20:48:40,000	-0,41	22,33
744	05.09.2017 20:48:50,000	-0,37	21,66
745	05.09.2017 20:49:00,000	-0,33	21,47
746	05.09.2017 20:49:10,000	-0,29	20,79
747	05.09.2017 20:49:20,000	-0,25	20,60
748	05.09.2017 20:49:30,000	-0,21	20,17
749	05.09.2017 20:49:40,000	-0,21	19,69
750	05.09.2017 20:49:50,000	-0,21	19,69
751	05.09.2017 20:50:00,000	-0,21	18,97
752	05.09.2017 20:50:10,000	-0,21	18,73
753	05.09.2017 20:50:20,000	-0,21	18,48
754	05.09.2017 20:50:30,000	-0,21	18,73
755	05.09.2017 20:50:40,000	-0,21	18,97
756	05.09.2017 20:50:50,000	-0,21	18,97
757	05.09.2017 20:51:00,000	-0,25	18,92
758	05.09.2017 20:51:10,000	-0,21	18,73
759	05.09.2017 20:51:20,000	-0,25	18,68
760	05.09.2017 20:51:30,000	-0,25	18,68
761	05.09.2017 20:51:40,000	-0,21	18,24
762	05.09.2017 20:51:50,000	-0,17	18,05
763	05.09.2017 20:52:00,000	-0,12	18,10
764	05.09.2017 20:52:10,000	-0,12	18,34
765	05.09.2017 20:52:20,000	-0,08	18,39
766	05.09.2017 20:52:30,000	-0,08	18,15
767	05.09.2017 20:52:40,000	-0,04	17,96
768	05.09.2017 20:52:50,000	-0,04	17,96
769	05.09.2017 20:53:00,000	-0,04	17,96
770	05.09.2017 20:53:10,000	0,00	17,29
771	05.09.2017 20:53:20,000	-0,08	17,19
772	05.09.2017 20:53:30,000	-0,04	17,72
773	05.09.2017 20:53:40,000	-0,04	17,96
774	05.09.2017 20:53:50,000	0,00	18,01
775	05.09.2017 20:54:00,000	0,00	18,01
776	05.09.2017 20:54:10,000	0,00	17,77
777	05.09.2017 20:54:20,000	0,04	17,34
778	05.09.2017 20:54:30,000	0,04	17,58
779	05.09.2017 20:54:40,000	0,04	17,58
780	05.09.2017 20:54:50,000	0,04	17,34
781	05.09.2017 20:55:00,000	0,04	17,34
782	05.09.2017 20:55:10,000	0,04	17,34
783	05.09.2017 20:55:20,000	0,00	17,29
784	05.09.2017 20:55:30,000	0,00	17,29
785	05.09.2017 20:55:40,000	0,00	17,05
786	05.09.2017 20:55:50,000	0,00	17,77
787	05.09.2017 20:56:00,000	0,00	17,53
788	05.09.2017 20:56:10,000	0,00	17,77
789	05.09.2017 20:56:20,000	0,00	18,01
790	05.09.2017 20:56:30,000	0,00	18,01
791	05.09.2017 20:56:40,000	0,00	18,01
792	05.09.2017 20:56:50,000	0,00	18,01
793	05.09.2017 20:57:00,000	0,00	18,01
794	05.09.2017 20:57:10,000	0,00	18,01
795	05.09.2017 20:57:20,000	0,00	18,01
796	05.09.2017 20:57:30,000	0,00	18,49
797	05.09.2017 20:57:40,000	0,00	18,25
798	05.09.2017 20:57:50,000	0,00	18,49
799	05.09.2017 20:58:00,000	0,00	18,73
800	05.09.2017 20:58:10,000	0,00	18,73
801	05.09.2017 20:58:20,000	0,00	18,73
802	05.09.2017 20:58:30,000	-0,04	18,68
803	05.09.2017 20:58:40,000	-0,04	18,92
804	05.09.2017 20:58:50,000	-0,04	18,68
805	05.09.2017 20:59:00,000	-0,04	18,92
806	05.09.2017 20:59:10,000	-0,04	18,68
807	05.09.2017 20:59:20,000	-0,04	18,92
808	05.09.2017 20:59:30,000	-0,04	18,68
809	05.09.2017 20:59:40,000	-0,04	18,68
810	05.09.2017 20:59:50,000	-0,04	18,68
811	05.09.2017 21:00:00,000	-0,08	18,63
812	05.09.2017 21:00:10,000	-0,08	17,67
813	05.09.2017 21:00:20,000	-0,04	15,79
814	05.09.2017 21:00:30,000	-0,04	14,83
815	05.09.2017 21:00:40,000	-0,04	14,11
816	05.09.2017 21:00:50,000	0,00	13,91
817	05.09.2017 21:01:00,000	0,04	13,96
818	05.09.2017 21:01:10,000	0,00	14,40
819	05.09.2017 21:01:20,000	0,04	14,93
820	05.09.2017 21:01:30,000	0,04	14,93
821	05.09.2017 21:01:40,000	0,04	15,17
822	05.09.2017 21:01:50,000	0,00	15,36
823	05.09.2017 21:02:00,000	-0,08	15,74
824	05.09.2017 21:02:10,000	-0,08	15,50
825	05.09.2017 21:02:20,000	-0,08	14,30
826	05.09.2017 21:02:30,000	0,00	13,43
827	05.09.2017 21:02:40,000	0,29	12,33
828	05.09.2017 21:02:50,000	0,69	11,14
829	05.09.2017 21:03:00,000	1,06	10,61
830	05.09.2017 21:03:10,000	1,65	9,89
831	05.09.2017 21:03:20,000	2,09	9,94
832	05.09.2017 21:03:30,000	2,28	9,94
833	05.09.2017 21:03:40,000	2,52	10,22
834	05.09.2017 21:03:50,000	2,79	9,59
835	05.09.2017 21:04:00,000	3,02	8,91
836	05.09.2017 21:04:10,000	3,21	7,70
837	05.09.2017 21:04:20,000	3,36	6,92
838	05.09.2017 21:04:30,000	3,43	6,29
839	05.09.2017 21:04:40,000	3,51	5,42
840	05.09.2017 21:04:50,000	3,59	4,79
841	05.09.2017 21:05:00,000	3,66	3,68
842	05.09.2017 21:05:10,000	3,77	2,86
843	05.09.2017 21:05:20,000	3,89	1,31
844	05.09.2017 21:05:30,000	4,00	0,00
845	05.09.2017 21:05:40,000	4,11	0,00
846	05.09.2017 21:05:50,000	4,11	0,00
847	05.09.2017 21:06:00,000	4,11	0,00
848	05.09.2017 21:06:10,000	4,11	0,00
849	05.09.2017 21:06:20,000	4,11	0,00
850	05.09.2017 21:06:30,000	4,11	0,00
851	05.09.2017 21:06:40,000	4,11	0,00
852	05.09.2017 21:06:50,000	4,11	0,00
853	05.09.2017 21:07:00,000	4,11	0,00
854	05.09.2017 21:07:10,000	4,11	0,00
855	05.09.2017 21:07:20,000	4,11	0,00
856	05.09.2017 21:07:30,000	4,11	0,00
857	05.09.2017 21:07:40,000	4,11	0,00
858	05.09.2017 21:07:50,000	4,11	0,00
859	05.09.2017 21:08:00,000	4,11	0,00
860	05.09.2017 21:08:10,000	4,11	0,00
861	05.09.2017 21:08:20,000	4,11	0,00
862	05.09.2017 21:08:30,000	4,11	0,00
863	05.09.2017 21:08:40,000	4,11	0,00
864	05.09.2017 21:08:50,000	4,11	0,00
865	05.09.2017 21:09:00,000	4,11	0,00
866	05.09.2017 21:09:10,000	4,11	0,00
867	05.09.2017 21:09:20,000	4,11	0,00
868	05.09.2017 21:09:30,000	4,11	0,00
869	05.09.2017 21:09:40,000	4,15	0,00
870	05.09.2017 21:09:50,000	4,15	0,00
871	05.09.2017 21:10:00,000	4,15	0,00
872	05.09.2017 21:10:10,000	4,15	0,00
873	05.09.2017 21:10:20,000	4,15	0,00
874	05.09.2017 21:10:30,000	4,15	0,00
875	05.09.2017 21:10:40,000	4,15	0,00
876	05.09.2017 21:10:50,000	4,15	0,00
877	05.09.2017 21:11:00,000	4,15	0,00
878	05.09.2017 21:11:10,000	4,19	0,00
879	05.09.2017 21:11:20,000	4,19	0,00
880	05.09.2017 21:11:30,000	4,19	0,00
881	05.09.2017 21:11:40,000	4,19	0,00
882	05.09.2017 21:11:50,000	4,19	0,00
883	05.09.2017 21:12:00,000	4,22	0,00
884	05.09.2017 21:12:10,000	4,22	0,00
885	05.09.2017 21:12:20,000	4,22	0,00
886	05.09.2017 21:12:30,000	4,26	0,00
887	05.09.2017 21:12:40,000	4,26	0,00
888	05.09.2017 21:12:50,000	4,26	0,00
889	05.09.2017 21:13:00,000	4,26	0,00
890	05.09.2017 21:13:10,000	4,30	0,00
891	05.09.2017 21:13:20,000	4,30	0,00
892	05.09.2017 21:13:30,000	4,30	0,00
893	05.09.2017 21:13:40,000	4,33	0,00
894	05.09.2017 21:13:50,000	4,33	0,00
895	05.09.2017 21:14:00,000	4,33	0,00
896	05.09.2017 21:14:10,000	4,37	0,00
897	05.09.2017 21:14:20,000	4,37	0,00
898	05.09.2017 21:14:30,000	4,41	0,00
899	05.09.2017 21:14:40,000	4,41	0,00
900	05.09.2017 21:14:50,000	4,41	0,00
901	05.09.2017 21:15:00,000	4,45	0,00
902	05.09.2017 21:15:10,000	4,45	0,00
903	05.09.2017 21:15:20,000	4,45	0,00
904	05.09.2017 21:15:30,000	4,48	0,00
905	05.09.2017 21:15:40,000	4,48	0,00
906	05.09.2017 21:15:50,000	4,48	0,00
907	05.09.2017 21:16:00,000	4,52	0,00
908	05.09.2017 21:16:10,000	4,52	0,00
909	05.09.2017 21:16:20,000	4,56	0,00
910	05.09.2017 21:16:30,000	4,56	0,00
911	05.09.2017 21:16:40,000	4,59	0,00
912	05.09.2017 21:16:50,000	5,43	0,00
