#B	Created:	29.08.2017 09:10:07
##	Version	SeaStar	7.49
#5	Field separation:	0
#2	Date & Time:	1
#6	Decimal point:	,
#7	Date def.:	dd.mm.yyyy	.
#8	Time def.:	:
##	Axis	0	Temperature(°C)	clRed	FALSE
##	Axis	1	Depth(m)	clBlue	TRUE
##	Series	0	Temp(°C)	clRed	0	Temp(°C)	2
##	Series	1	Depth(m)	clBlue	1	Depth(m)	2
##	Recorder	4	DST centi	8762
##	Chart	4C8762DAT	
#D	Data:	185	29.08.2017 08:39:00	29.08.2017 09:09:40
1	29.08.2017 08:39:00,000	22,16	1,17
2	29.08.2017 08:39:10,000	22,16	0,93
3	29.08.2017 08:39:20,000	22,16	1,17
4	29.08.2017 08:39:30,000	22,16	1,17
5	29.08.2017 08:39:40,000	22,16	1,17
6	29.08.2017 08:39:50,000	22,16	1,17
7	29.08.2017 08:40:00,000	22,13	1,13
8	29.08.2017 08:40:10,000	22,13	1,13
9	29.08.2017 08:40:20,000	22,13	1,13
10	29.08.2017 08:40:30,000	22,13	1,13
11	29.08.2017 08:40:40,000	22,13	1,13
12	29.08.2017 08:40:50,000	22,10	1,10
13	29.08.2017 08:41:00,000	22,10	1,10
14	29.08.2017 08:41:10,000	22,10	1,10
15	29.08.2017 08:41:20,000	22,10	1,10
16	29.08.2017 08:41:30,000	22,10	1,34
17	29.08.2017 08:41:40,000	22,10	1,34
18	29.08.2017 08:41:50,000	22,08	1,06
19	29.08.2017 08:42:00,000	22,08	1,06
20	29.08.2017 08:42:10,000	22,08	1,06
21	29.08.2017 08:42:20,000	22,08	1,06
22	29.08.2017 08:42:30,000	22,08	1,06
23	29.08.2017 08:42:40,000	22,05	1,03
24	29.08.2017 08:42:50,000	22,05	1,03
25	29.08.2017 08:43:00,000	22,05	1,27
26	29.08.2017 08:43:10,000	22,02	1,24
27	29.08.2017 08:43:20,000	22,02	1,24
28	29.08.2017 08:43:30,000	22,02	1,24
29	29.08.2017 08:43:40,000	22,02	1,24
30	29.08.2017 08:43:50,000	21,99	1,20
31	29.08.2017 08:44:00,000	21,99	1,20
32	29.08.2017 08:44:10,000	21,96	1,41
33	29.08.2017 08:44:20,000	21,96	1,17
34	29.08.2017 08:44:30,000	21,96	1,41
35	29.08.2017 08:44:40,000	21,93	1,13
36	29.08.2017 08:44:50,000	21,93	1,13
37	29.08.2017 08:45:00,000	21,90	1,34
38	29.08.2017 08:45:10,000	21,90	1,10
39	29.08.2017 08:45:20,000	21,90	1,34
40	29.08.2017 08:45:30,000	21,87	1,31
41	29.08.2017 08:45:40,000	21,84	1,03
42	29.08.2017 08:45:50,000	21,84	1,27
43	29.08.2017 08:46:00,000	21,81	1,24
44	29.08.2017 08:46:10,000	21,52	1,62
45	29.08.2017 08:46:20,000	21,20	1,72
46	29.08.2017 08:46:30,000	20,94	1,89
47	29.08.2017 08:46:40,000	20,68	2,06
48	29.08.2017 08:46:50,000	20,41	2,23
49	29.08.2017 08:47:00,000	15,59	10,65
50	29.08.2017 08:47:10,000	12,00	10,37
51	29.08.2017 08:47:20,000	11,04	8,22
52	29.08.2017 08:47:30,000	10,68	8,02
53	29.08.2017 08:47:40,000	9,99	8,86
54	29.08.2017 08:47:50,000	9,49	10,41
55	29.08.2017 08:48:00,000	8,99	11,95
56	29.08.2017 08:48:10,000	8,59	13,86
57	29.08.2017 08:48:20,000	8,25	14,64
58	29.08.2017 08:48:30,000	8,14	14,28
59	29.08.2017 08:48:40,000	8,04	14,15
60	29.08.2017 08:48:50,000	7,97	13,82
61	29.08.2017 08:49:00,000	7,73	13,04
62	29.08.2017 08:49:10,000	7,63	10,99
63	29.08.2017 08:49:20,000	7,56	8,98
64	29.08.2017 08:49:30,000	7,42	7,12
65	29.08.2017 08:49:40,000	7,18	5,37
66	29.08.2017 08:49:50,000	6,97	4,39
67	29.08.2017 08:50:00,000	6,58	4,40
68	29.08.2017 08:50:10,000	6,44	4,22
69	29.08.2017 08:50:20,000	6,37	3,89
70	29.08.2017 08:50:30,000	6,22	3,96
71	29.08.2017 08:50:40,000	5,94	3,60
72	29.08.2017 08:50:50,000	5,72	5,02
73	29.08.2017 08:51:00,000	5,58	6,77
74	29.08.2017 08:51:10,000	5,51	8,36
75	29.08.2017 08:51:20,000	5,51	9,81
76	29.08.2017 08:51:30,000	5,51	11,73
77	29.08.2017 08:51:40,000	5,47	13,86
78	29.08.2017 08:51:50,000	5,07	19,38
79	29.08.2017 08:52:00,000	4,63	24,14
80	29.08.2017 08:52:10,000	4,04	28,47
81	29.08.2017 08:52:20,000	3,28	33,81
82	29.08.2017 08:52:30,000	2,44	38,56
83	29.08.2017 08:52:40,000	2,13	42,76
84	29.08.2017 08:52:50,000	2,09	47,05
85	29.08.2017 08:53:00,000	2,01	51,78
86	29.08.2017 08:53:10,000	1,69	56,71
87	29.08.2017 08:53:20,000	1,38	61,15
88	29.08.2017 08:53:30,000	1,10	66,12
89	29.08.2017 08:53:40,000	1,02	69,40
90	29.08.2017 08:53:50,000	0,98	70,32
91	29.08.2017 08:54:00,000	0,90	72,88
92	29.08.2017 08:54:10,000	0,81	74,47
93	29.08.2017 08:54:20,000	0,73	75,10
94	29.08.2017 08:54:30,000	0,73	75,10
95	29.08.2017 08:54:40,000	0,73	75,82
96	29.08.2017 08:54:50,000	0,69	77,46
97	29.08.2017 08:55:00,000	0,65	77,17
98	29.08.2017 08:55:10,000	0,61	77,13
99	29.08.2017 08:55:20,000	0,61	77,13
100	29.08.2017 08:55:30,000	0,57	77,08
101	29.08.2017 08:55:40,000	0,57	77,08
102	29.08.2017 08:55:50,000	0,53	77,03
103	29.08.2017 08:56:00,000	0,57	77,08
104	29.08.2017 08:56:10,000	0,57	77,08
105	29.08.2017 08:56:20,000	0,53	74,61
106	29.08.2017 08:56:30,000	0,49	69,97
107	29.08.2017 08:56:40,000	0,49	64,90
108	29.08.2017 08:56:50,000	0,45	60,03
109	29.08.2017 08:57:00,000	0,45	54,96
110	29.08.2017 08:57:10,000	0,45	50,37
111	29.08.2017 08:57:20,000	0,49	45,60
112	29.08.2017 08:57:30,000	0,53	41,79
113	29.08.2017 08:57:40,000	0,65	39,76
114	29.08.2017 08:57:50,000	0,69	39,33
115	29.08.2017 08:58:00,000	0,69	39,33
116	29.08.2017 08:58:10,000	0,69	39,33
117	29.08.2017 08:58:20,000	0,73	39,62
118	29.08.2017 08:58:30,000	0,77	39,91
119	29.08.2017 08:58:40,000	0,77	39,91
120	29.08.2017 08:58:50,000	0,86	37,11
121	29.08.2017 08:59:00,000	0,86	32,53
122	29.08.2017 08:59:10,000	0,81	27,66
123	29.08.2017 08:59:20,000	0,65	23,13
124	29.08.2017 08:59:30,000	0,57	18,46
125	29.08.2017 08:59:40,000	0,53	14,07
126	29.08.2017 08:59:50,000	0,49	12,58
127	29.08.2017 09:00:00,000	0,49	10,65
128	29.08.2017 09:00:10,000	0,49	9,45
129	29.08.2017 09:00:20,000	0,61	9,60
130	29.08.2017 09:00:30,000	0,69	9,45
131	29.08.2017 09:00:40,000	0,73	9,50
132	29.08.2017 09:00:50,000	0,73	9,26
133	29.08.2017 09:01:00,000	0,77	9,55
134	29.08.2017 09:01:10,000	0,81	9,12
135	29.08.2017 09:01:20,000	0,94	7,82
136	29.08.2017 09:01:30,000	1,02	5,75
137	29.08.2017 09:01:40,000	1,22	4,79
138	29.08.2017 09:01:50,000	1,42	3,83
139	29.08.2017 09:02:00,000	1,73	2,53
140	29.08.2017 09:02:10,000	2,59	1,89
141	29.08.2017 09:02:20,000	2,86	2,22
142	29.08.2017 09:02:30,000	3,02	1,93
143	29.08.2017 09:02:40,000	3,36	2,11
144	29.08.2017 09:02:50,000	3,47	2,73
145	29.08.2017 09:03:00,000	3,51	3,02
146	29.08.2017 09:03:10,000	3,59	2,87
147	29.08.2017 09:03:20,000	3,62	3,16
148	29.08.2017 09:03:30,000	3,77	3,10
149	29.08.2017 09:03:40,000	3,81	4,83
150	29.08.2017 09:03:50,000	3,81	7,24
151	29.08.2017 09:04:00,000	3,92	6,65
152	29.08.2017 09:04:10,000	4,04	3,18
153	29.08.2017 09:04:20,000	4,15	0,00
154	29.08.2017 09:04:30,000	4,19	0,00
155	29.08.2017 09:04:40,000	4,19	0,00
156	29.08.2017 09:04:50,000	4,19	0,24
157	29.08.2017 09:05:00,000	4,19	0,24
158	29.08.2017 09:05:10,000	4,15	0,19
159	29.08.2017 09:05:20,000	4,15	0,00
160	29.08.2017 09:05:30,000	4,15	0,19
161	29.08.2017 09:05:40,000	4,15	0,19
162	29.08.2017 09:05:50,000	4,15	0,19
163	29.08.2017 09:06:00,000	4,15	0,19
164	29.08.2017 09:06:10,000	4,15	0,19
165	29.08.2017 09:06:20,000	4,15	0,19
166	29.08.2017 09:06:30,000	4,15	0,19
167	29.08.2017 09:06:40,000	4,11	0,15
168	29.08.2017 09:06:50,000	4,11	0,15
169	29.08.2017 09:07:00,000	4,11	0,15
170	29.08.2017 09:07:10,000	4,11	0,15
171	29.08.2017 09:07:20,000	4,11	0,15
172	29.08.2017 09:07:30,000	4,11	0,15
173	29.08.2017 09:07:40,000	4,11	0,15
174	29.08.2017 09:07:50,000	4,11	0,15
175	29.08.2017 09:08:00,000	4,11	0,15
176	29.08.2017 09:08:10,000	4,11	0,15
177	29.08.2017 09:08:20,000	4,11	0,15
178	29.08.2017 09:08:30,000	4,11	0,15
179	29.08.2017 09:08:40,000	4,11	0,15
180	29.08.2017 09:08:50,000	4,11	0,15
181	29.08.2017 09:09:00,000	4,11	0,15
182	29.08.2017 09:09:10,000	4,11	0,15
183	29.08.2017 09:09:20,000	4,15	0,19
184	29.08.2017 09:09:30,000	4,15	0,19
