#B	Created:	29.08.2017 09:13:20
##	Version	SeaStar	7.49
#5	Field separation:	0
#2	Date & Time:	1
#6	Decimal point:	,
#7	Date def.:	dd.mm.yyyy	.
#8	Time def.:	:
##	Axis	0	Temperature(°C)	clRed	FALSE
##	Axis	1	Depth(m)	clBlue	TRUE
##	Series	0	Temp(°C)	clRed	0	Temp(°C)	2
##	Series	1	Depth(m)	clBlue	1	Depth(m)	2
##	Recorder	3	DST centi	8765
##	Chart	3C8765DAT	
#D	Data:	199	29.08.2017 08:40:00	29.08.2017 09:13:00
1	29.08.2017 08:40:00,000	21,69	3,30
2	29.08.2017 08:40:10,000	21,66	3,06
3	29.08.2017 08:40:20,000	21,66	3,06
4	29.08.2017 08:40:30,000	21,66	3,06
5	29.08.2017 08:40:40,000	21,66	3,06
6	29.08.2017 08:40:50,000	21,63	2,82
7	29.08.2017 08:41:00,000	21,63	3,06
8	29.08.2017 08:41:10,000	21,63	3,06
9	29.08.2017 08:41:20,000	21,60	3,30
10	29.08.2017 08:41:30,000	21,60	3,06
11	29.08.2017 08:41:40,000	21,60	3,06
12	29.08.2017 08:41:50,000	21,60	3,06
13	29.08.2017 08:42:00,000	21,57	3,06
14	29.08.2017 08:42:10,000	21,57	3,30
15	29.08.2017 08:42:20,000	21,55	3,06
16	29.08.2017 08:42:30,000	21,55	3,06
17	29.08.2017 08:42:40,000	21,55	3,06
18	29.08.2017 08:42:50,000	21,52	3,06
19	29.08.2017 08:43:00,000	21,52	3,06
20	29.08.2017 08:43:10,000	21,49	3,06
21	29.08.2017 08:43:20,000	21,49	3,30
22	29.08.2017 08:43:30,000	21,46	3,30
23	29.08.2017 08:43:40,000	21,46	3,30
24	29.08.2017 08:43:50,000	21,43	3,30
25	29.08.2017 08:44:00,000	21,43	3,30
26	29.08.2017 08:44:10,000	21,40	3,30
27	29.08.2017 08:44:20,000	21,40	3,06
28	29.08.2017 08:44:30,000	21,37	3,06
29	29.08.2017 08:44:40,000	21,34	3,30
30	29.08.2017 08:44:50,000	21,34	3,06
31	29.08.2017 08:45:00,000	21,31	3,30
32	29.08.2017 08:45:10,000	21,28	3,30
33	29.08.2017 08:45:20,000	21,28	3,30
34	29.08.2017 08:45:30,000	21,25	3,06
35	29.08.2017 08:45:40,000	21,23	3,06
36	29.08.2017 08:45:50,000	21,23	3,30
37	29.08.2017 08:46:00,000	21,17	3,30
38	29.08.2017 08:46:10,000	21,14	3,06
39	29.08.2017 08:46:20,000	21,08	3,06
40	29.08.2017 08:46:30,000	21,02	3,06
41	29.08.2017 08:46:40,000	20,96	3,30
42	29.08.2017 08:46:50,000	20,88	3,30
43	29.08.2017 08:47:00,000	17,20	9,15
44	29.08.2017 08:47:10,000	15,46	7,28
45	29.08.2017 08:47:20,000	14,85	6,49
46	29.08.2017 08:47:30,000	14,42	7,91
47	29.08.2017 08:47:40,000	13,81	9,23
48	29.08.2017 08:47:50,000	13,34	10,87
49	29.08.2017 08:48:00,000	13,15	11,95
50	29.08.2017 08:48:10,000	13,09	13,80
51	29.08.2017 08:48:20,000	13,00	14,93
52	29.08.2017 08:48:30,000	12,72	15,25
53	29.08.2017 08:48:40,000	12,43	15,33
54	29.08.2017 08:48:50,000	12,09	15,38
55	29.08.2017 08:49:00,000	11,64	14,43
56	29.08.2017 08:49:10,000	11,29	12,59
57	29.08.2017 08:49:20,000	10,84	10,69
58	29.08.2017 08:49:30,000	10,52	8,62
59	29.08.2017 08:49:40,000	10,22	6,34
60	29.08.2017 08:49:50,000	9,89	5,22
61	29.08.2017 08:50:00,000	9,57	5,28
62	29.08.2017 08:50:10,000	9,30	5,13
63	29.08.2017 08:50:20,000	9,07	5,01
64	29.08.2017 08:50:30,000	8,90	5,15
65	29.08.2017 08:50:40,000	8,43	4,90
66	29.08.2017 08:50:50,000	7,79	6,21
67	29.08.2017 08:51:00,000	7,55	7,50
68	29.08.2017 08:51:10,000	7,41	9,07
69	29.08.2017 08:51:20,000	7,31	10,67
70	29.08.2017 08:51:30,000	7,24	12,52
71	29.08.2017 08:51:40,000	7,13	15,06
72	29.08.2017 08:51:50,000	6,33	21,25
73	29.08.2017 08:52:00,000	5,69	25,88
74	29.08.2017 08:52:10,000	5,19	30,57
75	29.08.2017 08:52:20,000	4,79	35,09
76	29.08.2017 08:52:30,000	4,65	39,50
77	29.08.2017 08:52:40,000	4,61	43,72
78	29.08.2017 08:52:50,000	4,46	48,84
79	29.08.2017 08:53:00,000	4,13	53,62
80	29.08.2017 08:53:10,000	3,80	58,41
81	29.08.2017 08:53:20,000	3,46	63,43
82	29.08.2017 08:53:30,000	3,12	68,22
83	29.08.2017 08:53:40,000	2,90	71,41
84	29.08.2017 08:53:50,000	2,93	72,37
85	29.08.2017 08:54:00,000	2,93	74,96
86	29.08.2017 08:54:10,000	2,86	76,57
87	29.08.2017 08:54:20,000	2,78	77,24
88	29.08.2017 08:54:30,000	2,63	77,17
89	29.08.2017 08:54:40,000	2,48	77,81
90	29.08.2017 08:54:50,000	2,40	79,42
91	29.08.2017 08:55:00,000	2,28	79,37
92	29.08.2017 08:55:10,000	2,17	79,31
93	29.08.2017 08:55:20,000	2,05	79,26
94	29.08.2017 08:55:30,000	1,93	78,98
95	29.08.2017 08:55:40,000	1,90	79,19
96	29.08.2017 08:55:50,000	1,86	79,18
97	29.08.2017 08:56:00,000	1,82	78,92
98	29.08.2017 08:56:10,000	1,78	79,38
99	29.08.2017 08:56:20,000	1,66	76,97
100	29.08.2017 08:56:30,000	1,46	71,94
101	29.08.2017 08:56:40,000	1,19	66,88
102	29.08.2017 08:56:50,000	1,03	62,10
103	29.08.2017 08:57:00,000	0,91	57,10
104	29.08.2017 08:57:10,000	0,87	52,37
105	29.08.2017 08:57:20,000	0,87	47,66
106	29.08.2017 08:57:30,000	0,91	43,66
107	29.08.2017 08:57:40,000	0,91	41,54
108	29.08.2017 08:57:50,000	0,91	41,07
109	29.08.2017 08:58:00,000	0,91	41,07
110	29.08.2017 08:58:10,000	0,95	41,09
111	29.08.2017 08:58:20,000	0,95	41,09
112	29.08.2017 08:58:30,000	0,95	41,32
113	29.08.2017 08:58:40,000	0,95	41,56
114	29.08.2017 08:58:50,000	0,99	38,51
115	29.08.2017 08:59:00,000	0,99	34,03
116	29.08.2017 08:59:10,000	0,99	29,08
117	29.08.2017 08:59:20,000	0,99	24,36
118	29.08.2017 08:59:30,000	0,95	19,62
119	29.08.2017 08:59:40,000	0,83	15,09
120	29.08.2017 08:59:50,000	0,75	13,88
121	29.08.2017 09:00:00,000	0,71	11,97
122	29.08.2017 09:00:10,000	0,75	10,57
123	29.08.2017 09:00:20,000	0,75	10,81
124	29.08.2017 09:00:30,000	0,79	10,82
125	29.08.2017 09:00:40,000	21,78	3,70
126	29.08.2017 09:00:50,000	0,83	10,60
127	29.08.2017 09:01:00,000	0,87	10,62
128	29.08.2017 09:01:10,000	0,91	10,64
129	29.08.2017 09:01:20,000	1,03	9,04
130	29.08.2017 09:01:30,000	1,19	7,21
131	29.08.2017 09:01:40,000	1,43	6,37
132	29.08.2017 09:01:50,000	1,66	5,53
133	29.08.2017 09:02:00,000	1,86	4,44
134	29.08.2017 09:02:10,000	2,32	3,70
135	29.08.2017 09:02:20,000	2,51	3,30
136	29.08.2017 09:02:30,000	2,63	3,30
137	29.08.2017 09:02:40,000	2,74	3,30
138	29.08.2017 09:02:50,000	2,86	3,53
139	29.08.2017 09:03:00,000	2,90	3,97
140	29.08.2017 09:03:10,000	2,97	3,53
141	29.08.2017 09:03:20,000	3,05	3,80
142	29.08.2017 09:03:30,000	3,12	3,53
143	29.08.2017 09:03:40,000	3,16	5,27
144	29.08.2017 09:03:50,000	3,24	7,67
145	29.08.2017 09:04:00,000	3,31	7,23
146	29.08.2017 09:04:10,000	3,42	3,98
147	29.08.2017 09:04:20,000	3,76	0,46
148	29.08.2017 09:04:30,000	3,84	0,93
149	29.08.2017 09:04:40,000	3,84	1,17
150	29.08.2017 09:04:50,000	3,87	0,93
151	29.08.2017 09:05:00,000	3,87	0,93
152	29.08.2017 09:05:10,000	3,87	1,17
153	29.08.2017 09:05:20,000	3,87	1,17
154	29.08.2017 09:05:30,000	3,87	1,17
155	29.08.2017 09:05:40,000	3,87	1,41
156	29.08.2017 09:05:50,000	3,87	1,17
157	29.08.2017 09:06:00,000	3,87	1,17
158	29.08.2017 09:06:10,000	3,87	1,41
159	29.08.2017 09:06:20,000	3,87	1,17
160	29.08.2017 09:06:30,000	3,87	1,17
161	29.08.2017 09:06:40,000	3,87	1,41
162	29.08.2017 09:06:50,000	3,87	1,41
163	29.08.2017 09:07:00,000	3,87	1,17
164	29.08.2017 09:07:10,000	3,87	1,41
165	29.08.2017 09:07:20,000	3,87	1,17
166	29.08.2017 09:07:30,000	3,87	1,17
167	29.08.2017 09:07:40,000	3,87	1,41
168	29.08.2017 09:07:50,000	3,87	1,17
169	29.08.2017 09:08:00,000	3,87	1,17
170	29.08.2017 09:08:10,000	3,87	1,17
171	29.08.2017 09:08:20,000	3,87	1,41
172	29.08.2017 09:08:30,000	3,87	1,17
173	29.08.2017 09:08:40,000	3,87	1,17
174	29.08.2017 09:08:50,000	3,87	1,41
175	29.08.2017 09:09:00,000	3,87	1,88
176	29.08.2017 09:09:10,000	3,87	1,41
177	29.08.2017 09:09:20,000	3,87	1,64
178	29.08.2017 09:09:30,000	3,87	1,64
179	29.08.2017 09:09:40,000	3,87	1,64
180	29.08.2017 09:09:50,000	3,87	1,64
181	29.08.2017 09:10:00,000	3,87	1,41
182	29.08.2017 09:10:10,000	3,91	1,64
183	29.08.2017 09:10:20,000	3,91	1,88
184	29.08.2017 09:10:30,000	3,91	1,64
185	29.08.2017 09:10:40,000	3,95	1,64
186	29.08.2017 09:10:50,000	3,95	1,64
187	29.08.2017 09:11:00,000	3,98	1,64
188	29.08.2017 09:11:10,000	4,02	1,64
189	29.08.2017 09:11:20,000	4,06	1,64
190	29.08.2017 09:11:30,000	4,90	0,93
191	29.08.2017 09:11:40,000	5,59	1,17
192	29.08.2017 09:11:50,000	6,33	0,93
193	29.08.2017 09:12:00,000	7,03	1,17
194	29.08.2017 09:12:10,000	7,55	0,93
195	29.08.2017 09:12:20,000	7,99	1,17
196	29.08.2017 09:12:30,000	8,33	1,41
197	29.08.2017 09:12:40,000	8,63	1,41
198	29.08.2017 09:12:50,000	8,90	1,64
